FILE	
m2c66r2.htb 0.448 0.417 0.372 0.360 0.391 0.366 0.367 0.384 0.559 0.455 0.441 0.546 0.866 0.992 0.955 0.919 22.028 32.335 300.000 32.509 17.181 21.901 21.313 27.592 69.781 42.661 124.995 52.136 7.266 1.514 1.204 0.691 
m2c67r2.htb 0.494 0.416 0.451 0.403 0.332 0.346 0.374 0.438 0.431 0.459 0.483 0.509 0.796 0.978 0.967 0.912 38.456 32.784 32.574 33.612 300.000 300.000 90.559 40.709 70.617 83.505 112.904 300.000 4.261 1.318 1.184 0.742 
m2c70r2.htb 0.579 0.450 0.536 0.569 0.396 0.411 0.466 0.416 0.350 0.434 0.438 0.468 0.799 1.000 0.973 0.783 300.000 40.134 59.908 39.858 27.282 23.729 16.865 300.000 33.626 48.467 300.000 45.737 1.352 1.234 1.279 0.495 
m2c71r2.htb 0.596 0.504 0.392 0.364 0.358 0.354 0.497 0.576 0.513 0.521 0.518 0.553 0.826 1.000 0.977 0.916 95.619 61.264 43.893 80.710 221.231 25.003 109.883 300.000 47.928 38.782 55.045 86.073 6.705 0.997 1.036 0.547 
m2c72r2.htb 0.435 0.436 0.488 0.469 0.401 0.408 0.434 0.471 0.451 0.525 0.561 0.597 0.878 0.996 0.950 0.872 34.135 18.054 300.000 50.720 20.405 14.605 19.255 23.941 34.103 48.220 43.328 300.000 1.666 1.773 0.972 0.301 
m2c77r2.htb 0.436 0.480 0.448 0.462 0.396 0.418 0.433 0.404 0.526 0.536 0.579 0.552 0.821 0.988 0.985 0.960 51.235 66.968 54.012 65.308 117.811 55.749 31.415 127.588 41.868 125.240 74.665 88.487 6.225 1.449 1.383 0.699 
m2c78r2.htb 0.434 0.492 0.448 0.320 0.425 0.419 0.407 0.447 0.514 0.551 0.567 0.560 0.900 1.000 0.982 0.950 57.737 300.000 49.124 40.196 15.707 53.928 300.000 35.169 38.526 300.000 52.039 30.476 1.890 1.078 1.184 0.640 
m2c79r2.htb 0.613 0.531 0.515 0.515 0.460 0.390 0.454 0.489 0.464 0.472 0.453 0.543 0.811 0.991 0.994 0.962 73.115 52.270 300.000 67.377 155.258 42.243 50.138 77.613 102.722 32.384 27.805 40.870 5.564 1.588 1.338 0.744 
m2c81r2.htb 0.390 0.362 0.364 0.346 0.311 0.332 0.318 0.369 0.349 0.457 0.530 0.527 0.798 0.996 0.992 0.959 34.183 52.778 300.000 300.000 157.614 300.000 15.623 48.360 28.830 227.481 35.887 44.850 6.644 1.645 1.552 0.764 
m2c82r2.htb 0.392 0.462 0.451 0.417 0.326 0.318 0.300 0.379 0.410 0.422 0.445 0.478 0.910 1.000 0.993 0.948 25.537 20.834 35.339 74.070 300.000 111.069 45.116 166.225 56.094 31.986 300.000 130.007 2.218 1.880 1.380 0.434 
m2c84r2.htb 0.535 0.471 0.388 0.392 0.373 0.384 0.457 0.465 0.499 0.499 0.474 0.477 0.808 0.946 0.978 0.890 17.464 14.959 18.836 43.175 19.000 18.661 13.698 25.301 300.000 300.000 37.964 230.917 4.363 1.349 1.064 0.471 
m2c86r2.htb 0.517 0.532 0.481 0.464 0.411 0.406 0.423 0.489 0.478 0.396 0.429 0.421 0.874 0.998 0.974 0.981 32.608 40.483 32.106 32.326 16.659 300.000 75.695 113.672 92.295 24.498 30.031 47.238 4.350 1.136 0.939 0.459 
m2c91r2.htb 0.363 0.411 0.452 0.588 0.404 0.396 0.436 0.401 0.426 0.422 0.474 0.503 0.857 1.000 1.000 0.997 300.000 300.000 92.560 47.648 57.884 59.170 23.942 65.283 34.573 300.000 57.224 100.842 4.325 1.372 1.849 0.445 
m2c93r2.htb 0.471 0.426 0.476 0.413 0.371 0.366 0.355 0.389 0.449 0.484 0.530 0.527 0.812 0.996 0.976 0.968 198.993 30.702 43.510 300.000 93.367 141.224 33.108 64.986 54.517 60.575 53.056 46.626 3.652 1.881 1.861 0.588 
m2c94r2.htb 0.482 0.449 0.434 0.388 0.379 0.353 0.402 0.436 0.485 0.424 0.455 0.432 0.841 0.999 0.978 0.970 45.198 300.000 300.000 26.865 29.791 300.000 34.957 28.369 46.675 29.660 19.015 30.813 1.685 1.679 1.337 0.528 
m2c97r2.htb 0.434 0.357 0.387 0.388 0.383 0.404 0.426 0.454 0.459 0.445 0.446 0.471 0.756 0.987 0.938 0.889 249.899 300.000 300.000 51.238 52.703 41.056 185.065 300.000 110.443 24.311 28.148 103.712 7.905 1.562 1.319 0.703 
m2c98r2.htb 0.499 0.421 0.416 0.394 0.358 0.301 0.358 0.313 0.335 0.365 0.395 0.420 0.907 1.000 0.978 0.960 65.203 300.000 42.905 16.126 21.971 31.377 15.864 84.898 50.893 38.832 27.911 300.000 3.473 1.365 1.029 0.766 
m2c99r2.htb 0.474 0.466 0.491 0.450 0.412 0.423 0.448 0.459 0.469 0.462 0.494 0.479 0.795 0.983 0.979 0.910 38.776 300.000 33.606 30.723 31.182 43.165 35.089 19.877 24.410 43.195 71.810 163.535 1.731 1.132 1.027 0.388 
m2c100r2.htb 0.511 0.414 0.414 0.415 0.441 0.446 0.455 0.472 0.468 0.482 0.500 0.579 0.810 0.989 0.988 0.963 117.657 27.551 26.830 44.480 28.567 36.664 24.933 120.256 54.519 27.146 27.432 300.000 1.778 1.376 1.712 0.644 
m2c101r2.htb 0.493 0.479 0.432 0.351 0.316 0.382 0.430 0.503 0.495 0.460 0.500 0.498 0.832 0.998 0.998 0.969 300.000 27.277 14.678 26.393 33.737 300.000 98.213 30.608 58.456 300.000 242.192 33.264 2.370 1.538 1.387 0.671 
m2c103r2.htb 0.483 0.443 0.478 0.430 0.461 0.526 0.521 0.536 0.479 0.456 0.483 0.535 0.899 0.999 0.992 0.942 15.345 37.945 20.460 35.656 40.867 92.295 173.410 221.043 300.000 37.473 33.655 37.168 3.868 1.723 1.383 0.497 
m2c109r2.htb 0.460 0.535 0.528 0.410 0.345 0.376 0.421 0.365 0.478 0.419 0.471 0.465 0.773 0.989 0.999 0.989 66.219 32.250 29.244 26.256 61.188 24.328 53.979 224.812 54.116 78.296 166.900 177.992 6.120 1.067 1.067 0.669 
m2c110r2.htb 0.466 0.405 0.411 0.413 0.467 0.455 0.447 0.493 0.466 0.507 0.493 0.541 0.855 0.984 0.985 0.944 33.526 56.623 29.294 23.175 29.378 300.000 77.843 76.416 293.877 111.582 43.848 66.517 1.938 1.342 1.359 0.521 
m2c116r2.htb 0.481 0.538 0.539 0.476 0.408 0.423 0.508 0.429 0.469 0.471 0.462 0.482 0.826 1.000 1.000 0.976 37.566 300.000 60.134 71.810 82.695 300.000 59.257 60.580 57.825 78.173 65.565 71.424 1.667 1.400 0.759 0.277 
m2c119r2.htb 0.529 0.479 0.498 0.437 0.350 0.436 0.426 0.447 0.463 0.470 0.486 0.553 0.750 0.953 0.990 0.935 18.095 23.773 24.916 37.800 18.658 47.420 201.932 68.975 47.448 44.362 44.279 28.528 4.887 1.414 1.394 0.686 
m2c121r2.htb 0.443 0.443 0.445 0.448 0.397 0.381 0.374 0.400 0.458 0.424 0.481 0.488 0.727 0.969 0.967 0.920 78.647 39.653 29.658 42.040 49.768 40.496 44.195 38.564 27.777 50.539 22.751 300.000 6.621 1.209 0.979 0.577 
m2c125r2.htb 0.557 0.553 0.593 0.425 0.398 0.391 0.421 0.447 0.433 0.413 0.389 0.469 0.753 0.974 1.000 0.982 78.296 300.000 300.000 13.892 33.288 300.000 300.000 49.581 30.042 23.535 53.037 27.814 5.596 2.447 1.855 0.982 
m2c126r2.htb 0.576 0.515 0.428 0.445 0.415 0.353 0.369 0.413 0.416 0.476 0.424 0.501 0.912 0.988 0.982 0.984 129.415 18.117 22.369 17.281 31.209 40.145 44.112 120.510 167.074 73.094 300.000 300.000 1.418 1.394 1.123 0.671 
m2c127r2.htb 0.601 0.595 0.476 0.326 0.433 0.417 0.482 0.448 0.590 0.510 0.334 0.373 0.652 0.975 1.000 0.958 48.231 10.710 17.416 14.381 12.168 12.056 16.841 24.779 14.751 15.322 45.150 48.762 6.644 0.971 0.971 0.614 
m2c128r2.htb 0.511 0.509 0.415 0.362 0.400 0.448 0.402 0.420 0.477 0.516 0.546 0.560 0.914 1.000 0.934 0.950 25.998 300.000 26.793 22.275 21.250 16.327 16.532 62.411 30.891 81.377 300.000 63.217 1.527 1.243 1.039 0.369 
m2c129r2.htb 0.481 0.399 0.407 0.382 0.368 0.346 0.353 0.373 0.373 0.388 0.456 0.515 0.824 0.986 0.985 0.951 49.806 19.726 18.468 11.071 17.236 41.762 97.476 130.007 60.580 57.998 40.140 18.637 1.686 1.127 1.055 0.395 
m2c130r2.htb 0.536 0.468 0.435 0.460 0.428 0.371 0.435 0.409 0.456 0.471 0.503 0.530 0.901 0.989 0.921 0.883 24.420 13.018 10.630 8.389 12.557 19.270 111.676 34.517 69.558 80.830 300.000 25.962 1.214 0.997 0.849 0.319 
m2c131r2.htb 0.391 0.404 0.421 0.459 0.483 0.463 0.410 0.441 0.519 0.545 0.597 0.661 0.816 0.984 0.962 0.905 67.721 14.500 14.084 12.060 14.952 21.910 33.895 48.101 70.095 43.399 30.724 61.529 1.398 1.041 0.830 0.654 
m2c134r2.htb 0.452 0.489 0.453 0.441 0.455 0.444 0.469 0.450 0.504 0.559 0.626 0.621 0.882 0.999 0.999 0.951 27.136 27.136 19.128 15.850 37.588 35.963 130.007 300.000 169.445 31.565 135.565 55.296 4.814 1.203 1.203 0.764 
m2c135r2.htb 0.543 0.459 0.381 0.432 0.500 0.509 0.560 0.523 0.476 0.567 0.510 0.582 0.813 0.986 1.000 0.969 43.974 24.271 17.330 14.906 17.419 17.197 24.939 42.090 37.229 29.470 300.000 27.570 1.269 1.200 1.058 0.330 
m2c137r2.htb 0.464 0.429 0.554 0.622 0.540 0.436 0.411 0.415 0.390 0.460 0.447 0.461 0.762 1.000 0.840 0.619 22.954 30.991 17.527 10.441 11.229 14.729 16.435 31.658 34.195 63.394 97.366 66.574 1.354 1.182 1.020 0.308 
m2c138r2.htb 0.552 0.495 0.475 0.418 0.365 0.489 0.412 0.440 0.484 0.494 0.521 0.575 0.886 0.999 0.995 0.957 17.191 14.305 16.225 150.887 26.040 97.239 300.000 300.000 298.769 36.632 300.000 39.300 2.390 1.616 1.314 0.631 
m2c139r2.htb 0.446 0.411 0.474 0.476 0.463 0.396 0.411 0.523 0.489 0.549 0.544 0.603 0.827 1.000 1.000 0.993 28.068 24.954 34.826 16.512 13.788 25.749 42.809 115.383 107.928 37.747 279.665 62.354 3.571 0.931 1.152 0.342 
m2c140r2.htb 0.536 0.493 0.450 0.433 0.495 0.394 0.394 0.392 0.359 0.437 0.444 0.488 0.876 1.000 1.000 0.985 93.023 15.049 16.229 12.933 22.368 31.146 24.566 47.232 50.130 51.078 300.000 27.327 4.500 1.664 0.928 0.389 
m2c141r2.htb 0.511 0.517 0.439 0.400 0.371 0.340 0.396 0.385 0.495 0.577 0.585 0.631 0.874 1.000 0.989 0.946 48.720 14.053 15.482 23.833 14.306 15.596 19.085 21.603 32.784 23.398 23.099 122.575 1.295 1.065 0.866 0.645 
m2c143r2.htb 0.364 0.444 0.500 0.533 0.353 0.438 0.381 0.449 0.496 0.504 0.516 0.516 0.948 1.000 0.999 0.984 34.000 23.537 21.952 17.286 52.429 29.997 55.156 297.611 40.955 88.487 115.750 36.569 1.442 1.352 1.049 0.384 
m2c144r2.htb 0.586 0.544 0.537 0.418 0.394 0.399 0.427 0.326 0.444 0.444 0.413 0.516 0.953 1.000 0.984 0.971 37.596 9.026 10.953 10.591 20.887 21.799 15.240 300.000 28.871 36.641 71.810 17.846 1.624 0.922 0.617 0.504 
m2c145r2.htb 0.338 0.449 0.529 0.470 0.378 0.342 0.394 0.365 0.449 0.480 0.459 0.442 0.982 1.000 0.983 0.987 143.848 11.070 15.836 23.955 16.905 12.938 18.239 36.903 58.357 130.466 111.069 27.253 1.359 0.791 0.470 0.308 
m2c148r2.htb 0.485 0.352 0.351 0.391 0.371 0.369 0.483 0.509 0.485 0.432 0.438 0.475 0.834 1.000 1.000 0.990 48.033 13.129 18.548 11.581 14.940 29.039 67.962 76.886 57.001 300.000 300.000 95.235 7.511 1.074 0.945 0.418 
m2c149r2.htb 0.465 0.437 0.446 0.481 0.425 0.398 0.439 0.431 0.434 0.464 0.436 0.485 0.834 1.000 0.955 0.892 50.170 25.911 12.386 16.797 13.509 117.657 31.694 147.962 100.867 211.349 300.000 167.692 4.833 1.129 0.963 0.353 
m2c150r2.htb 0.584 0.536 0.387 0.403 0.373 0.343 0.440 0.426 0.428 0.467 0.532 0.532 0.937 1.000 0.996 0.989 14.006 14.291 300.000 230.917 20.988 53.215 53.183 38.547 28.746 32.849 119.208 83.505 3.402 1.127 1.014 0.395 
m2c151r2.htb 0.585 0.412 0.434 0.462 0.469 0.473 0.353 0.444 0.361 0.344 0.361 0.322 0.904 1.000 1.000 0.993 54.938 24.032 142.326 33.077 18.909 88.347 30.291 106.073 83.505 35.416 95.619 20.705 5.105 0.972 0.805 0.461 
m2c152r2.htb 0.488 0.443 0.494 0.520 0.492 0.440 0.469 0.459 0.439 0.492 0.494 0.505 0.797 0.949 0.983 0.961 46.520 17.181 16.581 7.456 10.473 17.880 300.000 47.911 76.324 112.904 54.081 35.065 6.860 1.379 1.129 0.701 
m2c155r2.htb 0.593 0.429 0.422 0.490 0.478 0.497 0.431 0.500 0.496 0.542 0.451 0.537 0.730 1.000 1.000 0.905 84.997 17.278 10.932 8.449 8.725 18.203 17.203 24.540 14.982 19.540 48.573 52.043 8.015 1.823 1.637 0.640 
m2c157r2.htb 0.442 0.437 0.514 0.396 0.288 0.328 0.435 0.457 0.420 0.404 0.430 0.470 0.853 0.999 0.975 0.933 107.032 16.564 9.643 19.004 25.678 300.000 37.778 20.105 24.733 142.061 28.180 60.715 1.402 0.958 0.844 0.395 
m2c158r2.htb 0.510 0.489 0.479 0.499 0.469 0.458 0.418 0.386 0.439 0.409 0.389 0.443 0.887 1.000 0.990 0.948 254.685 22.991 15.935 24.983 30.478 32.614 46.873 118.236 29.602 47.324 56.408 300.000 1.476 1.239 0.958 0.470 
m2c159r2.htb 0.474 0.483 0.423 0.470 0.418 0.499 0.490 0.429 0.414 0.458 0.496 0.540 0.857 0.996 0.966 0.967 42.598 14.460 13.787 13.823 13.556 41.806 35.762 29.656 297.611 45.198 63.914 21.437 0.975 1.131 0.939 0.303 
m2c160r2.htb 0.637 0.533 0.611 0.624 0.598 0.547 0.542 0.398 0.353 0.367 0.289 0.362 0.882 1.000 0.983 0.877 61.004 40.209 27.306 20.370 17.641 26.788 300.000 23.447 19.172 18.901 20.864 118.290 1.193 0.844 0.791 0.308 
m2c161r2.htb 0.465 0.457 0.472 0.456 0.366 0.376 0.374 0.446 0.393 0.439 0.445 0.454 0.838 0.995 0.964 0.943 75.695 18.907 24.691 21.843 26.174 38.698 78.296 25.181 30.092 31.195 300.000 131.178 5.083 1.605 1.235 0.668 
m2c162r2.htb 0.456 0.452 0.414 0.395 0.431 0.382 0.350 0.386 0.413 0.446 0.495 0.543 0.809 0.980 0.977 0.952 47.046 12.624 12.551 15.607 17.095 30.705 34.831 211.317 128.325 300.000 21.752 17.345 1.719 1.437 1.279 0.764 
m2c163r2.htb 0.448 0.463 0.475 0.449 0.423 0.386 0.372 0.371 0.426 0.489 0.480 0.512 0.888 0.988 0.949 0.934 300.000 19.977 14.584 28.958 19.581 28.577 31.016 25.711 36.744 88.902 163.621 39.146 1.389 1.171 0.947 0.619 
m2c168r3.htb 0.520 0.492 0.470 0.455 0.453 0.382 0.366 0.361 0.436 0.456 0.486 0.438 0.852 0.997 0.953 0.923 199.453 24.853 17.125 13.619 18.790 300.000 246.904 37.281 38.620 18.132 17.960 7.964 2.614 1.126 1.126 0.623 
m2c170r2.htb 0.471 0.462 0.443 0.392 0.285 0.368 0.319 0.327 0.453 0.507 0.517 0.504 0.829 1.000 0.971 0.920 31.144 8.794 9.646 10.713 14.146 205.152 26.700 33.427 30.096 15.508 21.686 8.891 1.891 0.898 0.604 0.395 
m2c172r2.htb 0.388 0.366 0.432 0.391 0.357 0.392 0.365 0.467 0.512 0.576 0.674 0.697 0.926 0.999 0.977 0.970 36.055 35.349 9.330 10.238 11.865 16.446 27.642 53.897 24.829 300.000 126.016 23.962 0.957 0.764 0.677 0.406 
m2c174r2.htb 0.497 0.402 0.428 0.417 0.397 0.407 0.461 0.456 0.465 0.550 0.503 0.607 0.892 1.000 0.987 0.984 25.837 5.672 5.547 8.762 11.477 16.200 24.250 165.634 59.989 32.672 31.438 16.175 1.570 1.085 1.177 0.364 
m2c175r2.htb 0.557 0.497 0.509 0.524 0.425 0.382 0.367 0.434 0.426 0.484 0.434 0.530 0.932 1.000 0.995 0.983 60.566 15.698 9.048 8.756 13.556 23.308 28.979 84.940 300.000 37.832 25.106 28.684 1.130 0.949 0.906 0.367 
m2c176r2.htb 0.430 0.333 0.309 0.430 0.344 0.392 0.301 0.367 0.429 0.442 0.539 0.545 0.912 1.000 0.972 0.970 28.119 11.235 9.001 9.177 8.336 15.459 300.000 120.838 49.846 27.817 19.100 22.509 1.295 1.005 0.707 0.301 
m2c177r2.htb 0.518 0.477 0.427 0.420 0.416 0.402 0.388 0.527 0.518 0.602 0.578 0.605 0.844 0.998 0.996 0.962 300.000 18.627 12.206 10.078 12.444 18.657 84.448 300.000 300.000 26.148 22.529 12.279 4.595 1.257 1.257 0.699 
m2c178r2.htb 0.467 0.479 0.427 0.409 0.393 0.425 0.433 0.428 0.428 0.513 0.484 0.524 0.903 1.000 0.971 0.883 38.387 9.397 8.313 10.183 12.558 20.161 27.496 271.403 235.977 44.879 36.321 12.746 0.950 0.982 0.944 0.338 
m2c179r2.htb 0.497 0.464 0.455 0.541 0.504 0.446 0.514 0.527 0.648 0.660 0.681 0.754 0.938 1.000 0.965 0.959 56.704 14.234 12.482 14.483 16.433 29.433 41.779 300.000 300.000 64.222 21.796 27.428 0.777 0.874 0.842 0.328 
m2c180r2.htb 0.453 0.425 0.365 0.380 0.353 0.415 0.403 0.462 0.466 0.566 0.548 0.619 0.858 0.981 0.973 0.981 78.173 13.219 13.549 12.246 10.789 11.706 18.515 30.744 35.084 59.434 146.880 15.610 2.956 1.491 0.987 0.387 
m2c181r2.htb 0.480 0.390 0.371 0.396 0.416 0.432 0.495 0.524 0.530 0.546 0.568 0.604 0.918 0.994 0.939 0.926 94.026 15.503 12.159 14.012 14.574 21.611 22.237 58.529 43.404 300.000 300.000 24.373 0.959 0.875 0.818 0.403 
m2c182r2.htb 0.504 0.470 0.455 0.460 0.448 0.444 0.455 0.477 0.524 0.542 0.564 0.596 0.879 0.991 0.990 0.955 300.000 17.420 15.982 15.579 25.509 58.077 52.562 84.997 84.997 113.672 71.810 28.916 1.421 0.938 0.775 0.380 
m2c183r2.htb 0.471 0.451 0.515 0.512 0.416 0.430 0.429 0.404 0.383 0.459 0.460 0.461 0.943 1.000 0.947 0.976 49.709 95.474 14.164 11.167 13.084 14.229 30.649 52.285 34.557 41.876 300.000 42.152 1.490 0.895 0.658 0.395 
m2c184r2.htb 0.411 0.389 0.450 0.457 0.425 0.415 0.387 0.442 0.462 0.504 0.503 0.537 0.877 0.980 0.948 0.945 38.711 9.581 10.905 13.605 21.815 32.378 24.301 56.342 94.490 26.901 15.452 14.991 4.048 1.303 0.975 0.557 
m2c185r2.htb 0.456 0.437 0.454 0.476 0.427 0.518 0.487 0.512 0.526 0.537 0.553 0.605 0.871 0.981 0.963 0.964 29.234 15.198 13.584 13.149 13.061 17.781 24.780 245.497 78.296 47.699 34.401 26.142 3.528 1.398 1.185 0.361 
m2c186r2.htb 0.493 0.456 0.451 0.449 0.442 0.420 0.411 0.430 0.479 0.483 0.485 0.512 0.916 1.000 0.996 0.985 300.000 40.180 28.528 23.786 20.389 20.987 23.435 21.900 29.065 59.766 178.901 103.093 1.800 1.699 1.201 0.395 
m2c187r2.htb 0.475 0.483 0.445 0.446 0.416 0.384 0.403 0.431 0.478 0.502 0.505 0.526 0.638 0.976 0.948 0.902 26.110 15.454 21.909 11.528 11.291 9.191 17.547 15.627 14.040 20.519 33.948 135.289 5.643 1.023 0.849 0.428 
m2c189r2.htb 0.633 0.514 0.469 0.412 0.442 0.382 0.398 0.475 0.503 0.545 0.580 0.568 0.894 1.000 0.980 0.904 42.478 10.308 14.331 13.851 15.087 20.919 47.519 96.843 118.290 41.253 34.485 16.104 0.644 0.792 0.758 0.384 
m2c190r2.htb 0.469 0.495 0.499 0.497 0.540 0.527 0.496 0.472 0.449 0.461 0.495 0.528 0.895 0.991 0.953 0.912 15.797 31.157 20.884 15.076 18.728 13.944 33.784 31.430 35.685 223.276 33.874 17.427 1.531 1.107 0.953 0.315 
m2c191r2.htb 0.435 0.508 0.497 0.453 0.439 0.484 0.479 0.479 0.518 0.571 0.565 0.576 0.843 0.996 0.999 0.992 249.537 21.332 11.899 8.149 10.936 14.667 25.126 24.753 137.686 53.031 36.205 32.009 1.475 1.313 1.194 0.434 
m2c193r2.htb 0.493 0.485 0.475 0.466 0.404 0.382 0.405 0.394 0.415 0.467 0.474 0.521 0.899 0.999 0.962 0.970 89.954 17.841 16.543 17.791 15.686 15.008 38.243 284.496 300.000 300.000 54.999 25.512 1.515 1.309 1.034 0.517 
m2c195r2.htb 0.511 0.456 0.415 0.441 0.417 0.391 0.514 0.527 0.544 0.576 0.593 0.609 0.848 0.999 1.000 0.942 48.043 15.161 9.418 7.915 10.682 12.005 11.590 40.613 265.572 300.000 51.702 26.074 1.436 1.094 0.797 0.338 
m2c196r3.htb 0.418 0.343 0.348 0.386 0.318 0.331 0.337 0.403 0.493 0.437 0.442 0.499 0.832 0.991 0.948 0.878 26.786 8.633 9.671 12.551 18.832 37.908 147.962 71.756 80.274 300.000 88.674 15.486 2.043 1.044 0.964 0.491 
m2c197r2.htb 0.511 0.406 0.467 0.427 0.421 0.409 0.457 0.468 0.507 0.518 0.530 0.584 0.844 0.985 0.958 0.929 300.000 16.858 11.735 12.085 21.092 31.476 21.741 53.463 88.487 63.906 43.658 26.583 1.453 1.036 0.912 0.347 
m2c198r2.htb 0.429 0.486 0.582 0.529 0.421 0.363 0.450 0.436 0.478 0.516 0.537 0.548 0.943 0.983 0.909 0.949 300.000 55.930 23.417 300.000 35.029 26.811 11.020 23.448 92.384 183.735 115.672 44.323 1.362 0.851 0.628 0.305 
m2c199r2.htb 0.434 0.406 0.360 0.394 0.351 0.458 0.403 0.419 0.455 0.495 0.479 0.541 0.855 0.987 0.993 0.981 188.109 19.024 17.536 35.868 18.902 18.355 24.957 42.090 25.876 32.024 76.324 284.496 1.330 1.167 1.058 0.338 
m2c200r2.htb 0.483 0.422 0.374 0.370 0.305 0.339 0.300 0.335 0.316 0.357 0.381 0.450 0.937 1.000 1.000 0.943 50.365 37.360 23.670 37.360 21.689 42.527 41.371 242.849 33.702 37.482 62.444 70.418 1.446 1.128 0.944 0.338 
m2c202r2.htb 0.483 0.492 0.494 0.488 0.431 0.410 0.376 0.365 0.366 0.354 0.409 0.445 0.867 1.000 0.948 0.919 58.851 20.710 14.016 13.048 13.473 13.045 14.221 21.923 17.505 36.837 82.695 87.805 1.146 0.715 0.775 0.261 
m2c214r2.htb 0.490 0.420 0.475 0.410 0.354 0.339 0.308 0.329 0.338 0.362 0.393 0.469 0.840 0.995 1.000 0.974 32.580 26.361 35.626 33.805 34.683 49.697 54.151 287.793 50.486 300.000 198.883 26.288 3.462 1.127 0.773 0.651 
m2c220r2.htb 0.420 0.402 0.443 0.445 0.372 0.401 0.377 0.380 0.402 0.444 0.409 0.445 0.851 1.000 0.964 0.927 16.457 10.841 12.494 8.281 14.839 27.899 50.942 42.323 52.281 23.233 26.134 14.022 1.887 1.131 0.909 0.295 
m2c221r2.htb 0.519 0.433 0.406 0.412 0.409 0.458 0.457 0.488 0.500 0.500 0.515 0.546 0.753 0.990 0.977 0.951 36.746 16.643 19.734 20.080 19.808 83.505 45.717 54.880 47.660 19.413 22.501 17.698 3.428 1.469 1.025 0.756 
m2c223r2.htb 0.506 0.541 0.540 0.538 0.468 0.453 0.458 0.485 0.467 0.482 0.442 0.456 0.918 0.994 0.991 0.965 38.302 22.846 27.124 22.598 46.729 34.260 28.657 29.770 31.898 25.622 27.122 41.114 1.342 1.246 1.167 0.592 
m2c226r2.htb 0.475 0.430 0.410 0.391 0.404 0.354 0.384 0.422 0.450 0.481 0.502 0.554 0.948 1.000 0.963 0.900 44.107 28.821 30.960 43.900 29.170 18.700 22.192 24.811 27.726 48.861 51.768 17.023 1.336 1.297 0.778 0.722 
m2c231r2.htb 0.577 0.563 0.472 0.450 0.419 0.400 0.392 0.428 0.508 0.457 0.480 0.570 0.988 1.000 0.896 0.869 51.917 88.347 46.507 69.016 130.007 300.000 100.808 300.000 32.760 147.962 111.154 10.254 1.105 1.068 0.689 0.326 
m2c233r2.htb 0.414 0.382 0.339 0.358 0.380 0.438 0.455 0.438 0.497 0.509 0.559 0.621 0.994 0.989 0.902 0.924 27.705 19.059 18.477 13.107 16.426 20.778 32.257 49.840 49.349 300.000 53.630 10.517 0.925 0.965 0.519 0.412 
m2c236r2.htb 0.569 0.537 0.583 0.546 0.532 0.489 0.423 0.404 0.357 0.368 0.363 0.480 0.943 1.000 0.846 0.720 300.000 52.650 29.989 46.789 30.305 71.328 300.000 27.431 20.003 23.331 20.396 24.052 1.106 1.102 0.361 0.482 
m2c237r2.htb 0.441 0.446 0.401 0.434 0.387 0.461 0.505 0.451 0.471 0.501 0.525 0.658 0.954 0.999 0.981 0.973 76.324 46.485 19.767 22.477 27.877 25.613 23.851 30.169 20.225 23.835 33.105 24.912 1.267 1.244 0.853 0.516 
m2c240r2.htb 0.431 0.426 0.394 0.377 0.356 0.347 0.355 0.415 0.408 0.441 0.498 0.524 0.803 0.994 0.991 0.919 49.383 54.171 18.539 21.907 52.721 38.807 17.741 22.756 24.180 47.274 175.780 29.322 4.223 1.225 1.225 0.400 
m2c241r2.htb 0.492 0.426 0.392 0.439 0.349 0.353 0.379 0.402 0.442 0.469 0.427 0.569 0.978 0.977 0.868 0.840 135.237 96.843 35.812 39.471 71.810 18.966 17.340 18.743 35.455 182.216 52.087 17.385 1.185 1.131 0.741 0.460 
m2c242r2.htb 0.550 0.605 0.578 0.492 0.402 0.481 0.495 0.486 0.556 0.562 0.548 0.545 0.977 1.000 0.924 0.883 300.000 31.497 29.332 18.563 16.334 14.022 21.322 30.122 25.197 71.612 112.904 17.889 0.980 0.888 0.843 0.290 
m2c244r2.htb 0.589 0.554 0.588 0.478 0.472 0.456 0.487 0.422 0.472 0.483 0.497 0.592 0.972 1.000 0.953 0.979 96.843 23.265 26.669 300.000 19.490 18.773 19.247 118.236 88.487 68.065 300.000 25.260 1.232 1.940 1.325 0.412 
m2c247r2.htb 0.458 0.467 0.466 0.540 0.526 0.508 0.600 0.521 0.480 0.481 0.492 0.520 0.983 1.000 0.921 0.859 24.522 24.522 17.247 74.513 33.367 50.645 68.121 66.145 38.294 32.903 16.840 7.546 1.577 1.445 0.783 0.654 
m2c252r2.htb 0.390 0.390 0.397 0.447 0.413 0.388 0.418 0.468 0.487 0.504 0.522 0.551 0.954 0.995 0.880 0.814 43.072 300.000 23.666 20.962 29.288 27.377 49.365 45.904 29.618 300.000 300.000 13.636 1.356 1.513 1.077 0.588 
m2c254r2.htb 0.473 0.475 0.495 0.473 0.489 0.480 0.443 0.472 0.492 0.517 0.526 0.532 0.869 0.991 0.921 0.830 263.831 140.880 300.000 41.991 24.414 28.103 147.954 92.295 84.997 115.750 27.164 16.838 1.301 0.992 0.747 0.535 
m2c258r2.htb 0.473 0.422 0.372 0.388 0.410 0.358 0.381 0.406 0.445 0.480 0.506 0.448 0.833 1.000 0.961 0.948 60.410 300.000 24.845 21.190 16.943 21.407 35.516 83.505 59.621 54.680 52.645 12.514 1.278 0.997 0.814 0.355 
m2c260r2.htb 0.512 0.528 0.463 0.441 0.388 0.367 0.356 0.384 0.406 0.429 0.439 0.525 0.956 1.000 0.985 0.912 88.798 44.687 26.232 38.641 20.363 50.199 86.765 220.897 66.426 67.343 42.768 42.135 1.448 1.134 0.748 0.461 
m2c262r2.htb 0.467 0.463 0.423 0.421 0.450 0.471 0.428 0.402 0.448 0.472 0.461 0.608 0.946 1.000 0.927 0.879 297.611 84.586 44.979 68.988 30.205 75.695 193.398 135.667 29.471 28.372 32.581 9.973 1.147 1.303 0.646 0.569 
m2c364r2.htb 0.505 0.478 0.424 0.418 0.364 0.356 0.379 0.360 0.400 0.425 0.456 0.622 0.997 0.995 0.958 0.930 46.077 84.898 18.765 44.085 28.063 65.041 106.646 50.254 50.254 23.487 27.803 13.258 1.045 1.045 0.567 0.370 
m2c365r2.htb 0.457 0.536 0.474 0.459 0.365 0.304 0.277 0.264 0.323 0.311 0.322 0.516 0.996 1.000 0.929 0.942 16.192 18.710 25.508 50.125 18.013 16.153 23.018 25.683 28.930 59.830 224.125 68.115 1.133 1.242 0.780 0.503 
m2c368r2.htb 0.451 0.489 0.448 0.362 0.348 0.290 0.322 0.310 0.407 0.431 0.502 0.622 0.993 0.990 0.913 0.879 26.264 62.491 34.080 20.833 10.794 14.692 22.443 25.727 23.870 64.286 30.948 10.595 1.537 1.430 0.530 0.534 
m2c369r2.htb 0.404 0.401 0.424 0.441 0.352 0.325 0.306 0.349 0.359 0.378 0.452 0.615 0.998 0.969 0.767 0.712 55.590 300.000 20.188 18.478 24.332 19.775 20.123 20.403 71.810 300.000 82.695 8.692 1.427 1.127 0.353 0.273 
m2c370r2.htb 0.448 0.440 0.490 0.561 0.237 0.218 0.260 0.306 0.358 0.443 0.471 0.703 1.000 0.949 0.606 0.431 148.543 300.000 18.258 14.036 9.684 10.309 16.460 15.205 13.196 23.708 38.486 7.155 1.952 1.807 0.308 0.201 
m2c372r2.htb 0.466 0.452 0.436 0.429 0.410 0.368 0.341 0.348 0.332 0.366 0.402 0.537 0.948 0.995 0.959 0.848 300.000 69.348 28.222 56.314 17.324 23.947 65.130 186.075 300.000 43.523 17.629 5.526 1.565 1.475 0.668 0.544 
m2c374r2.htb 0.483 0.502 0.452 0.403 0.395 0.395 0.414 0.392 0.393 0.441 0.418 0.591 0.990 1.000 0.794 0.539 34.813 25.111 44.144 23.538 28.115 65.331 300.000 39.892 43.657 300.000 41.215 7.837 1.542 1.614 1.184 3.708 
m2c376r2.htb 0.496 0.523 0.546 0.590 0.538 0.451 0.393 0.329 0.345 0.374 0.376 0.522 0.999 1.000 0.887 0.822 41.299 191.906 21.115 12.196 11.535 13.175 46.819 157.614 26.386 46.228 135.289 9.001 1.320 1.497 0.763 0.603 
m2c378r2.htb 0.514 0.555 0.500 0.478 0.402 0.346 0.337 0.315 0.367 0.371 0.433 0.429 0.938 1.000 0.944 0.871 112.904 142.061 300.000 17.945 18.391 29.603 27.201 31.690 45.043 96.983 82.405 18.966 1.319 1.370 0.809 0.657 
m2c382r2.htb 0.496 0.482 0.403 0.344 0.385 0.323 0.309 0.319 0.342 0.369 0.408 0.380 0.935 0.994 0.912 0.811 300.000 94.033 186.075 7.056 9.015 10.973 13.998 21.034 19.986 34.891 33.763 23.035 1.315 1.366 0.967 1.456 
m2c384r2.htb 0.453 0.495 0.436 0.398 0.368 0.321 0.323 0.334 0.388 0.402 0.426 0.532 0.969 1.000 0.934 0.887 29.840 34.824 25.839 15.865 11.806 14.199 28.547 33.718 70.508 165.625 300.000 22.608 1.254 1.117 0.401 0.535 
m2c392r2.htb 0.534 0.487 0.449 0.413 0.375 0.372 0.335 0.319 0.325 0.329 0.322 0.458 0.946 1.000 0.922 0.842 300.000 300.000 53.290 46.985 23.717 14.444 12.867 27.261 78.173 120.446 27.572 300.000 1.174 0.864 0.418 0.356 
m2c403r2.htb 0.571 0.540 0.524 0.481 0.392 0.325 0.352 0.376 0.375 0.403 0.383 0.555 0.955 0.996 0.923 0.843 52.134 75.113 17.764 110.443 34.672 138.700 37.153 23.917 59.483 34.016 88.493 10.000 1.565 1.565 0.582 0.669 
m2c409r2.htb 0.478 0.456 0.365 0.321 0.292 0.353 0.515 0.532 0.478 0.481 0.544 0.568 0.992 1.000 0.966 0.917 24.579 28.451 300.000 300.000 30.218 263.926 28.988 50.609 17.740 12.939 25.881 14.576 1.445 1.495 0.636 1.073 
m2c417r2.htb 0.541 0.432 0.358 0.376 0.342 0.354 0.352 0.416 0.509 0.518 0.495 0.647 0.999 0.993 0.862 0.654 157.394 300.000 32.526 21.709 9.028 18.652 30.274 119.208 137.376 74.665 264.373 15.059 1.021 1.179 1.179 1.294 
m2c423r2.htb 0.478 0.495 0.490 0.531 0.462 0.362 0.366 0.353 0.353 0.393 0.445 0.470 0.987 1.000 0.969 0.934 84.997 300.000 49.846 42.222 27.762 60.275 272.449 300.000 113.672 26.200 36.469 12.536 1.175 1.097 0.631 0.555 
m2c427r2.htb 0.464 0.468 0.494 0.505 0.431 0.419 0.393 0.455 0.452 0.481 0.511 0.503 0.993 1.000 0.962 0.906 27.930 26.726 300.000 300.000 11.705 15.077 24.968 54.370 300.000 22.733 19.447 12.670 1.274 1.380 1.057 0.190 
m2c429r2.htb 0.423 0.476 0.455 0.481 0.441 0.526 0.506 0.438 0.488 0.451 0.479 0.527 0.986 1.000 0.932 0.898 112.904 300.000 300.000 297.611 39.737 30.434 300.000 75.662 106.073 18.362 21.313 12.127 1.097 0.929 0.445 0.445 
m2c436r2.htb 0.438 0.439 0.442 0.422 0.330 0.376 0.488 0.480 0.540 0.542 0.607 0.556 0.978 1.000 0.816 0.539 38.761 27.812 22.984 13.501 10.502 12.255 29.941 66.534 130.007 66.941 64.820 11.240 1.529 1.623 1.308 1.740 
m2c441r2.htb 0.493 0.508 0.495 0.429 0.408 0.425 0.473 0.438 0.553 0.564 0.563 0.581 0.953 0.997 0.923 0.885 43.302 143.363 22.548 98.180 36.981 22.772 33.181 35.812 14.422 12.536 22.805 8.875 1.234 1.472 0.622 0.505 
m2c443r2.htb 0.449 0.420 0.412 0.409 0.383 0.397 0.460 0.434 0.451 0.447 0.480 0.513 0.933 1.000 0.870 0.602 172.245 36.892 27.433 9.343 7.851 11.522 19.809 60.399 59.101 25.630 75.695 12.253 1.637 1.516 1.213 1.965 
m2c445r2.htb 0.557 0.534 0.582 0.470 0.373 0.454 0.452 0.397 0.405 0.397 0.416 0.796 0.985 1.000 0.994 0.990 300.000 223.961 28.417 37.141 16.502 31.593 112.962 49.880 42.146 33.527 215.283 5.782 1.407 1.073 0.779 0.566 
m2c450r2.htb 0.415 0.427 0.339 0.377 0.451 0.362 0.320 0.334 0.424 0.437 0.475 0.685 0.998 1.000 0.968 0.961 24.452 26.697 24.356 27.544 27.277 300.000 53.600 272.449 26.561 227.481 17.178 7.445 1.302 1.092 0.616 0.375 
m5c4r2.htb 0.531 0.569 0.594 0.599 0.611 0.561 0.610 0.606 0.606 0.570 0.558 0.549 0.545 0.997 1.000 0.804 65.641 37.408 40.248 129.466 26.872 47.698 152.263 135.850 300.000 75.884 59.922 300.000 34.678 4.497 4.900 5.822 
m5c6r2.htb 0.619 0.663 0.692 0.685 0.671 0.682 0.625 0.522 0.502 0.503 0.495 0.471 0.604 1.000 1.000 0.801 21.053 17.763 20.535 24.543 22.381 29.992 147.013 35.027 24.115 20.088 21.731 29.031 24.941 4.143 4.393 4.528 
m5c7r2.htb 0.592 0.573 0.706 0.648 0.605 0.620 0.615 0.581 0.565 0.588 0.540 0.534 0.521 1.000 1.000 0.840 39.407 21.708 21.463 73.423 49.098 55.989 300.000 36.506 22.078 17.353 20.814 24.766 43.413 3.150 3.351 2.670 
m5c8r2.htb 0.608 0.603 0.637 0.744 0.743 0.757 0.744 0.735 0.680 0.689 0.640 0.600 0.682 1.000 1.000 0.860 17.652 18.696 16.129 17.218 20.414 24.090 300.000 300.000 26.372 25.173 14.874 30.659 33.454 3.918 4.138 5.115 
m5c13r2.htb 0.562 0.603 0.651 0.706 0.711 0.696 0.664 0.644 0.579 0.523 0.480 0.448 0.475 0.991 1.000 0.618 21.122 13.368 19.600 18.443 20.748 36.282 35.975 187.939 30.210 18.295 16.200 21.113 42.839 2.757 3.390 1.889 
m5c14r2.htb 0.635 0.661 0.683 0.762 0.746 0.753 0.715 0.673 0.614 0.552 0.544 0.542 0.558 1.000 1.000 0.764 24.588 27.215 29.867 57.992 39.887 44.034 89.876 29.558 20.166 19.861 23.747 23.401 300.000 2.818 2.818 1.914 
m5c15r2.htb 0.483 0.514 0.657 0.749 0.737 0.760 0.749 0.743 0.664 0.652 0.657 0.584 0.515 1.000 1.000 0.818 35.029 26.619 20.583 29.555 24.678 24.678 37.809 169.732 33.019 28.328 25.195 32.345 300.000 2.585 2.666 1.879 
m5c25r2.htb 0.464 0.558 0.648 0.672 0.668 0.625 0.601 0.650 0.675 0.628 0.594 0.514 0.473 0.997 1.000 0.751 82.637 30.843 36.982 86.717 45.863 300.000 109.652 46.368 36.854 38.067 30.886 24.412 47.325 3.190 3.045 1.604 
m5c29r2.htb 0.485 0.551 0.617 0.614 0.655 0.653 0.664 0.641 0.665 0.639 0.689 0.631 0.641 0.998 1.000 0.937 300.000 22.146 76.636 15.830 28.245 19.143 31.088 71.254 300.000 197.608 119.400 55.697 16.389 3.575 3.226 0.555 
m5c30r2.htb 0.486 0.509 0.511 0.586 0.656 0.680 0.674 0.769 0.735 0.772 0.746 0.648 0.599 0.998 1.000 0.859 43.084 13.979 15.466 12.605 12.851 4.677 6.430 10.890 25.714 300.000 56.982 32.276 300.000 6.296 5.834 4.870 
m5c35r2.htb 0.591 0.557 0.684 0.716 0.703 0.706 0.756 0.704 0.620 0.578 0.573 0.562 0.500 1.000 1.000 0.563 33.749 13.616 13.600 24.500 18.794 21.304 16.472 47.454 72.794 78.688 148.402 33.406 40.388 3.541 3.828 2.309 
m5c37r2.htb 0.531 0.560 0.654 0.691 0.723 0.741 0.762 0.762 0.737 0.719 0.769 0.766 0.755 0.998 1.000 0.914 70.526 31.762 26.227 19.471 13.076 11.492 13.534 23.575 179.429 65.096 30.089 300.000 139.194 8.789 8.919 11.980 
m5c38r2.htb 0.511 0.514 0.627 0.731 0.752 0.739 0.713 0.697 0.661 0.633 0.633 0.620 0.565 0.995 1.000 0.880 22.923 20.001 14.664 15.596 19.233 16.012 41.966 117.953 85.034 35.334 29.089 25.076 39.417 5.874 5.830 6.630 
m5c40r2.htb 0.523 0.526 0.608 0.638 0.663 0.651 0.601 0.576 0.543 0.489 0.499 0.522 0.506 0.963 0.995 0.968 39.206 23.656 21.620 23.195 16.862 12.171 19.346 229.089 97.041 300.000 300.000 36.289 300.000 4.018 4.058 3.676 
m5c42r2.htb 0.539 0.609 0.524 0.563 0.518 0.577 0.606 0.616 0.631 0.668 0.624 0.510 0.561 1.000 1.000 0.628 138.975 47.041 25.104 15.733 16.505 16.797 14.568 17.663 68.017 32.222 41.802 300.000 300.000 4.953 5.484 2.513 
m5c46r2.htb 0.526 0.539 0.608 0.628 0.596 0.560 0.567 0.528 0.539 0.521 0.531 0.539 0.544 0.950 0.994 0.957 45.078 28.208 28.656 21.194 22.700 30.876 80.033 143.086 94.171 38.881 37.954 24.510 60.939 3.595 3.435 3.531 
m5c49r2.htb 0.563 0.581 0.644 0.730 0.729 0.717 0.738 0.696 0.601 0.566 0.552 0.525 0.573 0.995 1.000 0.997 17.702 15.302 18.254 12.598 23.074 23.116 35.486 300.000 64.506 30.014 42.949 22.889 69.830 3.277 3.277 2.364 
m5c54r2.htb 0.574 0.580 0.574 0.524 0.567 0.596 0.625 0.555 0.637 0.630 0.603 0.623 0.606 0.977 1.000 0.857 37.333 45.906 58.771 32.272 37.318 31.862 25.848 101.933 300.000 69.975 300.000 95.457 19.276 2.894 2.971 2.836 
m5c60r2.htb 0.498 0.548 0.690 0.704 0.718 0.717 0.742 0.688 0.644 0.616 0.593 0.639 0.716 0.999 1.000 0.586 84.880 23.003 23.263 42.816 34.303 26.035 73.398 300.000 157.311 127.662 74.536 49.321 10.377 1.814 1.877 1.533 
m5c63r2.htb 0.481 0.456 0.574 0.545 0.495 0.507 0.429 0.596 0.601 0.624 0.597 0.643 0.781 1.000 1.000 0.117 33.411 26.768 107.637 147.013 33.926 47.974 37.351 46.782 30.633 18.122 20.910 14.329 6.775 3.466 3.424 1.250 
m5c66r2.htb 0.545 0.578 0.614 0.620 0.663 0.683 0.687 0.698 0.629 0.605 0.601 0.592 0.632 0.968 1.000 0.613 22.472 22.058 18.219 16.241 16.258 17.848 16.410 25.271 300.000 67.481 91.262 139.409 15.077 2.881 3.215 1.457 
m5c67r2.htb 0.407 0.466 0.579 0.627 0.656 0.669 0.712 0.739 0.710 0.665 0.674 0.649 0.740 1.000 1.000 0.281 50.994 43.143 18.817 14.072 13.922 15.095 16.900 29.156 156.498 94.608 99.000 300.000 12.593 3.879 3.920 1.088 
m5c69r2.htb 0.495 0.533 0.658 0.754 0.770 0.750 0.739 0.704 0.669 0.653 0.647 0.592 0.652 0.999 1.000 0.613 71.619 49.938 23.338 14.303 13.891 12.645 13.387 20.137 57.517 199.430 300.000 300.000 11.930 2.850 3.252 1.339 
m5c70r2.htb 0.545 0.570 0.598 0.606 0.601 0.611 0.657 0.654 0.642 0.631 0.610 0.617 0.613 0.975 0.996 0.829 44.416 38.994 26.538 22.208 17.664 18.018 20.570 34.358 67.913 151.106 191.524 68.752 17.324 2.801 3.396 2.627 
m5c71r2.htb 0.532 0.531 0.533 0.576 0.573 0.562 0.571 0.569 0.605 0.608 0.611 0.606 0.608 0.940 1.000 0.989 23.243 15.841 12.705 11.365 11.291 13.294 18.283 31.243 300.000 62.954 52.961 63.434 35.466 3.808 5.365 5.756 
m5c74r2.htb 0.609 0.587 0.649 0.738 0.747 0.748 0.706 0.673 0.673 0.603 0.573 0.581 0.607 0.943 0.996 0.814 24.225 16.212 14.307 9.917 7.362 8.173 12.075 33.547 300.000 300.000 300.000 300.000 16.611 2.570 2.585 2.660 
m5c75r2.htb 0.611 0.691 0.768 0.778 0.776 0.745 0.677 0.580 0.538 0.502 0.487 0.505 0.642 1.000 1.000 0.740 24.104 17.943 16.641 11.918 11.153 10.881 12.365 32.220 300.000 300.000 146.264 300.000 17.944 3.381 3.877 4.591 
m5c79r2.htb 0.576 0.592 0.636 0.638 0.607 0.606 0.649 0.607 0.592 0.575 0.579 0.584 0.595 0.999 1.000 0.499 31.033 18.026 21.511 35.022 18.342 21.527 31.442 77.277 72.426 38.619 44.270 82.588 21.946 2.740 2.585 1.408 
m5c81r2.htb 0.611 0.673 0.706 0.675 0.652 0.665 0.658 0.680 0.591 0.555 0.513 0.475 0.536 0.999 1.000 0.688 64.066 29.393 13.865 11.796 17.056 16.327 21.505 43.754 55.953 67.662 80.641 41.783 22.673 3.305 3.411 2.009 
m5c82r2.htb 0.422 0.539 0.580 0.585 0.592 0.618 0.559 0.598 0.656 0.652 0.604 0.598 0.581 1.000 1.000 0.648 28.925 15.435 13.026 12.594 12.477 15.664 14.613 65.940 44.882 21.456 20.469 23.845 77.022 2.601 2.503 2.178 
m5c83r2.htb 0.543 0.599 0.702 0.645 0.634 0.638 0.639 0.687 0.647 0.550 0.446 0.430 0.448 0.996 1.000 0.869 35.357 30.913 22.507 36.287 25.247 26.213 45.103 300.000 46.827 30.169 46.014 300.000 42.164 2.626 2.755 2.755 
m5c87r2.htb 0.582 0.679 0.709 0.667 0.651 0.609 0.514 0.527 0.464 0.449 0.433 0.443 0.596 0.995 1.000 0.910 30.612 25.222 19.657 23.923 29.337 30.699 54.861 96.698 28.682 19.810 21.633 24.031 33.779 3.674 3.791 4.341 
m5c92r2.htb 0.536 0.597 0.739 0.755 0.761 0.774 0.752 0.670 0.598 0.609 0.532 0.519 0.707 1.000 0.977 0.377 38.673 24.801 19.706 17.489 19.389 21.265 31.670 131.826 26.595 17.794 14.637 300.000 8.822 2.886 2.662 1.167 
m5c94r2.htb 0.594 0.559 0.667 0.631 0.605 0.594 0.555 0.585 0.459 0.525 0.555 0.486 0.769 0.993 0.960 0.318 31.369 28.705 22.746 28.722 33.780 38.829 108.522 38.791 26.026 22.814 18.337 300.000 10.025 3.048 2.431 0.550 
m5c95r2.htb 0.543 0.696 0.815 0.823 0.856 0.821 0.801 0.794 0.719 0.548 0.504 0.471 0.513 1.000 1.000 0.624 23.070 15.950 13.687 17.727 19.611 20.476 27.195 38.217 106.575 24.124 23.601 34.219 13.297 3.384 3.556 1.167 
m5c100r2.htb 0.561 0.559 0.675 0.665 0.658 0.661 0.575 0.545 0.510 0.502 0.533 0.543 0.590 0.991 1.000 0.777 50.879 28.437 23.003 63.376 73.951 164.966 300.000 37.252 23.975 15.591 20.007 62.849 14.638 1.964 2.039 1.548 
m5c103r2.htb 0.444 0.462 0.833 0.944 0.940 0.923 0.786 0.774 0.786 0.778 0.726 0.637 0.590 1.000 0.923 0.231 22.189 18.058 27.786 63.103 61.815 300.000 73.119 23.889 18.370 20.453 23.147 38.429 10.654 2.241 1.930 0.756 
m5c107r2.htb 0.499 0.586 0.663 0.688 0.643 0.584 0.567 0.605 0.642 0.573 0.585 0.561 0.644 0.988 1.000 0.293 29.087 17.251 19.918 16.194 17.609 23.743 101.003 77.981 22.788 18.483 20.215 37.530 16.389 2.829 2.743 0.704 
m5c108r3.htb 0.514 0.511 0.621 0.592 0.553 0.632 0.618 0.568 0.578 0.541 0.572 0.579 0.679 0.993 0.969 0.519 37.822 23.624 19.629 31.472 99.070 300.000 37.122 13.387 13.792 11.656 9.816 15.894 27.729 4.571 4.354 0.870 
m5c109r2.htb 0.622 0.602 0.716 0.760 0.739 0.703 0.615 0.599 0.522 0.471 0.461 0.437 0.531 0.989 1.000 0.623 18.165 18.789 20.231 29.817 28.953 41.528 115.663 25.657 15.038 11.352 12.990 18.574 36.065 2.767 2.767 1.159 
m5c111r2.htb 0.629 0.653 0.757 0.759 0.738 0.678 0.639 0.659 0.644 0.584 0.547 0.525 0.597 1.000 1.000 0.446 23.075 19.969 13.016 30.856 33.760 54.609 164.080 41.689 14.941 11.512 10.766 18.477 16.719 2.685 2.905 1.439 
m5c118r2.htb 0.507 0.572 0.609 0.624 0.595 0.626 0.572 0.549 0.525 0.507 0.559 0.536 0.601 0.993 0.981 0.681 25.855 25.992 18.543 76.011 66.202 127.218 40.568 21.151 15.140 16.429 15.626 35.650 9.363 2.103 2.103 2.442 
m5c125r2.htb 0.522 0.548 0.571 0.637 0.643 0.594 0.568 0.507 0.542 0.502 0.522 0.501 0.547 0.993 1.000 0.619 23.948 26.146 26.035 300.000 300.000 300.000 63.065 23.905 12.440 11.703 13.307 21.058 24.219 2.708 2.646 1.740 
m5c128r2.htb 0.579 0.612 0.694 0.722 0.709 0.621 0.565 0.558 0.603 0.467 0.460 0.453 0.472 0.975 1.000 0.910 26.322 32.281 13.633 31.802 31.245 58.196 300.000 23.781 17.828 9.885 10.227 15.555 300.000 3.099 3.883 3.539 
m5c129r2.htb 0.461 0.540 0.619 0.675 0.668 0.618 0.589 0.598 0.597 0.567 0.601 0.503 0.648 0.999 1.000 0.812 77.785 37.460 12.987 32.671 61.739 151.106 68.655 38.707 20.486 18.255 19.009 23.111 25.989 3.809 3.910 3.910 
m5c135r2.htb 0.687 0.782 0.827 0.736 0.768 0.683 0.637 0.591 0.446 0.308 0.323 0.306 0.554 1.000 1.000 1.000 31.559 22.909 14.400 24.968 139.194 300.000 41.513 20.143 17.257 17.494 16.847 12.187 19.001 4.082 2.916 4.018 
m5c140r2.htb 0.528 0.543 0.547 0.583 0.625 0.621 0.542 0.500 0.443 0.467 0.488 0.499 0.537 0.990 1.000 0.889 32.462 22.396 16.788 18.581 23.371 33.052 59.159 94.477 24.207 17.127 15.207 17.145 25.286 3.695 3.641 3.852 
m5c152r2.htb 0.553 0.566 0.702 0.709 0.631 0.578 0.652 0.626 0.598 0.495 0.551 0.599 0.654 1.000 0.976 0.747 46.034 55.365 21.747 33.156 65.310 72.455 62.618 28.675 21.522 23.607 29.717 21.857 17.295 3.402 3.402 2.986 
m5c154r2.htb 0.434 0.530 0.574 0.573 0.632 0.600 0.620 0.548 0.520 0.563 0.568 0.517 0.632 0.997 1.000 0.643 27.821 26.238 22.705 38.833 52.945 300.000 192.344 45.192 24.717 17.376 22.298 33.396 30.205 4.484 4.173 2.972 
m5c156r2.htb 0.510 0.503 0.646 0.689 0.632 0.665 0.538 0.552 0.485 0.427 0.422 0.409 0.602 1.000 1.000 0.687 22.815 29.115 19.158 15.012 19.203 174.572 126.537 77.195 91.391 47.941 35.084 75.776 28.816 3.258 3.173 2.593 
m5c159r2.htb 0.505 0.529 0.641 0.736 0.632 0.432 0.549 0.522 0.437 0.438 0.385 0.449 0.495 1.000 1.000 0.888 36.880 31.683 21.493 21.681 32.354 56.635 300.000 45.490 21.147 14.471 18.843 20.160 216.178 2.552 3.956 4.547 
m5c163r2.htb 0.588 0.671 0.678 0.704 0.676 0.623 0.550 0.544 0.547 0.516 0.508 0.494 0.606 1.000 1.000 0.834 37.217 42.951 17.965 18.096 20.936 41.052 32.465 45.302 24.041 17.244 15.127 32.513 31.786 3.761 3.273 3.193 
m5c164r3.htb 0.450 0.534 0.634 0.644 0.699 0.627 0.638 0.602 0.595 0.514 0.564 0.557 0.512 0.998 1.000 0.789 15.029 15.289 11.588 13.747 19.398 49.008 35.348 33.564 21.016 15.506 17.349 18.912 33.874 3.992 4.074 4.377 
m5c166r2.htb 0.444 0.483 0.610 0.743 0.787 0.804 0.677 0.651 0.657 0.584 0.623 0.594 0.574 1.000 1.000 0.816 27.920 19.226 11.893 10.020 11.932 21.704 29.406 62.747 29.269 17.505 17.496 14.800 41.800 4.058 4.058 4.058 
m5c167r2.htb 0.418 0.496 0.569 0.628 0.555 0.643 0.640 0.630 0.610 0.564 0.578 0.600 0.659 0.997 1.000 0.712 13.852 18.591 19.475 17.172 18.961 48.682 80.342 67.156 141.810 38.238 29.871 19.641 27.959 2.267 2.372 1.965 
m5c170r2.htb 0.557 0.558 0.598 0.672 0.611 0.656 0.632 0.646 0.655 0.629 0.577 0.546 0.676 0.993 0.992 0.628 20.426 15.270 13.368 10.673 12.211 20.522 53.831 142.431 27.894 18.139 21.087 22.544 11.082 3.411 3.378 2.007 
