FILE	         Ve_N_thr	 ves_CP	 ves_p	
m14c113r1.htb 65.814 182.563 300.000 71.092 162.790 147.175 144.544 102.205 51.531 61.873 18.845 146.624 158.212 224.995 47.929 114.390 42.767 34.514 79.267 85.421 27.529 64.412 63.989 55.097 77.190 0.358 0.616 0.570 0.558 0.414 0.404 0.599 0.596 0.573 0.587 0.543 0.549 0.551 0.450 0.497 0.475 0.552 0.521 0.518 0.535 0.517 0.518 0.515 0.509 0.486 
m14c114r1.htb 80.232 106.415 300.000 180.054 300.000 101.476 60.406 55.828 208.130 141.704 83.956 67.818 64.416 59.122 47.092 50.362 41.955 36.510 24.894 10.732 10.450 9.505 10.222 10.122 9.947 0.426 0.487 0.410 0.420 0.585 0.489 0.519 0.504 0.504 0.508 0.516 0.512 0.505 0.501 0.478 0.488 0.491 0.499 0.418 0.373 0.319 0.253 0.257 0.264 0.265 
m14c115r1.htb 174.085 136.257 105.964 75.042 51.735 38.180 34.370 27.260 21.614 18.947 19.294 15.550 14.756 13.958 13.698 12.429 11.268 12.994 13.788 13.047 12.677 13.862 14.374 13.824 14.608 0.585 0.580 0.589 0.588 0.605 0.621 0.626 0.627 0.630 0.623 0.615 0.617 0.606 0.606 0.605 0.625 0.648 0.681 0.689 0.713 0.721 0.727 0.741 0.747 0.751 
m14c119r1.htb 70.928 49.926 64.074 73.200 38.607 37.978 36.899 75.826 62.361 55.637 157.389 124.036 300.000 300.000 121.515 300.000 300.000 77.860 55.905 66.554 46.209 50.016 39.172 37.877 32.353 0.440 0.436 0.443 0.450 0.462 0.471 0.476 0.488 0.477 0.464 0.458 0.450 0.453 0.458 0.550 0.441 0.434 0.431 0.444 0.448 0.469 0.475 0.478 0.483 0.477 
m14c122r1.htb 32.798 40.425 44.899 37.204 81.334 74.447 132.420 81.390 300.000 300.000 300.000 300.000 300.000 163.392 300.000 300.000 74.420 165.976 79.891 65.308 65.849 129.158 104.205 91.177 86.946 0.474 0.478 0.481 0.482 0.470 0.460 0.466 0.474 0.517 0.516 0.510 0.507 0.507 0.501 0.507 0.504 0.497 0.508 0.487 0.457 0.443 0.446 0.443 0.436 0.428 
m14c124r2.htb 36.820 43.362 33.210 29.810 25.970 23.314 26.334 154.677 51.551 137.042 43.142 52.705 43.413 43.257 40.479 40.123 28.989 89.204 40.341 115.213 44.700 39.089 34.233 37.863 47.137 0.553 0.564 0.571 0.589 0.592 0.591 0.553 0.530 0.492 0.539 0.569 0.589 0.599 0.609 0.601 0.605 0.586 0.597 0.568 0.449 0.457 0.457 0.463 0.480 0.451 
m14c125r1.htb 136.206 100.044 99.664 58.516 53.479 39.913 81.645 23.050 122.640 78.517 29.835 23.032 19.331 31.938 27.349 24.445 19.618 20.250 26.797 34.502 135.395 200.636 113.376 300.000 300.000 0.473 0.460 0.543 0.546 0.532 0.527 0.509 0.490 0.531 0.489 0.488 0.489 0.479 0.512 0.517 0.493 0.498 0.520 0.560 0.558 0.518 0.498 0.467 0.505 0.516 
m14c126r1.htb 59.640 153.212 300.000 41.756 15.747 20.093 24.607 28.249 23.726 17.474 16.729 17.026 20.885 31.068 89.709 65.495 65.185 59.556 52.786 58.852 219.802 203.600 57.785 40.935 26.852 0.503 0.492 0.482 0.487 0.484 0.492 0.520 0.516 0.506 0.501 0.480 0.486 0.476 0.454 0.419 0.429 0.404 0.428 0.433 0.419 0.434 0.410 0.433 0.455 0.508 
m14c133r2.htb 47.344 51.910 88.588 73.326 135.264 99.820 226.387 154.446 56.136 21.774 19.980 18.357 17.576 16.979 17.354 14.440 13.851 17.413 13.688 15.273 13.346 13.748 15.009 15.255 15.584 0.487 0.489 0.502 0.499 0.502 0.476 0.454 0.558 0.533 0.569 0.602 0.603 0.601 0.610 0.629 0.617 0.604 0.613 0.627 0.634 0.635 0.633 0.638 0.631 0.628 
m14c134r2.htb 78.999 33.115 23.792 19.978 17.268 14.150 13.159 15.140 9.903 10.952 11.193 12.790 12.378 11.646 13.121 14.729 16.114 15.939 79.082 300.000 81.565 39.133 32.510 21.706 19.107 0.512 0.523 0.518 0.503 0.506 0.505 0.517 0.522 0.521 0.487 0.480 0.468 0.470 0.496 0.524 0.528 0.527 0.550 0.578 0.359 0.313 0.320 0.326 0.327 0.335 
m14c135r2.htb 25.408 28.326 25.599 9.951 12.176 9.883 7.860 7.382 5.075 5.169 4.487 4.881 5.715 5.955 5.725 6.671 8.232 7.360 300.000 300.000 300.000 300.000 29.758 28.148 15.364  NaN  NaN  NaN  NaN  NaN  NaN  NaN  NaN  NaN  NaN  NaN  NaN  NaN  NaN  NaN  NaN  NaN  NaN  NaN  NaN  NaN  NaN  NaN  NaN  NaN 
m14c136r2.htb 186.862 68.946 39.714 30.648 18.698 9.936 6.979 8.565 4.487 4.988 5.389 6.654 8.709 10.873 13.147 19.651 92.851 33.932 10.334 11.570 12.747 22.925 60.090 111.226 45.530 0.462 0.452 0.458 0.441 0.423 0.401 0.358 0.333 0.305 0.303 0.286 0.264 0.249 0.269 0.276 0.300 0.326 0.348 0.625 0.638 0.618 0.586 0.554 0.449 0.450 
m14c140r2.htb 300.000 300.000 283.885 181.623 244.541 300.000 300.000 300.000 231.834 187.835 171.979 82.112 67.349 48.989 66.273 90.768 74.918 56.999 36.768 44.278 30.067 34.263 35.567 41.971 62.971 0.485 0.488 0.493 0.492 0.484 0.464 0.465 0.456 0.554 0.442 0.439 0.446 0.452 0.469 0.485 0.484 0.482 0.472 0.474 0.472 0.484 0.460 0.445 0.427 0.417 
m14c142r2.htb 300.000 300.000 300.000 53.112 53.848 39.730 20.960 14.422 12.651 11.106 9.634 8.199 7.233 7.010 6.505 6.660 8.023 11.948 15.028 23.641 64.117 300.000 186.755 79.960 82.750 0.540 0.540 0.532 0.490 0.506 0.525 0.556 0.577 0.620 0.651 0.669 0.680 0.714 0.725 0.742 0.732 0.714 0.685 0.616 0.571 0.521 0.475 0.493 0.510 0.520 
m14c143r3.htb 82.127 33.117 18.137 15.467 13.533 13.099 11.956 12.174 9.816 10.165 11.199 12.697 24.130 40.305 42.896 31.833 29.735 18.236 31.087 24.626 31.090 30.831 29.566 29.229 31.654 0.533 0.531 0.550 0.566 0.564 0.579 0.575 0.575 0.553 0.553 0.521 0.512 0.505 0.499 0.521 0.494 0.511 0.507 0.530 0.544 0.548 0.544 0.541 0.540 0.538 
m14c144r2.htb 300.000 161.037 74.472 59.489 39.551 29.070 30.097 28.240 22.027 23.269 24.567 30.417 36.865 51.516 112.182 300.000 300.000 121.327 55.573 42.566 23.913 21.251 20.378 20.697 21.400 0.414 0.412 0.415 0.412 0.404 0.403 0.390 0.381 0.375 0.368 0.363 0.352 0.347 0.340 0.339 0.333 0.662 0.653 0.644 0.617 0.564 0.518 0.498 0.478 0.456 
m14c145r2.htb 81.960 38.553 25.779 14.093 9.871 8.515 8.240 9.242 12.207 16.230 21.430 38.604 210.480 46.971 22.580 15.061 11.664 10.921 12.600 16.947 26.519 248.480 27.293 19.382 22.831 0.511 0.513 0.508 0.522 0.532 0.541 0.517 0.477 0.423 0.389 0.368 0.352 0.352 0.663 0.673 0.697 0.709 0.712 0.654 0.575 0.512 0.551 0.556 0.557 0.559 
m14c147r2.htb 75.767 139.146 79.803 55.822 43.167 35.364 29.065 19.224 14.583 10.592 9.913 13.223 15.753 18.029 18.180 19.891 17.811 16.467 20.622 25.562 34.550 25.276 22.250 24.238 23.612 0.550 0.456 0.463 0.457 0.456 0.453 0.457 0.461 0.461 0.460 0.463 0.463 0.448 0.448 0.432 0.420 0.401 0.393 0.392 0.393 0.404 0.419 0.412 0.411 0.415 
m14c152r2.htb 300.000 65.754 52.123 53.143 27.567 19.401 12.882 13.772 8.313 8.566 8.051 9.335 10.637 11.149 13.761 15.700 30.493 27.494 58.830 75.672 30.502 25.575 29.061 23.972 22.365 0.476 0.466 0.468 0.458 0.457 0.458 0.462 0.475 0.501 0.499 0.495 0.498 0.494 0.514 0.520 0.528 0.531 0.545 0.455 0.493 0.501 0.508 0.512 0.519 0.530 
m14c153r2.htb 220.194 43.216 22.332 14.252 10.501 8.734 6.954 8.129 5.871 7.960 8.396 10.064 13.595 19.448 35.574 82.067 39.401 300.000 14.209 23.086 22.277 87.691 249.666 70.279 31.792 0.506 0.527 0.517 0.513 0.507 0.497 0.498 0.508 0.510 0.496 0.476 0.470 0.440 0.419 0.402 0.396 0.626 0.364 0.649 0.618 0.592 0.560 0.469 0.492 0.503 
m14c156r2.htb 130.372 32.702 49.275 27.853 23.364 14.287 36.423 29.384 42.880 84.713 21.697 22.190 40.330 35.087 28.786 44.248 47.017 34.627 64.034 40.789 18.747 18.521 25.532 25.402 26.369 0.492 0.491 0.505 0.521 0.546 0.520 0.518 0.551 0.570 0.419 0.445 0.458 0.466 0.476 0.488 0.463 0.471 0.456 0.443 0.567 0.580 0.600 0.595 0.610 0.608 
m14c165r2.htb 38.968 37.330 27.783 24.549 22.953 24.861 23.136 31.225 22.866 30.635 31.929 42.179 44.796 50.091 48.370 43.377 44.830 28.432 51.533 41.828 92.744 300.000 161.947 116.903 59.496 0.483 0.481 0.481 0.493 0.485 0.489 0.484 0.487 0.499 0.487 0.485 0.483 0.487 0.480 0.490 0.500 0.510 0.504 0.504 0.506 0.512 0.507 0.503 0.503 0.509 
m14c171r2.htb 56.556 241.267 44.282 113.874 210.754 82.632 61.827 216.066 296.884 138.496 105.838 95.220 109.734 300.000 92.321 47.676 25.795 139.513 122.741 36.516 41.922 37.222 20.442 22.404 20.306 0.472 0.540 0.513 0.523 0.526 0.491 0.488 0.483 0.497 0.525 0.467 0.484 0.477 0.440 0.440 0.440 0.442 0.458 0.532 0.536 0.559 0.554 0.535 0.527 0.524 
m14c172r2.htb 300.000 300.000 176.074 146.467 156.373 56.495 33.948 38.732 35.966 34.578 43.585 45.640 83.006 51.535 33.704 40.893 300.000 90.624 72.090 58.579 53.445 45.265 43.164 62.418 43.006 0.505 0.520 0.537 0.478 0.531 0.547 0.547 0.540 0.559 0.525 0.510 0.511 0.492 0.477 0.470 0.474 0.525 0.526 0.584 0.583 0.590 0.602 0.591 0.567 0.587 
m14c174r2.htb 33.731 20.432 16.098 12.009 9.581 9.126 7.719 9.027 5.172 4.640 4.495 4.677 5.975 7.956 12.171 14.796 28.089 11.723 109.529 54.836 49.928 72.337 122.045 210.290 101.127 0.442 0.461 0.501 0.521 0.506 0.503 0.462 0.482 0.475 0.514 0.576 0.583 0.571 0.590 0.656 0.718 0.748 0.767 0.213 0.281 0.366 0.462 0.522 0.492 0.483 
m14c176r2.htb 223.156 153.556 86.906 44.653 16.675 10.731 9.362 9.623 9.916 11.776 13.924 15.572 15.733 16.615 22.937 45.750 300.000 73.075 55.668 102.578 58.759 41.913 28.734 28.883 26.270 0.537 0.534 0.521 0.504 0.512 0.503 0.479 0.470 0.449 0.443 0.453 0.459 0.467 0.471 0.468 0.483 0.520 0.528 0.511 0.504 0.526 0.548 0.562 0.575 0.587 
m14c179r3.htb 58.838 34.330 15.024 10.785 9.505 7.844 7.785 7.246 5.335 9.875 9.704 15.107 26.737 21.211 29.194 18.530 21.390 14.605 23.043 19.883 13.886 12.274 13.151 14.016 12.018 0.618 0.586 0.518 0.518 0.516 0.434 0.430 0.446 0.464 0.443 0.613 0.629 0.665 0.690 0.690 0.676 0.690 0.643 0.647 0.604 0.581 0.631 0.681 0.649 0.643 
m14c180r2.htb 38.653 12.286 8.334 6.047 5.043 3.971 3.882 5.032 4.278 4.727 4.874 5.279 5.356 5.668 7.042 8.407 12.232 7.293 49.800 24.261 32.515 67.306 241.947 261.264 300.000 0.462 0.469 0.499 0.503 0.452 0.380 0.329 0.307 0.292 0.290 0.310 0.325 0.297 0.317 0.356 0.419 0.485 0.533 0.552 0.538 0.493 0.459 0.456 0.580 0.586 
m14c184r2.htb 270.601 180.108 69.270 45.331 43.028 27.588 18.998 24.807 38.235 13.353 20.373 22.687 24.348 25.007 23.098 44.089 68.783 118.754 34.206 300.000 119.225 18.652 18.330 17.409 17.230 0.423 0.587 0.632 0.624 0.603 0.575 0.551 0.547 0.533 0.537 0.540 0.502 0.488 0.476 0.501 0.496 0.510 0.511 0.515 0.522 0.558 0.571 0.569 0.563 0.566 
m14c187r3.htb 135.374 54.727 125.418 124.956 63.616 38.041 37.160 31.792 44.513 104.463 45.187 196.964 88.996 41.124 29.735 35.699 49.198 54.804 45.960 22.452 22.400 38.682 44.296 72.208 135.919 0.451 0.483 0.480 0.514 0.505 0.518 0.551 0.561 0.530 0.463 0.428 0.397 0.620 0.607 0.615 0.598 0.575 0.572 0.589 0.581 0.572 0.543 0.527 0.506 0.503 
m14c188r2.htb 38.314 22.251 20.812 18.228 15.387 14.238 12.728 15.066 7.357 12.128 12.833 60.349 82.562 30.552 18.043 19.310 15.524 17.872 9.116 11.146 10.478 16.019 19.267 23.130 73.406 0.504 0.500 0.505 0.490 0.488 0.502 0.501 0.531 0.502 0.521 0.507 0.469 0.548 0.555 0.564 0.579 0.572 0.568 0.572 0.581 0.595 0.584 0.583 0.579 0.581 
m14c189r2.htb 115.962 107.578 36.546 32.353 19.636 15.942 12.618 14.642 9.420 11.748 9.464 9.223 10.139 9.633 11.298 13.035 17.412 13.038 42.833 24.848 300.000 83.888 74.163 48.052 53.749 0.518 0.517 0.508 0.500 0.495 0.482 0.461 0.457 0.442 0.451 0.451 0.452 0.461 0.466 0.471 0.480 0.486 0.499 0.501 0.485 0.454 0.555 0.574 0.575 0.584 
m14c192r2.htb 47.293 43.966 35.820 32.059 36.005 32.038 25.145 22.470 24.453 23.084 26.447 25.953 30.190 40.942 39.945 47.604 46.316 80.368 99.359 98.365 64.822 93.205 128.519 118.759 86.057 0.492 0.516 0.518 0.524 0.514 0.507 0.511 0.534 0.529 0.523 0.537 0.554 0.561 0.562 0.567 0.556 0.575 0.556 0.558 0.552 0.561 0.544 0.535 0.525 0.541 
m14c194r2.htb 135.388 218.797 300.000 300.000 114.669 177.635 155.174 45.430 28.296 300.000 300.000 123.125 180.886 189.825 128.866 168.299 300.000 76.198 46.226 61.943 41.527 32.899 34.203 38.038 38.527 0.434 0.426 0.559 0.562 0.543 0.553 0.561 0.561 0.549 0.521 0.513 0.535 0.541 0.553 0.561 0.557 0.540 0.543 0.521 0.498 0.523 0.534 0.535 0.550 0.564 
m14c195r2.htb 300.000 300.000 300.000 300.000 300.000 300.000 300.000 300.000 300.000 39.273 21.774 12.137 11.909 8.340 7.450 7.630 9.861 19.681 13.595 300.000 300.000 300.000 300.000 300.000 300.000 0.479 0.486 0.459 0.437 0.429 0.455 0.480 0.526 0.524 0.506 0.509 0.522 0.565 0.617 0.638 0.657 0.619 0.564 0.565 0.571 0.550 0.552 0.529 0.498 0.502 
m14c195r3.htb 98.001 99.375 255.044 60.901 50.077 23.272 40.990 101.416 30.168 26.490 19.813 10.194 10.280 8.904 7.875 7.402 8.125 12.127 8.260 300.000 300.000 300.000 300.000 300.000 300.000 0.392 0.603 0.628 0.599 0.604 0.514 0.482 0.521 0.413 0.646 0.661 0.711 0.729 0.755 0.763 0.764 0.718 0.664 0.632 0.328 0.355 0.376 0.378 0.397 0.436 
m14c196r2.htb 300.000 112.894 300.000 300.000 300.000 252.704 58.735 207.859 114.488 122.130 195.247 132.393 300.000 75.732 134.780 71.258 68.289 108.639 57.637 43.327 28.206 33.650 37.655 33.683 33.762 0.494 0.515 0.485 0.490 0.509 0.459 0.479 0.460 0.561 0.544 0.486 0.561 0.508 0.488 0.473 0.464 0.481 0.500 0.516 0.503 0.476 0.456 0.457 0.456 0.478 
m14c197r2.htb 93.057 13.828 10.526 9.753 8.224 6.455 5.383 5.246 3.392 3.596 2.941 3.234 3.599 3.471 4.016 4.617 5.716 5.671 13.507 13.572 35.145 113.619 162.234 49.278 55.275 0.449 0.454 0.461 0.461 0.459 0.444 0.440 0.441 0.435 0.451 0.495 0.501 0.494 0.500 0.513 0.517 0.519 0.508 0.535 0.546 0.539 0.535 0.468 0.469 0.478 
m14c206r2.htb 300.000 76.017 29.755 25.031 16.165 16.394 13.278 14.883 10.943 13.662 37.419 90.164 34.064 31.169 25.945 23.861 22.074 22.298 18.209 14.896 23.440 21.549 27.395 20.319 16.400 0.590 0.407 0.434 0.419 0.408 0.388 0.390 0.387 0.424 0.472 0.480 0.516 0.518 0.501 0.493 0.461 0.462 0.454 0.487 0.514 0.461 0.468 0.467 0.476 0.480 
m14c207r2.htb 70.420 56.308 65.914 94.664 68.315 44.046 19.075 18.139 17.325 19.371 18.787 24.364 34.316 39.882 135.595 300.000 42.532 33.926 36.562 54.955 44.903 57.350 115.226 300.000 100.741 0.554 0.554 0.556 0.562 0.561 0.586 0.614 0.632 0.618 0.554 0.485 0.459 0.433 0.426 0.408 0.393 0.636 0.661 0.667 0.647 0.584 0.563 0.522 0.507 0.499 
m14c211r2.htb 132.197 300.000 62.571 57.979 22.334 17.459 17.574 17.385 22.957 21.784 25.252 22.303 18.985 16.409 20.065 27.075 22.968 23.560 22.555 19.823 16.842 26.497 33.547 152.927 300.000 0.647 0.369 0.359 0.400 0.413 0.429 0.439 0.479 0.488 0.456 0.427 0.455 0.484 0.518 0.545 0.601 0.619 0.638 0.625 0.640 0.674 0.630 0.621 0.583 0.540 
m14c218r2.htb 69.485 117.376 112.103 190.341 119.264 50.550 34.105 32.411 29.509 24.932 25.961 21.723 19.370 300.000 106.505 30.192 33.058 33.070 42.231 40.874 52.508 53.376 65.429 116.105 300.000 0.453 0.465 0.448 0.480 0.517 0.538 0.523 0.532 0.521 0.518 0.537 0.508 0.409 0.563 0.573 0.610 0.645 0.657 0.664 0.654 0.643 0.629 0.636 0.640 0.631 
m14c219r2.htb 28.441 28.071 26.845 25.506 25.987 24.737 21.870 15.123 10.706 10.579 7.668 6.852 6.348 5.746 6.367 6.160 6.439 7.258 8.482 8.471 8.515 9.874 12.014 14.812 17.749 0.491 0.486 0.489 0.484 0.486 0.490 0.513 0.540 0.602 0.596 0.672 0.735 0.728 0.747 0.738 0.732 0.746 0.725 0.714 0.668 0.641 0.577 0.576 0.549 0.519 
m14c220r2.htb 198.698 163.367 156.483 112.272 99.299 95.251 53.566 37.573 32.776 21.459 17.776 16.044 17.696 21.563 25.955 33.161 36.648 43.184 41.070 56.951 68.741 105.015 88.430 72.594 62.683 0.544 0.540 0.554 0.552 0.549 0.537 0.522 0.498 0.490 0.486 0.479 0.515 0.526 0.561 0.552 0.598 0.601 0.603 0.606 0.592 0.560 0.541 0.531 0.500 0.513 
m14c221r3.htb 73.462 65.287 31.585 29.346 27.026 22.759 20.404 16.416 15.837 16.349 18.543 19.849 26.744 32.281 56.872 61.325 300.000 23.447 13.898 10.881 13.004 13.861 13.367 14.420 14.148 0.465 0.466 0.488 0.500 0.504 0.533 0.542 0.563 0.586 0.579 0.553 0.557 0.549 0.531 0.510 0.475 0.542 0.605 0.661 0.636 0.600 0.593 0.602 0.607 0.598 
m14c221r3.htb 73.462 65.287 31.585 29.346 27.026 22.759 20.404 16.416 15.837 16.349 18.543 19.849 26.744 32.281 56.872 61.325 300.000 23.447 13.898 10.881 13.004 13.861 13.367 14.420 14.148 0.465 0.466 0.488 0.500 0.504 0.533 0.542 0.563 0.586 0.579 0.553 0.557 0.549 0.531 0.510 0.475 0.542 0.605 0.661 0.636 0.600 0.593 0.602 0.607 0.598 
m14c224r2.htb 252.851 81.400 51.486 44.199 35.653 36.036 31.935 23.950 21.062 20.636 16.500 20.407 21.288 28.897 33.591 44.447 48.126 78.647 75.910 43.905 40.130 32.395 35.617 24.700 23.466 0.564 0.453 0.438 0.429 0.443 0.454 0.471 0.503 0.540 0.549 0.554 0.549 0.560 0.571 0.582 0.588 0.584 0.578 0.588 0.612 0.611 0.601 0.594 0.604 0.603 
m14c229r2.htb 186.484 177.898 21.883 16.108 10.361 8.027 7.421 5.648 4.705 4.438 4.553 4.347 4.500 4.628 4.912 5.060 5.261 7.142 13.306 20.856 27.599 167.138 300.000 112.323 55.680 0.629 0.598 0.599 0.563 0.569 0.557 0.559 0.554 0.547 0.559 0.564 0.573 0.585 0.595 0.608 0.656 0.625 0.644 0.594 0.486 0.379 0.334 0.324 0.674 0.696 
m14c230r2.htb 36.700 46.502 73.408 126.050 150.444 300.000 85.558 300.000 300.000 271.317 300.000 69.686 34.848 29.606 24.901 25.121 24.715 24.037 22.089 17.570 18.487 20.537 21.685 24.438 27.001 0.564 0.560 0.569 0.582 0.556 0.447 0.570 0.591 0.418 0.422 0.423 0.553 0.557 0.564 0.596 0.628 0.608 0.583 0.582 0.585 0.581 0.572 0.569 0.565 0.540 
m14c232r2.htb 116.725 300.000 300.000 191.347 29.848 16.702 19.463 21.892 17.395 20.942 23.454 26.705 33.714 32.647 118.157 57.190 56.835 61.983 24.742 29.193 40.868 46.040 89.622 53.312 51.491 0.573 0.409 0.422 0.451 0.477 0.489 0.473 0.451 0.464 0.479 0.480 0.482 0.444 0.416 0.442 0.572 0.538 0.543 0.564 0.581 0.604 0.598 0.598 0.602 0.651 
m14c233r2.htb 28.906 9.374 6.279 5.642 4.892 4.610 5.602 5.325 3.707 4.177 5.708 10.080 14.465 40.471 288.090 86.174 67.674 49.333 18.743 61.158 85.868 131.395 217.457 300.000 160.946 0.411 0.398 0.421 0.450 0.483 0.462 0.485 0.500 0.508 0.526 0.567 0.605 0.588 0.574 0.585 0.388 0.619 0.567 0.430 0.468 0.525 0.490 0.501 0.475 0.541 
m14c235r2.htb 61.153 300.000 32.464 19.182 11.637 10.728 12.177 8.093 6.533 6.489 6.353 6.005 6.249 6.771 6.476 5.998 5.371 7.623 22.834 34.252 30.299 300.000 300.000 300.000 300.000 0.577 0.582 0.513 0.543 0.548 0.536 0.560 0.553 0.591 0.637 0.639 0.642 0.639 0.631 0.653 0.727 0.719 0.759 0.716 0.646 0.613 0.425 0.448 0.460 0.458 
m14c237r2.htb 18.276 13.339 9.477 7.011 6.011 5.433 8.657 11.157 7.474 9.634 12.049 15.298 16.817 14.135 17.083 27.878 15.641 22.765 300.000 68.012 103.649 199.164 92.348 26.804 23.084 0.520 0.545 0.560 0.530 0.515 0.495 0.553 0.586 0.582 0.597 0.621 0.599 0.583 0.574 0.560 0.525 0.448 0.432 0.571 0.408 0.394 0.395 0.608 0.612 0.617 
m14c238r2.htb 33.085 28.116 29.018 15.347 14.334 16.180 13.902 14.076 27.965 18.351 15.364 21.049 21.783 38.207 56.886 53.322 35.135 30.469 13.636 18.130 25.352 15.832 18.267 19.588 18.295 0.456 0.467 0.451 0.455 0.438 0.445 0.517 0.570 0.641 0.616 0.628 0.681 0.698 0.773 0.765 0.733 0.665 0.636 0.612 0.621 0.596 0.535 0.531 0.496 0.498 
m14c238r3.htb 52.469 32.156 30.095 21.737 12.955 12.121 10.384 10.816 21.189 10.739 9.071 10.278 9.401 12.673 19.198 24.115 19.424 21.966 9.426 11.010 14.328 16.226 19.052 20.694 19.503 0.502 0.505 0.510 0.503 0.506 0.492 0.521 0.532 0.544 0.544 0.592 0.633 0.674 0.640 0.668 0.636 0.621 0.574 0.595 0.617 0.577 0.519 0.482 0.506 0.505 
m14c239r2.htb 51.486 98.044 48.432 15.663 10.567 8.745 7.878 8.418 7.456 7.769 7.855 7.706 8.086 8.097 8.520 10.581 12.327 12.388 54.428 125.874 38.494 29.056 22.477 22.979 31.763 0.465 0.460 0.505 0.516 0.467 0.490 0.529 0.527 0.552 0.577 0.577 0.579 0.571 0.580 0.614 0.613 0.597 0.581 0.567 0.513 0.513 0.515 0.510 0.492 0.455 
m14c241r2.htb 26.922 17.484 13.074 14.531 12.279 9.988 35.883 19.440 10.939 300.000 32.358 19.587 15.748 16.885 13.225 11.443 20.989 19.573 14.076 16.575 25.453 27.624 21.072 19.938 21.705 0.536 0.526 0.509 0.522 0.514 0.508 0.559 0.589 0.599 0.316 0.277 0.237 0.250 0.256 0.271 0.264 0.305 0.338 0.333 0.367 0.400 0.400 0.388 0.405 0.400 
m14c243r2.htb 113.023 108.108 93.999 233.511 137.760 99.462 157.461 97.858 70.636 81.017 47.409 209.080 37.046 43.896 31.521 24.323 32.405 33.111 54.023 65.534 53.320 29.602 43.417 29.219 33.510 0.446 0.447 0.455 0.444 0.555 0.574 0.561 0.555 0.541 0.524 0.480 0.504 0.466 0.464 0.449 0.437 0.463 0.431 0.432 0.448 0.486 0.503 0.531 0.525 0.543 
m14c244r2.htb 47.246 15.510 9.163 7.010 5.985 4.958 4.917 4.947 4.268 4.783 4.948 7.928 14.939 23.534 102.522 44.025 35.325 46.385 17.885 24.115 98.728 81.480 61.304 86.647 72.047 0.476 0.483 0.505 0.513 0.520 0.539 0.553 0.564 0.566 0.575 0.589 0.599 0.583 0.604 0.618 0.406 0.440 0.450 0.460 0.464 0.490 0.496 0.488 0.464 0.446 
m14c245r2.htb 300.000 90.200 68.498 26.142 15.773 10.949 9.360 6.828 5.923 5.837 5.395 5.707 5.296 5.840 6.822 8.399 8.890 13.228 21.889 24.306 37.185 53.421 68.271 300.000 300.000 0.497 0.505 0.484 0.515 0.510 0.542 0.573 0.582 0.616 0.644 0.638 0.642 0.672 0.673 0.709 0.721 0.693 0.654 0.626 0.637 0.626 0.628 0.619 0.381 0.400 
m14c247r2.htb 300.000 300.000 300.000 300.000 165.135 300.000 49.793 59.992 38.930 18.337 12.390 8.466 7.182 5.892 4.874 4.395 4.762 4.497 4.993 6.058 7.888 10.233 12.375 16.813 26.947 0.533 0.555 0.563 0.581 0.395 0.380 0.631 0.643 0.635 0.613 0.565 0.536 0.527 0.505 0.491 0.488 0.499 0.501 0.497 0.518 0.567 0.582 0.587 0.574 0.552 
