FILE	
m2c65r3.htb 16.986 32.921 36.881 37.469 41.863 38.985 39.635 40.377 39.480 40.470 39.728 11.201 55.150 36.429 39.156 51.686 91.563 54.674 88.463 59.561 72.969 72.463 
m2c69r3.htb 13.397 15.874 18.038 16.058 19.259 16.289 18.045 16.863 19.431 13.243 15.563 20.364 41.858 58.485 36.981 93.836 56.520 66.576 63.529 69.174 42.042 51.433 
m2c74r3.htb 47.059 54.436 55.089 53.010 54.356 53.564 55.853 56.436 57.188 55.485 55.248 55.930 95.147 88.097 96.558 90.317 83.315 91.057 99.559 106.415 82.423 68.421 
m2c75r3.htb 20.603 19.457 17.822 17.453 18.351 17.657 17.315 18.374 18.694 19.307 20.061 6.802 19.087 14.346 17.226 14.627 12.620 12.481 19.060 14.355 18.853 19.561 
m2c76r3.htb 14.634 15.208 15.149 15.881 15.703 14.495 16.000 14.812 14.059 14.020 13.663 7.294 8.033 10.893 11.202 12.084 13.114 14.939 11.402 10.803 10.017 9.123 
m2c80r3.htb 60.891 69.802 68.405 64.722 61.020 62.728 61.056 60.022 59.824 59.648 61.958 193.521 132.438 218.509 158.431 106.890 137.510 108.590 105.528 130.936 84.223 108.389 
m2c85r3.htb 66.082 48.996 31.945 17.935 14.653 13.483 10.309 8.998 5.679 3.320 1.499 257.895 127.633 94.246 51.020 55.923 31.727 32.743 27.054 16.178 4.389 2.443 
m2c88r3.htb 27.298 20.261 16.832 16.614 17.556 14.103 13.910 15.165 14.050 15.912 19.005 44.001 44.608 51.515 61.980 67.151 38.368 20.927 52.320 38.554 29.380 71.376 
m2c89r3.htb 29.530 24.187 21.405 20.635 21.581 21.473 21.578 21.625 20.684 20.431 20.981 17.473 9.857 8.330 5.762 9.062 8.803 10.124 13.478 11.456 10.951 9.292 
m2c95r3.htb 1.848 2.343 3.729 2.838 1.716 1.848 2.046 2.211 2.607 2.343 2.343 3.227 1.790 9.849 4.241 2.024 3.430 3.241 3.224 5.238 3.007 4.495 
m2c96r3.htb 60.660 66.997 67.492 71.584 72.211 70.363 69.670 68.515 72.046 70.627 74.191 24.604 83.855 35.364 53.825 55.027 39.681 43.504 32.951 122.211 58.976 55.027 
m2c104r3.htb 16.852 14.788 11.510 10.747 9.509 10.045 9.798 10.252 10.334 10.479 10.437 30.222 19.069 24.721 29.283 14.673 15.476 14.652 17.916 17.057 15.094 16.476 
m2c105r3.htb 54.587 49.373 46.667 44.059 43.564 45.842 44.389 42.079 41.881 43.267 43.927 41.087 46.495 42.101 42.372 47.527 60.924 34.012 31.623 50.174 63.493 54.388 
m2c107r3.htb 7.018 6.814 9.181 8.125 8.491 10.716 9.872 10.501 11.794 12.813 15.376 16.479 25.830 43.456 22.207 22.671 40.309 24.625 16.661 24.321 30.594 31.681 
m2c108r3.htb 17.525 22.871 26.865 30.198 29.802 29.604 31.155 30.528 28.449 27.822 24.983 13.058 32.137 33.447 38.925 36.666 21.455 30.067 40.705 19.399 24.024 26.210 
m2c111r3.htb 4.208 4.208 4.752 4.365 5.311 4.208 6.053 4.298 5.153 5.176 4.478 6.617 8.258 8.983 6.124 10.400 7.027 11.089 6.654 12.383 5.374 7.865 
m2c117r3.htb 50.623 30.406 18.716 14.883 16.800 14.596 15.969 16.040 15.714 18.716 34.079 958.451 568.911 234.314 132.894 275.560 156.715 182.318 173.032 150.753 433.510 680.899 
m2c118r3.htb 26.114 20.173 20.198 18.218 17.178 15.718 14.876 13.787 14.827 13.886 14.356 121.189 106.460 100.734 36.638 65.330 43.796 49.693 54.715 54.368 73.672 55.600 
m2c122r3.htb 40.450 40.945 36.992 36.262 35.994 37.645 36.613 37.108 35.664 34.674 30.776 34.623 24.924 29.555 22.302 30.722 17.069 21.879 26.655 21.170 31.265 18.932 
m2c123r3.htb 28.173 26.343 25.526 24.350 24.134 24.103 22.865 26.423 24.845 25.203 21.968 33.703 38.779 41.535 63.046 38.753 40.832 36.325 57.960 51.314 45.712 34.812 
m2c124r3.htb 32.772 35.025 36.856 33.589 35.446 34.233 34.059 34.455 34.802 33.985 28.837 49.055 31.303 37.326 45.716 36.708 32.621 48.954 25.397 18.528 38.226 77.729 
m2c132r3.htb 7.831 8.581 11.371 10.741 10.381 9.091 10.891 7.291 6.991 10.021 18.962 20.608 32.636 27.088 24.147 18.572 21.349 21.505 15.429 12.005 18.059 29.845 
m2c201r3.htb 19.134 29.876 38.119 43.663 45.347 41.287 45.693 46.213 42.723 45.545 58.045 46.722 85.506 71.536 109.582 116.741 89.393 98.208 83.370 139.230 165.142 103.896 
m2c207r3.htb 79.876 53.292 35.916 28.218 25.347 25.668 24.851 23.738 19.777 14.975 7.797 43.354 61.426 32.073 39.614 44.983 44.962 36.990 41.247 28.730 34.345 11.723 
m2c209r3.htb 46.370 37.426 35.545 34.884 33.663 35.578 33.300 33.861 31.551 32.211 35.314 71.601 47.554 43.698 59.337 44.485 113.710 55.605 44.985 45.616 83.273 55.528 
m2c215r7.htb 12.390 19.540 28.260 34.450 36.181 36.022 37.199 37.765 40.283 47.496 52.825 21.184 20.991 8.266 29.633 37.732 39.569 30.002 33.223 41.851 33.531 37.125 
m2c218r3.htb 19.340 16.865 14.851 12.442 14.125 11.881 12.937 11.914 10.264 10.594 10.891 49.200 37.419 39.550 30.807 33.055 29.815 31.568 28.157 25.791 25.227 21.499 
m2c219r3.htb 83.366 40.990 37.954 38.185 40.594 38.119 40.660 42.178 43.696 52.970 58.152 265.586 198.263 224.409 293.459 208.228 285.553 230.602 341.116 416.371 553.479 536.454 
m2c225r3.htb 19.901 16.535 14.884 14.290 14.455 12.409 13.564 12.871 10.858 10.495 9.274 29.973 35.706 39.583 35.066 26.745 22.563 32.394 18.321 16.055 20.120 21.464 
m2c227r3.htb 88.192 89.071 71.984 71.654 69.650 69.930 64.466 62.816 55.331 39.452 20.716 396.637 208.645 484.705 263.711 141.472 232.869 192.012 225.493 145.188 136.355 72.065 
m2c229r3.htb 4.884 4.752 5.281 4.752 4.422 5.050 5.974 6.271 6.436 7.525 12.244 8.244 8.681 8.609 4.421 5.593 9.894 9.768 9.893 9.042 11.737 19.774 
m2c232r3.htb 0.693 1.155 1.749 1.617 1.485 1.485 1.650 1.617 1.782 2.211 2.244 0.483 1.290 1.331 1.114 0.997 1.538 1.037 1.114 1.582 2.345 2.362 
m2c234r3.htb 161.674 190.067 201.852 200.351 201.309 197.732 202.555 198.563 192.814 170.105 121.910 461.928 355.487 351.779 240.012 222.160 251.818 248.588 227.026 307.419 316.859 312.240 
m2c235r3.htb 108.468 102.435 91.571 89.396 84.265 86.701 82.465 83.115 75.890 59.352 28.606 92.609 115.108 42.786 71.795 78.085 92.994 44.029 99.225 51.151 33.164 22.208 
m2c243r3.htb 36.931 49.233 57.550 62.030 63.688 64.307 65.198 66.386 67.847 72.525 82.376 29.318 28.704 24.793 23.454 33.400 34.936 34.162 39.913 40.468 32.614 30.374 
m2c246r3.htb 10.858 26.040 36.865 41.155 41.452 41.782 41.584 41.617 49.109 59.175 75.314 17.881 39.898 33.917 34.390 24.996 44.715 66.931 45.667 68.188 40.745 47.253 
m2c251r3.htb 29.593 6.986 1.210 0.715 0.825 0.605 0.495 0.578 0.358 0.193 0.138 37.015 8.792 1.127 0.650 1.484 0.688 0.756 1.253 0.905 0.158 0.121 
m2c257r3.htb 58.449 28.878 11.749 8.416 8.086 8.020 6.766 6.568 4.719 2.178 1.782 52.090 25.493 12.016 6.676 12.378 11.449 5.549 15.650 4.846 1.514 3.205 
m2c265r3.htb 5.743 8.383 11.353 12.871 15.347 14.422 14.620 12.871 11.683 11.782 12.211 8.207 14.720 29.323 14.468 23.983 18.908 18.841 17.104 16.591 18.615 23.009 
m2c362r3.htb 9.703 22.310 28.845 30.561 33.465 34.950 32.574 35.809 38.119 43.498 52.904 8.410 23.171 20.061 12.624 14.157 17.182 19.089 14.947 11.138 20.345 14.446 
m2c367r3.htb 20.066 20.627 14.389 12.838 11.188 11.023 11.980 12.178 9.043 8.251 2.508 20.954 53.280 32.501 31.673 15.762 29.188 20.306 21.306 9.244 24.631 3.430 
m2c371r3.htb 58.515 55.281 52.112 51.023 48.878 48.977 47.063 47.294 47.591 46.964 44.455 34.706 16.434 16.055 17.898 18.692 13.030 11.610 14.446 18.249 17.692 26.390 
m2c386r3.htb 58.160 58.384 62.504 66.592 67.199 65.410 63.622 61.897 59.598 61.290 73.619 101.753 68.914 106.313 83.715 78.341 53.781 65.678 83.513 75.772 32.308 50.881 
m2c387r3.htb 56.213 58.515 56.139 56.559 57.624 58.391 57.277 59.752 61.881 68.416 80.223 43.459 33.873 38.719 33.088 46.059 44.465 44.166 36.123 51.629 54.032 27.322 
m2c415r3.htb 36.233 33.003 28.006 26.851 26.591 27.605 26.379 28.901 28.147 25.342 16.007 15.257 16.625 23.158 36.926 19.633 20.715 31.457 26.025 19.182 14.349 15.011 
m2c440r3.htb 18.548 26.865 39.505 44.752 45.941 45.083 45.215 41.815 47.789 56.832 68.185 23.185 38.450 37.816 55.397 28.773 53.729 63.573 25.940 28.728 51.760 84.693 
m5c9r3.htb 88.515 61.411 57.624 63.366 57.054 60.248 54.257 43.317 34.629 80.223 135.155 169.124 211.040 165.328 193.171 164.247 166.688 71.812 
m5c10r3.htb 37.240 21.399 10.636 7.250 5.653 5.142 3.545 2.970 1.693 46.902 50.497 23.329 14.534 10.534 13.621 6.586 7.712 3.411 
m5c12r3.htb 0.891 0.759 0.792 0.726 0.660 0.462 0.660 0.726 1.914 0.767 0.790 1.312 0.672 0.699 0.590 0.631 0.739 3.443 
m5c17r3.htb 28.303 22.313 18.883 19.024 15.311 14.993 14.392 15.559 13.048 25.524 37.795 36.375 27.983 21.965 26.629 21.602 40.509 40.958 
m5c21r3.htb 29.597 49.929 45.085 49.328 50.707 44.625 41.973 37.129 37.235 46.643 82.812 71.923 82.567 89.705 61.572 57.172 67.132 63.272 
m5c22r3.htb 1.139 1.139 0.842 0.644 0.693 0.891 0.644 1.238 3.762 1.163 0.648 1.060 2.402 0.733 2.569 0.544 3.083 2.951 
m5c23r3.htb 37.954 41.485 38.944 37.228 36.007 35.182 34.356 35.842 31.056 13.747 17.128 22.265 27.827 46.073 35.611 34.760 37.211 49.521 
m5c26r3.htb 14.752 11.584 11.716 9.868 11.650 11.485 10.726 10.462 7.558 11.314 14.478 9.538 20.923 18.097 13.629 26.169 16.475 8.957 
m5c27r3.htb 37.789 30.429 23.168 21.452 16.469 15.512 13.333 7.822 4.587 27.048 31.433 13.291 32.474 31.943 23.279 26.146 6.176 8.686 
m5c33r3.htb 32.673 28.218 24.620 24.554 23.267 24.059 20.561 20.000 18.119 20.688 21.955 17.019 19.701 19.995 32.664 12.486 31.329 30.027 
m5c43r3.htb 9.967 12.343 15.809 15.545 17.921 20.858 19.241 21.815 27.393 18.452 13.774 22.546 23.672 35.855 41.371 44.667 28.563 45.792 
m5c45r3.htb 6.420 3.366 3.234 3.960 3.399 3.226 3.577 4.919 8.449 7.899 2.812 5.134 4.530 4.711 6.533 4.227 4.410 9.515 
m5c47r3.htb 6.436 6.782 6.188 7.129 6.931 7.426 6.683 6.436 6.881 5.314 6.013 7.314 3.880 7.739 8.719 8.036 7.894 19.758 
m5c51r3.htb 23.812 22.327 28.960 23.960 24.059 23.020 23.911 22.822 15.248 148.641 86.418 67.163 79.724 277.073 194.705 165.853 65.677 109.112 
m5c53r3.htb 6.238 0.891 0.050 0.050 0.050 0.050 0.050 0.000 1.436 21.886 2.466 0.049 0.049 0.049 0.049 0.049 0.000 1.906 
m5c57r3.htb 26.436 27.591 30.726 28.020 28.812 29.208 27.327 20.165 9.835 64.304 61.166 72.642 57.611 47.889 113.765 115.783 94.073 10.069 
m5c58r3.htb 12.599 23.069 34.505 36.386 39.109 42.005 45.173 49.356 51.089 7.088 13.533 28.331 25.777 29.208 27.493 32.208 54.673 65.695 
m5c59r3.htb 33.568 22.836 16.768 13.638 14.213 12.296 10.636 8.975 8.112 44.333 16.138 27.509 13.705 16.374 23.186 15.944 12.674 13.163 
m5c62r3.htb 20.693 18.738 15.198 12.327 11.089 9.579 7.772 6.832 6.460 23.869 22.189 21.644 24.379 22.984 22.089 21.695 13.513 9.350 
m5c65r3.htb 30.957 24.026 20.231 16.007 16.997 16.073 15.974 11.551 7.789 25.213 31.162 24.385 34.688 31.172 24.182 27.633 22.671 13.165 
m5c88r3.htb 49.545 21.644 16.614 13.248 12.475 10.297 8.257 5.446 5.267 54.695 33.130 25.779 18.881 25.608 22.127 14.629 10.733 10.021 
m5c90r3.htb 89.224 113.729 116.766 112.063 110.248 105.083 96.601 76.997 35.182 318.416 465.208 566.308 475.643 455.549 454.873 417.120 351.158 105.256 
m5c93r3.htb 21.089 41.485 49.274 54.455 49.208 42.046 46.799 47.162 63.267 46.253 66.075 90.707 220.465 235.349 141.753 211.604 58.850 81.895 
m5c96r3.htb 6.574 9.386 11.366 12.198 13.743 15.426 17.307 21.366 26.990 12.834 14.374 7.932 7.220 9.829 11.487 9.452 15.328 20.599 
m5c98r3.htb 159.604 145.069 135.307 129.267 121.901 119.208 111.010 95.208 77.386 198.060 224.357 138.066 178.540 106.258 102.311 77.209 101.125 131.934 
m5c99r3.htb 36.757 13.101 9.469 8.479 7.003 6.373 5.976 4.349 6.489 56.824 24.596 29.001 19.198 13.610 13.970 19.034 12.465 18.355 
m5c104r3.htb 63.622 47.525 35.995 30.342 25.200 25.391 20.057 13.702 9.709 92.865 51.106 101.987 60.814 45.867 50.815 51.104 23.926 19.372 
m5c112r3.htb 28.350 19.109 17.459 17.195 16.997 18.680 18.614 19.142 20.264 20.788 9.002 13.960 11.864 13.121 8.162 9.762 18.885 11.407 
m5c116r3.htb 18.410 16.275 8.911 8.447 8.385 7.271 7.240 5.167 2.908 31.171 19.412 23.654 17.581 21.313 13.573 12.677 13.897 3.980 
m2c432r3.htb 8.805 17.256 26.183 34.470 32.820 34.947 33.627 33.700 37.514 44.444 52.072 21.228 42.438 62.990 99.390 122.288 102.615 99.348 57.874 40.745 50.623 75.125 
m2c436r3.htb 31.221 31.419 32.442 31.254 25.941 23.696 22.112 19.472 16.733 12.376 7.624 35.002 28.796 48.791 31.483 54.788 39.207 27.944 31.324 19.089 20.333 22.523 
m5c178r2.htb 10.119 14.931 19.545 19.347 21.089 19.109 18.515 20.911 21.861 19.743 20.733 10.935 11.557 13.797 15.573 17.535 17.455 12.974 18.751 22.961 21.783 13.300 
m5c179r2.htb 33.927 31.898 32.591 32.343 32.459 32.079 32.129 31.832 31.964 28.663 23.548 17.209 16.818 16.791 12.982 13.627 8.414 10.349 12.190 12.199 14.436 12.365 
m5c180r2.htb 4.692 8.097 9.813 10.055 10.495 10.671 11.375 11.397 10.165 12.189 16.260 13.046 22.337 27.752 27.402 32.858 30.741 33.358 35.452 30.496 53.195 50.685 
m5c181r2.htb 2.822 5.693 10.668 13.317 15.000 12.302 13.738 14.678 13.490 21.015 38.738 4.854 12.857 21.139 18.146 42.206 30.358 44.801 46.043 28.991 29.433 92.208 
m5c182r2.htb 30.136 42.492 48.762 54.785 55.466 57.488 58.086 58.106 62.191 69.059 70.400 23.607 45.504 43.696 36.431 46.699 44.151 43.147 40.136 55.591 54.500 73.094 
m5c183r2.htb 17.901 23.584 28.297 29.327 28.950 30.158 30.396 29.564 29.307 29.149 22.812 15.438 11.431 12.607 34.766 17.668 26.296 29.779 21.087 27.208 27.655 12.682 
m5c185r2.htb 28.342 22.079 17.995 16.733 16.683 16.733 16.411 15.173 13.936 12.376 12.302 45.782 31.229 23.170 30.505 26.269 35.230 22.868 25.306 22.843 32.777 16.634 
m5c186r2.htb 16.946 17.784 17.174 18.031 17.784 17.784 18.641 18.222 18.945 22.030 27.418 20.515 17.298 17.026 15.313 12.300 10.340 23.401 15.848 18.915 23.061 30.929 
m5c188r2.htb 12.950 6.970 6.000 5.624 5.881 6.713 6.337 7.545 8.812 8.515 15.782 18.399 9.001 11.860 9.661 10.820 8.494 13.284 12.679 11.413 23.647 30.786 
m5c189r2.htb 29.901 30.363 32.657 34.769 35.165 35.990 36.502 35.825 35.363 34.653 31.040 34.819 35.313 41.455 31.572 43.847 30.832 53.217 51.656 48.586 35.623 33.324 
m5c190r3.htb 10.757 8.081 5.807 5.887 6.208 5.191 6.101 5.753 4.817 3.800 4.522 20.595 23.446 9.866 12.795 11.853 7.211 12.554 8.542 12.263 5.801 4.876 
m5c192r4.htb 55.649 77.461 81.858 80.547 83.605 82.499 81.508 83.809 84.304 86.546 91.497 42.645 25.432 49.117 59.345 64.414 98.132 74.605 55.781 89.720 114.969 217.633 
m5c192r5.htb 5.848 7.116 11.634 12.314 12.995 11.665 13.026 14.140 15.996 19.059 21.442 9.509 10.337 15.748 29.089 26.547 19.083 21.573 34.420 24.103 28.903 18.063 
m5c194r3.htb 16.898 23.581 25.000 25.198 25.380 26.650 28.696 30.693 31.436 19.302 32.449 18.098 26.565 26.384 28.322 20.121 22.796 27.469 
m5c197r2.htb 33.744 18.266 15.579 13.922 13.720 12.932 13.316 9.699 9.517 43.045 22.631 17.800 25.627 21.362 25.300 21.937 10.823 64.284 
m5c198r2.htb 8.614 11.955 14.035 13.416 13.391 13.663 13.812 14.035 20.124 11.170 10.426 7.535 13.772 12.266 17.002 12.968 16.584 17.263 
m5c200r2.htb 9.406 10.178 10.911 10.238 10.911 11.366 12.356 14.455 20.554 11.774 10.845 14.744 13.388 17.545 13.214 17.495 20.606 23.990 
m5c201r3.htb 12.351 10.025 8.243 8.243 7.005 8.886 8.243 7.228 5.668 19.354 13.985 8.163 12.738 12.386 17.067 26.412 16.801 13.975 
m5c202r2.htb 7.202 20.248 22.811 24.578 24.927 24.228 23.685 28.208 44.341 8.904 32.244 36.230 53.473 48.219 105.258 43.166 29.149 71.417 
m5c204r2.htb 5.164 5.203 6.717 6.989 7.397 7.377 7.960 8.367 11.202 6.286 9.444 8.874 4.878 5.778 8.992 4.861 8.835 10.332 
m5c205r2.htb 27.416 19.849 14.663 13.508 13.885 11.881 11.858 7.449 8.180 47.221 28.594 16.270 18.211 32.206 15.685 12.504 6.276 13.297 
m5c206r2.htb 25.507 35.219 38.237 39.981 39.298 39.910 41.018 43.069 41.419 17.254 26.547 30.028 25.390 24.602 25.894 27.885 24.304 27.636 
m5c207r2.htb 26.752 17.069 15.307 15.584 14.990 14.119 14.851 14.772 17.287 55.396 25.030 32.778 34.523 34.131 24.600 33.050 35.124 56.666 
m5c209r2.htb 16.218 18.475 18.376 18.653 18.752 18.653 16.990 18.495 17.406 8.238 14.029 13.450 15.099 14.061 14.259 14.299 13.462 9.727 
m5c210r2.htb 18.178 9.267 7.604 6.673 6.871 7.109 6.832 6.139 3.267 11.594 4.632 7.900 8.155 7.819 9.631 9.093 8.603 4.171 
