FILE	         Coher	 repet	 Ve_P_u	 Vi_P_u	 co_P_u	 Ve_P_thr	 vi_P_th	 Co_P_thr	 Ve_N_u	 Vi_N_u	 co_N_u	 Ve_N_thr	 vi_N_th	 Co_N_thr	 Ves_CP	 Vis_CP	 Com_CP	 Ves_p	 Vis_p	 Com_p	 sign	 vesMax	 visMax	 coMax	
m2c162r2.htb 40.000 1.307 1.510 1.080 2.749 1.069 0.716 14.988 17.269 24.413 13.272 26.307 60.355 
m2c163r2.htb 39.000 0.948 1.477 0.995 1.142 1.096 0.800 300.000 79.834 55.817 127.138 40.649 20.848 
m2c168r3.htb 20.000 1.346 1.203 1.642 0.958 0.819 0.755 241.311 125.453 83.765 63.570 300.000 300.000 
m2c170r2.htb 20.000 1.017 1.130 1.444 1.012 0.897 1.242 21.107 27.010 20.912 11.952 119.359 26.528 
m2c172r2.htb 28.000 0.675 1.356 1.342 1.105 1.003 1.108 18.587 16.670 13.966 12.129 52.150 25.824 
m2c174r2.htb 24.000 0.897 1.488 1.105 1.366 0.744 0.809 7.619 11.444 7.875 7.115 4.237 5.784 
m2c175r2.htb 24.000 1.050 0.855 1.555 0.972 1.207 0.932 37.113 300.000 63.338 300.000 300.000 53.697 
m2c176r2.htb 22.000 0.993 1.149 1.719 1.750 1.054 0.727 53.769 26.335 90.369 20.296 24.608 248.205 
m2c177r2.htb 33.000 1.440 1.200 1.512 1.370 0.588 0.986 67.625 300.000 22.220 22.928 42.305 21.534 
m2c178r2.htb 30.000 0.879 1.307 1.417 1.392 0.750 1.015 69.538 90.736 22.777 36.212 13.728 11.092 
m2c179r2.htb 33.000 0.943 0.691 1.319 1.060 1.334 0.925 10.536 12.491 25.472 18.858 17.537 12.577 
m2c180r2.htb 21.000 1.727 0.963 1.613 1.780 0.766 0.560 27.828 60.886 67.064 21.774 17.137 21.268 
m2c181r2.htb 52.000 1.058 0.737 1.493 1.458 1.143 0.914 9.300 7.672 11.273 10.866 7.399 7.723 
m2c182r2.htb 60.000 1.034 1.015 1.564 1.159 1.047 0.801 12.875 16.027 31.870 108.657 15.892 13.320 
m2c183r2.htb 30.000 0.729 1.078 1.094 1.255 1.043 0.772 10.771 10.915 25.065 45.369 10.583 11.832 
m2c184r2.htb 37.000 1.391 1.322 2.012 1.658 0.879 1.057 7.203 5.679 18.758 100.368 14.132 12.078 
m2c185r2.htb 40.000 1.296 1.289 1.011 1.064 0.703 0.763 4.715 3.793 7.204 7.465 4.392 3.006 
m2c186r2.htb 30.000 1.619 1.356 0.945 1.380 0.644 1.200 209.124 72.143 38.022 22.517 44.059 60.072 
m2c187r2.htb 33.000 1.075 1.016 0.993 1.557 0.674 0.698 44.084 71.525 43.975 36.012 25.656 23.572 
m2c189r2.htb 32.000 1.129 0.921 1.537 1.292 1.128 1.048 109.037 268.410 300.000 26.039 300.000 82.054 
m2c190r2.htb 35.000 1.534 0.901 1.437 1.221 0.958 1.058 69.042 38.467 12.497 12.775 10.679 13.397 
m2c191r2.htb 35.000 1.438 1.023 1.656 1.040 1.234 0.912 32.654 21.437 40.014 25.973 117.677 269.305 
m2c193r2.htb 52.000 1.166 1.263 1.384 1.921 0.968 1.061 300.000 300.000 300.000 197.031 110.668 79.736 
m2c195r2.htb 30.000 1.092 1.129 1.514 1.531 0.789 1.057 300.000 73.154 300.000 300.000 265.495 81.880 
m2c196r3.htb 27.000 0.662 1.145 1.901 1.651 0.774 0.993 8.648 6.173 4.612 4.096 4.088 3.098 
m2c197r2.htb 42.000 1.199 1.046 1.493 0.961 1.280 1.146 17.388 8.669 3.343 3.196 3.962 2.457 
m2c198r2.htb 20.000 0.775 0.859 1.159 1.776 0.598 0.885 16.396 12.278 11.826 9.890 9.900 7.177 
m2c199r2.htb 30.000 1.043 0.989 1.163 1.124 0.987 0.703 22.655 13.972 15.353 27.682 14.975 8.854 
m2c200r2.htb 30.000 1.218 1.079 0.974 1.304 1.198 0.728 8.623 11.764 8.154 9.702 7.858 5.518 
m2c202r2.htb 40.000 0.945 0.718 1.181 0.682 1.084 0.854 93.760 62.532 26.419 30.920 51.317 58.774 
m2c214r2.htb 26.000 1.094 1.008 0.667 0.947 0.813 0.615 13.747 13.684 4.784 4.426 2.788 2.817 
m2c220r2.htb 20.000 1.337 1.173 1.384 1.107 0.807 0.670 47.338 79.851 7.920 10.079 18.918 9.585 
m2c221r2.htb 28.000 1.659 2.991 1.050 1.066 0.670 0.876 22.220 22.526 300.000 43.437 14.456 19.766 
m2c223r2.htb 36.000 1.599 1.075 0.883 1.054 0.926 0.560 31.499 38.208 47.660 300.000 12.693 17.303 
m2c226r2.htb 35.000 0.968 1.568 1.228 0.779 0.914 0.874 8.428 10.075 10.734 11.704 6.670 12.004 
m2c231r2.htb 31.000 1.242 1.184 0.965 1.215 0.648 0.867 43.017 24.772 11.703 10.513 23.092 19.118 
m2c233r2.htb 27.000 1.049 0.838 1.345 1.078 0.825 0.811 300.000 135.094 22.899 24.991 49.052 26.002 
m2c236r2.htb 40.000 1.114 1.018 0.935 1.039 0.784 0.703 16.655 16.884 300.000 60.433 24.012 34.653 
m2c237r2.htb 44.000 0.978 1.317 0.923 1.009 0.957 1.433 49.148 24.403 6.792 5.737 6.835 4.948 
m2c240r2.htb 37.000 0.778 1.439 0.908 1.138 0.908 0.662 35.970 117.675 13.760 41.548 16.745 33.849 
m2c241r2.htb 20.000 1.183 1.187 1.146 1.032 1.351 0.588 66.822 75.352 9.416 52.173 73.644 29.909 
m2c242r2.htb 25.000 0.994 0.821 0.993 0.997 1.109 0.757 7.244 8.812 14.082 13.512 9.112 6.040 
m2c244r2.htb 18.000 1.633 2.023 0.807 1.076 0.770 0.923 27.257 84.496 74.258 261.321 32.481 300.000 
m2c247r2.htb 18.000 1.991 1.634 1.005 0.894 0.684 0.740 77.792 24.790 5.248 4.710 7.354 7.373 
m2c252r2.htb 36.000 1.157 1.414 1.243 1.139 0.904 1.025 24.399 34.162 21.748 19.766 55.696 300.000 
m2c254r2.htb 50.000 0.850 0.974 1.430 1.225 0.832 0.583 8.611 8.558 11.890 12.200 5.976 9.477 
m2c258r2.htb 41.000 1.329 0.792 0.878 1.052 0.786 0.901 244.648 300.000 25.382 12.721 39.798 28.233 
m2c260r2.htb 34.000 1.290 1.191 1.466 0.965 0.898 0.777 55.142 31.792 13.377 11.440 15.746 9.644 
m2c262r2.htb 42.000 1.226 1.107 1.197 1.378 1.014 0.798 79.526 81.680 21.821 13.405 149.993 155.388 
m2c364r2.htb 35.000 0.858 1.522 1.065 1.055 0.687 0.952 53.496 300.000 7.266 8.488 5.684 7.480 
m2c365r2.htb 31.000 1.558 1.049 1.314 1.073 1.127 0.928 38.048 61.307 75.299 300.000 58.881 82.591 
m2c368r2.htb 37.000 1.514 1.228 1.164 1.315 1.026 1.064 300.000 37.243 36.154 25.018 10.478 13.290 
m2c369r2.htb 40.000 1.108 1.176 0.957 0.984 0.732 0.937 83.452 300.000 68.016 123.615 16.888 26.481 
m2c370r2.htb 20.000 2.379 1.470 0.964 1.281 0.655 1.006 9.992 15.464 20.963 14.974 12.162 15.264 
m2c372r2.htb 30.000 1.122 3.038 1.561 2.682 0.972 1.353 44.804 124.423 14.702 23.015 15.175 16.421 
m2c374r2.htb 40.000 1.314 1.614 1.310 1.168 1.082 0.971 17.154 11.890 220.247 47.261 60.652 300.000 
m2c376r2.htb 25.000 1.213 1.742 1.537 1.399 0.936 0.967 132.789 64.280 20.034 19.726 34.326 14.079 
m2c378r2.htb 40.000 1.263 1.291 2.021 1.131 0.829 0.849 46.215 44.586 8.006 10.117 7.983 9.352 
m2c382r2.htb 46.000 0.852 1.593 1.202 1.282 0.742 0.634 175.575 300.000 13.419 12.998 13.933 12.493 
m2c384r2.htb 45.000 0.863 1.608 1.475 1.637 1.082 0.595 51.276 32.041 22.429 20.792 22.985 23.926 
m2c392r2.htb 26.000 0.990 1.198 1.538 1.052 1.286 1.347 11.312 12.144 22.396 20.984 14.561 9.160 
m2c403r2.htb 33.000 1.512 1.557 1.626 1.075 1.138 1.114 11.713 38.609 27.672 8.519 22.082 13.930 
m2c409r2.htb 17.000 1.611 1.319 1.248 1.203 0.859 0.506 54.265 17.554 139.239 90.776 300.000 88.419 
m2c417r2.htb 21.000 3.150 1.093 1.245 1.579 0.923 0.968 300.000 21.866 33.607 52.955 144.342 73.725 
m2c423r2.htb 46.000 1.460 1.149 1.490 1.210 0.979 0.856 42.592 79.507 53.884 32.954 14.325 19.149 
m2c427r2.htb 30.000 1.522 1.476 1.499 1.630 0.933 0.788 57.749 22.298 34.615 17.798 16.231 15.039 
m2c429r2.htb 27.000 1.153 1.196 1.307 1.467 0.514 0.896 15.045 22.002 9.476 11.867 7.610 8.075 
m2c436r2.htb 45.000 1.818 1.468 1.560 1.618 1.249 1.059 12.028 9.214 6.900 4.839 6.949 6.299 
m2c441r2.htb 40.000 2.316 1.292 1.174 1.590 1.128 0.976 5.771 4.481 3.142 4.423 4.088 4.080 
m2c443r2.htb 40.000 1.101 1.516 1.070 1.341 0.995 1.167 146.488 300.000 18.463 16.423 26.064 300.000 
m2c445r2.htb 23.000 1.719 1.587 1.387 1.165 0.857 0.637 15.493 15.460 17.427 15.516 17.926 36.486 
m2c450r2.htb 21.000 1.294 1.007 1.805 0.926 0.967 0.875 27.989 32.297 5.164 4.534 5.455 3.645 
m5c4r2.htb 29.000 4.676 3.624 6.007 6.083 2.638 2.796 30.183 21.641 27.100 34.047 60.027 58.427 
m5c6r2.htb 38.000 4.485 3.006 3.585 4.996 3.010 2.210 113.765 160.439 38.052 58.203 202.837 101.741 
m5c7r2.htb 26.000 3.074 2.654 4.253 3.040 2.356 2.660 85.219 34.647 24.366 46.136 87.213 42.976 
m5c8r2.htb 15.000 3.554 4.345 4.958 5.188 2.590 1.423 10.337 11.750 27.951 24.544 28.552 47.673 
m5c13r2.htb 30.000 4.837 2.890 3.583 2.632 1.969 2.207 31.112 38.475 19.016 16.903 260.225 32.591 
m5c14r2.htb 33.000 3.951 2.436 2.946 2.969 2.113 1.860 80.208 51.514 33.637 25.097 201.379 140.769 
m5c15r2.htb 25.000 3.392 3.582 2.663 2.644 2.250 2.073 17.111 16.668 300.000 95.300 24.722 30.260 
m5c25r2.htb 45.000 3.083 3.066 2.725 1.913 2.059 2.913 63.815 84.207 52.095 29.143 104.442 17.334 
m5c29r2.htb 50.000 3.441 2.929 2.945 2.090 2.442 2.371 128.473 300.000 300.000 69.900 97.334 90.565 
m5c30r2.htb 15.000 4.637 3.772 10.638 2.172 4.008 1.779 92.797 30.449 157.654 58.906 300.000 60.443 
m5c35r2.htb 27.000 3.412 4.141 4.415 3.592 3.479 1.605 57.364 31.737 58.611 76.585 251.100 40.792 
m5c37r2.htb 40.000 7.269 5.155 6.890 2.968 3.720 2.217 36.668 46.919 119.715 103.461 35.225 32.364 
m5c38r2.htb 30.000 5.689 3.617 3.907 2.695 2.587 1.960 274.191 97.252 52.908 93.785 18.304 45.254 
m5c40r2.htb 40.000 3.519 3.702 2.601 5.200 1.864 2.165 36.545 38.673 35.377 35.435 43.906 114.912 
m5c42r2.htb 12.000 5.231 3.377 6.215 3.494 4.182 3.074 12.924 32.321 300.000 38.752 10.613 12.844 
m5c46r2.htb 50.000 5.016 3.526 4.000 3.550 3.360 1.987 300.000 79.442 300.000 282.871 162.145 94.004 
m5c49r2.htb 35.000 2.670 2.850 3.105 3.220 2.442 1.940 53.267 300.000 284.503 300.000 75.153 300.000 
m5c54r2.htb 26.000 3.200 2.207 4.384 3.709 1.837 1.731 117.101 300.000 9.746 7.310 9.484 9.687 
m5c60r2.htb 34.000 2.542 1.922 3.337 3.344 2.148 1.746 27.860 26.146 12.996 12.433 46.167 53.229 
m5c63r2.htb 16.000 4.390 2.035 4.998 2.783 2.946 2.269 32.579 13.778 31.842 29.473 19.607 18.735 
m5c66r2.htb 37.000 2.654 2.703 3.123 3.209 1.876 3.263 13.308 14.419 43.511 24.822 11.148 11.978 
m5c67r2.htb 30.000 3.383 2.860 3.457 2.315 1.696 2.108 300.000 93.551 24.026 21.157 112.860 78.934 
m5c69r2.htb 40.000 3.626 2.220 3.417 3.335 3.529 2.445 16.754 20.778 19.276 13.531 27.165 39.524 
m5c70r2.htb 50.000 2.640 2.598 2.693 2.794 2.914 1.575 18.302 47.712 89.391 144.915 50.789 118.681 
m5c71r2.htb 50.000 3.574 2.922 2.359 2.858 3.451 1.738 43.212 17.695 26.616 22.472 14.648 9.597 
m5c74r2.htb 38.000 2.161 1.798 3.808 6.261 2.462 2.035 50.604 146.413 16.689 16.171 20.981 22.254 
m5c75r2.htb 35.000 3.545 2.414 3.573 4.347 2.593 1.575 16.409 13.495 7.607 9.786 83.304 129.309 
m5c79r2.htb 34.000 2.912 2.005 3.022 3.331 2.175 1.092 109.470 157.609 137.585 122.410 88.131 300.000 
m5c81r2.htb 29.000 3.152 3.802 3.112 3.192 1.978 2.015 82.091 36.115 18.873 15.992 25.891 25.657 
m5c82r2.htb 20.000 2.652 2.295 3.088 6.628 1.834 1.713 32.747 71.642 52.478 217.110 24.582 26.177 
m5c83r2.htb 24.000 2.547 2.581 2.029 2.749 2.465 2.148 55.867 166.279 75.882 61.331 43.626 91.832 
m5c87r2.htb 25.000 2.875 3.077 3.749 3.166 1.620 2.104 33.038 34.229 76.671 40.512 300.000 46.658 
m5c92r2.htb 21.000 2.926 3.052 3.290 3.351 2.071 1.337 71.607 90.657 295.296 123.565 88.163 300.000 
m5c94r2.htb 20.000 2.606 5.197 3.343 6.432 1.698 2.279 73.197 182.705 65.933 63.381 21.936 45.570 
m5c95r2.htb 27.000 3.339 2.829 3.565 2.456 2.836 2.962 267.307 300.000 300.000 300.000 133.197 300.000 
m5c100r2.htb 30.000 2.172 2.183 3.261 2.029 2.431 2.210 36.548 141.595 300.000 193.553 192.089 34.302 
m5c103r2.htb 11.000 7.386 2.593 1.514 1.663 2.328 1.288 16.866 8.903 300.000 105.372 17.975 10.032 
m5c107r2.htb 40.000 2.609 2.165 2.776 2.788 1.949 2.199 106.215 300.000 300.000 300.000 111.191 300.000 
m5c108r3.htb 23.000 2.804 4.517 3.396 3.572 1.039 1.954 300.000 300.000 300.000 102.113 189.750 62.439 
m5c109r2.htb 34.000 1.911 4.262 3.121 3.699 2.257 2.013 82.788 59.788 300.000 300.000 58.029 81.023 
m5c111r2.htb 20.000 6.118 2.888 4.831 1.279 1.487 1.823 77.825 300.000 37.479 38.573 72.483 93.359 
m5c118r2.htb 39.000 1.892 3.020 2.717 2.518 1.476 1.847 27.274 19.013 300.000 62.228 21.604 31.964 
m5c125r2.htb 45.000 2.387 3.368 3.237 2.468 2.425 1.453 17.607 17.506 20.048 22.058 63.113 48.254 
m5c128r2.htb 30.000 3.210 3.729 5.235 4.930 4.442 2.031 300.000 79.878 23.238 19.346 21.173 41.743 
m5c129r2.htb 33.000 3.578 3.011 3.486 2.415 1.877 1.482 10.922 15.972 17.080 16.357 39.531 59.713 
m5c135r2.htb 16.000 3.041 2.522 1.872 2.262 1.354 2.277 15.500 21.586 300.000 300.000 33.287 28.306 
m5c140r2.htb 32.000 2.789 4.203 3.094 2.410 2.851 1.986 211.358 62.939 33.763 57.353 129.483 166.842 
m5c152r2.htb 23.000 3.368 3.022 3.464 3.211 2.949 2.363 45.180 105.661 96.858 60.945 300.000 96.706 
m5c154r2.htb 40.000 3.000 4.471 3.837 5.144 2.019 1.968 49.410 37.138 21.375 44.393 28.309 34.457 
m5c156r2.htb 21.000 6.538 2.240 3.430 2.642 1.469 2.131 45.150 57.990 74.281 139.366 300.000 168.215 
m5c159r2.htb 20.000 2.871 3.641 1.658 2.801 2.935 3.448 300.000 54.261 69.785 73.816 300.000 26.116 
m5c163r2.htb 27.000 3.233 3.826 3.573 3.618 2.112 2.235 300.000 45.814 17.046 21.856 300.000 133.770 
m5c164r3.htb 20.000 2.963 3.249 3.990 2.811 2.651 3.124 20.863 16.951 11.207 11.763 81.231 300.000 
m5c166r2.htb 24.000 2.533 4.150 3.609 1.736 2.315 1.741 295.641 132.851 121.705 100.215 55.423 28.537 
m5c167r2.htb 20.000 1.849 2.713 1.625 2.245 1.661 1.650 41.327 29.923 38.635 43.968 300.000 242.284 
m5c170r2.htb 45.000 3.080 3.006 3.060 4.160 1.812 2.433 7.797 11.975 24.248 26.857 25.019 37.470 
m5c222r5.htb 20.000 3.928 2.747 4.418 4.262 1.300 1.927 21.493 32.919 64.321 41.510 26.183 30.959 
