FILE	         theshold	 CP	 Rfiring	 Rdfttrial	 Rdftmean	 phase	 ratio	
m2c66r2.htb 2.280 4.692 0.603 0.476 0.050 0.082 0.918 0.903 0.000 0.001 
m2c67r2.htb 193.398 47.614 0.567 0.603 0.102 0.084 -0.155 0.402 0.691 0.283 
m2c70r2.htb 22.666 6.620 0.523 0.413 0.794 0.764 0.464 0.948 0.208 0.000 
m2c71r2.htb 17.811 78.889 0.594 0.577 0.168 0.152 0.833 0.394 0.005 0.294 
m2c72r2.htb 6.033 15.219 0.572 0.511 0.236 0.284 -0.932 -0.630 0.000 0.069 
m2c77r2.htb 16.872 20.784 0.589 0.595 0.048 0.064 0.716 -0.692 0.030 0.039 
m2c78r2.htb 23.876 18.948 0.542 0.525 0.504 0.508 -0.784 -0.878 0.012 0.002 
m2c79r2.htb 15.270 27.702 0.512 0.498 0.770 0.746 0.725 -0.611 0.027 0.080 
m2c81r2.htb 38.648 11.860 0.422 0.456 0.168 0.134 0.155 -0.739 0.690 0.023 
m2c82r2.htb 20.056 11.261 0.389 0.499 0.038 0.030 0.645 -0.879 0.061 0.002 
m2c84r2.htb 6.978 17.577 0.610 0.567 0.050 0.036 -0.888 0.673 0.001 0.047 
m2c86r2.htb 10.098 56.944 0.584 0.522 0.114 0.080 0.801 0.214 0.009 0.579 
m2c91r2.htb 27.353 22.220 0.497 0.530 1.010 0.940 0.355 -0.544 0.348 0.130 
m2c93r2.htb 11.212 19.870 0.580 0.545 0.078 0.086 0.856 0.751 0.003 0.020 
m2c94r2.htb 15.605 20.491 0.601 0.561 0.050 0.042 -0.771 -0.840 0.015 0.005 
m2c97r2.htb 9.708 11.068 0.559 0.549 0.208 0.190 0.885 -0.918 0.002 0.000 
m2c98r2.htb 29.109 22.344 0.637 0.599 0.000 0.004 -0.593 -0.473 0.092 0.198 
m2c99r2.htb 5.968 13.697 0.528 0.437 0.490 0.534 -0.836 -0.733 0.005 0.025 
m2c100r2.htb 4.779 7.731 0.618 0.462 0.012 0.010 -0.916 -0.779 0.001 0.013 
m2c101r2.htb 61.324 20.919 0.573 0.589 0.142 0.194 -0.635 -0.783 0.066 0.013 
m2c103r2.htb 17.453 110.262 0.552 0.553 0.336 0.322 -0.725 -0.398 0.027 0.288 
m2c109r2.htb 32.032 52.731 0.568 0.503 0.206 0.196 0.320 -0.222 0.402 0.565 
m2c110r2.htb 18.474 32.571 0.583 0.557 0.048 0.058 0.620 -0.459 0.075 0.213 
m2c116r2.htb 20.678 12.185 0.527 0.528 0.590 0.616 0.704 -0.835 0.034 0.005 
m2c119r2.htb 37.460 47.324 0.541 0.458 0.334 0.334 -0.233 -0.343 0.545 0.365 
m2c121r2.htb 300.000 63.899 0.495 0.573 0.846 0.892 -0.023 0.253 0.953 0.512 
m2c125r2.htb 32.916 52.851 0.448 0.512 0.352 0.328 0.579 -0.094 0.102 0.810 
m2c126r2.htb 11.232 109.883 0.563 0.519 0.198 0.174 0.751 0.067 0.020 0.864 
m2c127r2.htb 9.422 8.179 0.607 0.525 0.234 0.224 0.789 -0.814 0.011 0.008 
m2c128r2.htb 10.948 11.213 0.519 0.568 0.702 0.712 0.907 -0.917 0.001 0.001 
m2c129r2.htb 16.120 20.590 0.583 0.543 0.068 0.130 -0.798 -0.693 0.010 0.038 
m2c130r2.htb 9.696 78.296 0.508 0.537 0.924 0.928 -0.796 -0.329 0.010 0.387 
m2c131r2.htb 14.351 43.091 0.648 0.589 0.002 0.000 -0.736 -0.427 0.024 0.251 
m2c134r2.htb 8.476 30.571 0.479 0.560 0.690 0.660 0.931 0.511 0.000 0.160 
m2c135r2.htb 6.597 23.235 0.568 0.498 0.168 0.210 0.949 0.638 0.000 0.065 
m2c137r2.htb 300.000 4.240 0.539 0.447 0.684 0.734 -0.175 -0.884 0.653 0.002 
m2c138r2.htb 17.277 18.656 0.443 0.493 0.322 0.276 0.788 0.705 0.012 0.034 
m2c139r2.htb 70.836 27.268 0.476 0.467 0.666 0.704 -0.292 0.523 0.446 0.148 
m2c140r2.htb 2.219 2.219 0.602 0.649 0.066 0.052 0.978 -0.963 0.000 0.000 
m2c141r2.htb 6.501 11.141 0.534 0.500 0.564 0.522 0.843 -0.718 0.004 0.029 
m2c143r2.htb 44.989 58.558 0.566 0.544 0.166 0.166 -0.314 -0.076 0.411 0.846 
m2c144r2.htb 7.310 25.218 0.594 0.553 0.164 0.216 -0.950 0.549 0.000 0.126 
m2c145r2.htb 6.116 10.227 0.671 0.516 0.030 0.032 -0.834 -0.792 0.005 0.011 
m2c148r2.htb 32.814 178.901 0.573 0.483 0.284 0.268 -0.277 0.085 0.471 0.828 
m2c149r2.htb 11.198 113.672 0.530 0.468 0.480 0.440 -0.908 -0.196 0.001 0.614 
m2c150r2.htb 36.916 32.123 0.550 0.421 0.530 0.520 0.571 -0.497 0.108 0.173 
m2c151r2.htb 5.086 9.194 0.636 0.597 0.044 0.044 -0.888 0.820 0.001 0.007 
m2c152r2.htb 96.983 40.987 0.503 0.501 0.992 1.002 0.098 0.232 0.801 0.549 
m2c155r2.htb 10.774 43.761 0.548 0.593 0.426 0.420 0.768 0.439 0.016 0.237 
m2c157r2.htb 3.244 6.814 0.515 0.381 0.742 0.684 -0.977 -0.932 0.000 0.000 
m2c158r2.htb 3.261 23.474 0.494 0.480 0.890 0.774 -0.996 -0.422 0.000 0.258 
m2c159r2.htb 3.897 4.356 0.488 0.497 0.768 0.778 0.991 -0.965 0.000 0.000 
m2c160r2.htb 5.115 3.719 0.566 0.614 0.354 0.388 0.951 -0.901 0.000 0.001 
m2c161r2.htb 207.517 16.345 0.397 0.418 0.034 0.038 0.035 -0.536 0.930 0.137 
m2c162r2.htb 12.731 14.693 0.584 0.454 0.074 0.054 -0.831 0.739 0.006 0.023 
m2c163r2.htb 43.906 21.667 0.441 0.520 0.146 0.108 0.394 -0.601 0.294 0.087 
m2c168r3.htb 300.000 28.022 0.521 0.510 0.848 0.742 0.179 -0.425 0.644 0.255 
m2c170r2.htb 43.165 5.239 0.563 0.499 0.388 0.416 -0.342 -0.818 0.367 0.007 
m2c172r2.htb 6.200 4.249 0.414 0.574 0.162 0.172 0.895 -0.902 0.001 0.001 
m2c174r2.htb 5.354 57.967 0.492 0.401 0.848 0.862 -0.956 -0.146 0.000 0.708 
m2c175r2.htb 18.864 36.320 0.561 0.588 0.468 0.458 0.860 -0.535 0.003 0.138 
m2c176r2.htb 31.316 27.224 0.514 0.487 0.900 0.856 0.330 -0.352 0.386 0.352 
m2c177r2.htb 26.148 31.313 0.518 0.540 0.690 0.716 -0.502 0.573 0.168 0.107 
m2c178r2.htb 48.043 16.766 0.473 0.483 0.596 0.594 0.421 0.748 0.259 0.021 
m2c179r2.htb 8.435 10.831 0.622 0.689 0.034 0.042 0.713 -0.652 0.031 0.057 
m2c180r2.htb 120.201 23.832 0.510 0.400 0.842 0.864 -0.014 -0.690 0.971 0.040 
m2c181r2.htb 2.714 3.827 0.474 0.452 0.526 0.504 -0.966 0.968 0.000 0.000 
m2c182r2.htb 9.381 27.575 0.606 0.581 0.008 0.004 0.947 -0.723 0.000 0.028 
m2c183r2.htb 5.337 24.758 0.570 0.432 0.286 0.286 -0.974 -0.648 0.000 0.059 
m2c184r2.htb 4.764 13.820 0.538 0.504 0.378 0.394 -0.965 -0.820 0.000 0.007 
m2c185r2.htb 2.017 3.663 0.562 0.427 0.116 0.108 0.993 0.980 0.000 0.000 
m2c186r2.htb 300.000 32.437 0.395 0.443 0.044 0.052 0.020 0.190 0.959 0.625 
m2c187r2.htb 300.000 31.629 0.569 0.474 0.160 0.170 0.016 -0.452 0.968 0.221 
m2c189r2.htb 23.840 53.042 0.555 0.475 0.410 0.404 0.714 0.422 0.031 0.257 
m2c190r2.htb 25.606 45.855 0.505 0.532 0.862 0.878 0.829 -0.510 0.006 0.161 
m2c191r2.htb 11.080 13.631 0.557 0.490 0.214 0.184 0.807 0.783 0.009 0.013 
m2c193r2.htb 49.823 19.964 0.415 0.412 0.016 0.022 -0.440 0.786 0.236 0.012 
m2c195r2.htb 300.000 31.554 0.459 0.557 0.434 0.398 -0.315 0.584 0.410 0.099 
m2c196r3.htb 2.334 4.020 0.638 0.638 0.024 0.022 0.972 -0.962 0.000 0.000 
m2c197r2.htb 5.682 10.156 0.528 0.544 0.490 0.476 0.906 -0.852 0.001 0.004 
m2c198r2.htb 7.438 10.709 0.523 0.579 0.728 0.754 0.710 -0.729 0.032 0.026 
m2c199r2.htb 9.311 123.089 0.607 0.381 0.036 0.060 -0.809 -0.160 0.008 0.682 
m2c200r2.htb 5.826 14.256 0.528 0.527 0.614 0.620 0.902 0.708 0.001 0.033 
m2c202r2.htb 25.614 300.000 0.581 0.490 0.126 0.126 -0.597 0.083 0.090 0.832 
m2c214r2.htb 9.212 13.227 0.686 0.547 0.006 0.000 -0.870 -0.689 0.002 0.040 
m2c220r2.htb 15.840 12.938 0.564 0.535 0.356 0.348 0.730 0.663 0.026 0.051 
m2c221r2.htb 9.496 16.868 0.508 0.427 0.834 0.846 0.814 0.683 0.008 0.043 
m2c223r2.htb 13.776 22.372 0.515 0.533 0.750 0.852 0.814 0.599 0.008 0.088 
m2c226r2.htb 3.205 3.740 0.563 0.596 0.130 0.162 0.886 -0.870 0.001 0.002 
m2c231r2.htb 12.132 35.680 0.488 0.459 0.856 0.786 0.750 0.302 0.020 0.430 
m2c233r2.htb 300.000 300.000 0.480 0.379 0.692 0.812 0.177 -0.054 0.648 0.891 
m2c236r2.htb 4.056 3.133 0.650 0.667 0.002 0.000 -0.923 0.896 0.000 0.001 
m2c237r2.htb 18.158 23.039 0.552 0.521 0.212 0.222 -0.856 0.840 0.003 0.005 
m2c240r2.htb 47.402 24.646 0.584 0.432 0.056 0.096 -0.274 -0.534 0.476 0.139 
m2c241r2.htb 300.000 300.000 0.508 0.534 0.998 0.932 -0.215 0.222 0.579 0.565 
m2c242r2.htb 4.777 5.193 0.536 0.481 0.586 0.606 -0.926 0.871 0.000 0.002 
m2c244r2.htb 28.195 19.997 0.657 0.718 0.036 0.024 0.401 -0.507 0.285 0.164 
m2c247r2.htb 12.694 86.103 0.523 0.479 0.772 0.784 -0.784 0.140 0.012 0.719 
m2c252r2.htb 11.279 84.107 0.491 0.457 0.894 0.806 -0.750 0.320 0.020 0.401 
m2c254r2.htb 4.828 8.722 0.564 0.514 0.132 0.122 0.973 0.980 0.000 0.000 
m2c258r2.htb 300.000 48.870 0.426 0.580 0.080 0.078 -0.147 -0.190 0.707 0.625 
m2c260r2.htb 14.655 16.873 0.560 0.554 0.246 0.236 -0.835 -0.799 0.005 0.010 
m2c262r2.htb 31.905 15.888 0.557 0.608 0.140 0.116 -0.446 0.757 0.229 0.018 
m2c364r2.htb 16.107 14.854 0.463 0.490 0.444 0.422 -0.755 0.878 0.019 0.002 
m2c365r2.htb 74.361 71.810 0.491 0.476 0.886 0.886 0.158 -0.386 0.684 0.306 
m2c368r2.htb 35.263 40.040 0.447 0.577 0.274 0.280 0.525 0.386 0.146 0.305 
m2c369r2.htb 75.695 19.984 0.490 0.565 0.856 0.840 -0.463 -0.720 0.209 0.029 
m2c370r2.htb 6.282 15.171 0.531 0.405 0.656 0.652 -0.904 -0.684 0.001 0.042 
m2c372r2.htb 20.268 26.395 0.535 0.472 0.476 0.474 -0.522 -0.428 0.150 0.251 
m2c374r2.htb 8.352 11.743 0.532 0.439 0.474 0.458 -0.929 -0.902 0.000 0.001 
m2c376r2.htb 121.582 300.000 0.575 0.527 0.196 0.178 -0.559 -0.217 0.118 0.575 
m2c378r2.htb 14.442 15.328 0.528 0.508 0.554 0.516 0.752 0.769 0.019 0.016 
m2c382r2.htb 64.798 300.000 0.476 0.522 0.630 0.640 -0.525 -0.024 0.146 0.951 
m2c384r2.htb 25.469 53.573 0.576 0.602 0.070 0.072 0.691 0.626 0.039 0.071 
m2c392r2.htb 55.490 70.956 0.466 0.480 0.524 0.574 -0.270 -0.043 0.483 0.912 
m2c403r2.htb 13.016 138.700 0.530 0.592 0.544 0.486 -0.771 0.033 0.015 0.933 
m2c409r2.htb 9.504 9.455 0.639 0.512 0.064 0.056 -0.712 -0.833 0.031 0.005 
m2c417r2.htb 34.081 21.221 0.606 0.440 0.088 0.094 -0.217 0.755 0.575 0.019 
m2c423r2.htb 35.412 300.000 0.508 0.497 0.848 0.840 -0.362 0.068 0.338 0.862 
m2c427r2.htb 20.269 300.000 0.401 0.440 0.050 0.032 0.677 -0.202 0.045 0.602 
m2c429r2.htb 7.208 11.362 0.551 0.540 0.340 0.384 0.939 -0.866 0.000 0.003 
m2c436r2.htb 4.506 6.095 0.569 0.536 0.096 0.076 -0.972 -0.896 0.000 0.001 
m2c441r2.htb 1.811 4.072 0.589 0.442 0.016 0.036 0.970 0.957 0.000 0.000 
m2c443r2.htb 73.215 22.272 0.443 0.412 0.164 0.172 -0.237 0.614 0.539 0.079 
m2c445r2.htb 6.508 5.816 0.634 0.588 0.028 0.040 -0.863 -0.930 0.003 0.000 
m2c450r2.htb 100.929 18.058 0.692 0.341 0.008 0.006 -0.314 -0.806 0.410 0.009 
m5c4r2.htb 20.059 19.539 0.532 0.480 0.536 0.520 -0.902 -0.865 0.001 0.003 
m5c6r2.htb 43.283 166.669 0.624 0.561 0.004 0.002 0.501 -0.140 0.169 0.719 
m5c7r2.htb 300.000 85.673 0.538 0.485 0.504 0.450 -0.045 -0.022 0.908 0.956 
m5c8r2.htb 5.017 5.767 0.653 0.602 0.030 0.038 -0.979 0.952 0.000 0.000 
m5c13r2.htb 16.788 22.471 0.461 0.467 0.366 0.434 -0.949 -0.930 0.000 0.000 
m5c14r2.htb 16.551 18.568 0.564 0.547 0.170 0.150 0.857 -0.703 0.003 0.034 
m5c15r2.htb 8.702 13.867 0.443 0.459 0.286 0.274 0.942 -0.876 0.000 0.002 
m5c25r2.htb 127.563 34.441 0.517 0.520 0.690 0.686 -0.434 -0.795 0.243 0.011 
m5c29r2.htb 216.178 300.000 0.503 0.499 0.950 0.936 0.067 0.019 0.865 0.961 
m5c30r2.htb 92.679 59.931 0.573 0.564 0.336 0.336 0.288 -0.367 0.452 0.331 
m5c35r2.htb 64.050 51.637 0.502 0.571 0.970 0.978 0.318 0.523 0.404 0.148 
m5c37r2.htb 19.544 22.276 0.660 0.628 0.004 0.010 -0.903 -0.949 0.001 0.000 
m5c38r2.htb 71.640 31.611 0.409 0.451 0.034 0.038 0.595 -0.874 0.091 0.002 
m5c40r2.htb 11.436 9.924 0.504 0.561 0.968 0.964 0.968 0.971 0.000 0.000 
m5c42r2.htb 10.088 15.029 0.543 0.543 0.656 0.700 0.905 0.812 0.001 0.008 
m5c46r2.htb 50.745 60.434 0.430 0.427 0.044 0.044 -0.753 0.536 0.019 0.137 
m5c49r2.htb 37.601 38.949 0.462 0.578 0.486 0.464 -0.777 0.588 0.014 0.096 
m5c54r2.htb 66.950 102.097 0.538 0.472 0.470 0.466 0.710 0.570 0.032 0.109 
m5c60r2.htb 6.503 54.346 0.588 0.462 0.072 0.078 0.846 0.287 0.004 0.455 
m5c63r2.htb 20.092 16.813 0.374 0.210 0.106 0.116 -0.867 -0.923 0.002 0.000 
m5c66r2.htb 4.756 5.096 0.581 0.605 0.080 0.080 -0.977 -0.957 0.000 0.000 
m5c67r2.htb 37.914 12.089 0.618 0.695 0.050 0.044 0.807 0.951 0.009 0.000 
m5c69r2.htb 4.110 4.153 0.493 0.495 0.868 0.884 -0.884 0.849 0.002 0.004 
m5c70r2.htb 19.833 31.490 0.631 0.621 0.000 0.000 -0.968 0.876 0.000 0.002 
m5c71r2.htb 13.663 13.889 0.533 0.523 0.478 0.436 0.979 -0.942 0.000 0.000 
m5c74r2.htb 19.081 5.645 0.542 0.447 0.348 0.378 -0.823 -0.989 0.006 0.000 
m5c75r2.htb 7.537 13.486 0.546 0.537 0.416 0.332 0.904 -0.814 0.001 0.008 
m5c79r2.htb 58.966 80.500 0.504 0.470 1.004 0.948 -0.628 -0.451 0.070 0.223 
m5c81r2.htb 16.351 11.170 0.527 0.466 0.548 0.598 0.883 0.941 0.002 0.000 
m5c82r2.htb 19.049 25.085 0.498 0.451 0.966 1.006 0.590 0.629 0.094 0.070 
m5c83r2.htb 21.267 16.389 0.526 0.494 0.650 0.652 0.516 0.658 0.155 0.054 
m5c87r2.htb 12.933 15.710 0.462 0.444 0.572 0.544 -0.686 0.594 0.041 0.092 
m5c92r2.htb 28.698 25.457 0.559 0.553 0.408 0.386 -0.689 -0.642 0.040 0.063 
m5c94r2.htb 85.161 33.706 0.536 0.490 0.622 0.628 0.455 -0.759 0.219 0.018 
m5c95r2.htb 19.962 84.130 0.452 0.397 0.380 0.372 0.801 -0.374 0.010 0.321 
m5c100r2.htb 18.038 18.170 0.536 0.540 0.462 0.526 0.902 -0.934 0.001 0.000 
m5c103r2.htb 2.027 4.188 0.607 0.547 0.362 0.390 0.981 -0.957 0.000 0.000 
m5c107r2.htb 92.168 122.443 0.470 0.466 0.534 0.592 -0.335 -0.444 0.378 0.231 
m5c108r3.htb 66.692 199.857 0.558 0.401 0.278 0.318 -0.345 -0.281 0.363 0.465 
m5c109r2.htb 14.700 14.963 0.459 0.536 0.384 0.388 0.921 -0.901 0.000 0.001 
m5c111r2.htb 300.000 300.000 0.361 0.384 0.032 0.038 0.000 -0.078 0.999 0.841 
m5c118r2.htb 16.690 32.214 0.572 0.567 0.092 0.074 -0.805 0.713 0.009 0.031 
m5c125r2.htb 13.626 20.207 0.558 0.450 0.174 0.200 -0.914 -0.966 0.001 0.000 
m5c128r2.htb 62.697 71.773 0.498 0.474 0.984 0.960 0.452 -0.290 0.222 0.449 
m5c129r2.htb 8.845 8.113 0.538 0.569 0.496 0.494 -0.956 0.960 0.000 0.000 
m5c135r2.htb 7.801 13.501 0.494 0.625 0.976 0.962 -0.899 -0.791 0.001 0.011 
m5c140r2.htb 13.167 7.457 0.535 0.543 0.388 0.392 0.858 0.917 0.003 0.000 
m5c152r2.htb 15.448 8.940 0.568 0.559 0.284 0.258 -0.950 -0.928 0.000 0.000 
m5c154r2.htb 149.573 19.736 0.423 0.447 0.074 0.060 0.292 -0.727 0.446 0.027 
m5c156r2.htb 22.307 22.767 0.541 0.462 0.460 0.452 -0.669 -0.727 0.049 0.026 
m5c159r2.htb 33.098 300.000 0.664 0.393 0.094 0.068 -0.558 -0.026 0.119 0.948 
m5c163r2.htb 3.941 9.075 0.436 0.497 0.262 0.254 0.971 -0.878 0.000 0.002 
m5c164r3.htb 165.995 16.108 0.321 0.459 0.008 0.008 -0.188 0.751 0.629 0.020 
m5c166r2.htb 39.690 13.906 0.533 0.527 0.586 0.590 0.583 0.856 0.099 0.003 
m5c167r2.htb 15.980 22.724 0.584 0.581 0.266 0.246 0.910 -0.884 0.001 0.002 
m5c170r2.htb 3.173 6.630 0.586 0.586 0.032 0.012 -0.977 0.932 0.000 0.000 
m2c185r2.htb 2.017 3.947 0.549 0.423 0.162 0.176 0.991 0.986 0.000 0.000 
m14c1r2.htb 26.850 300.000  NaN  NaN  NaN  NaN -0.370 0.001 0.213 0.996 
