FILE	         Coher	 repet	 Ve_P_u	 Vi_P_u	 co_P_u	 Ve_P_thr	 vi_P_th	 Co_P_thr	 Ve_N_u	 Vi_N_u	 co_N_u	 Ve_N_thr	 vi_N_th	 Co_N_thr	 Ves_CP	 Vis_CP	 Com_CP	 Ves_p	 Vis_p	 Com_p	 sign	 vesMax	 visMax	 coMax	
m2c66r2.htb 2.321 1.453 1.762 0.005 0.058 0.195 0.573 0.427 0.805 0.942 0.995 
m2c67r2.htb 9.667 1.828 2.420 0.159 0.439 0.480 0.312 0.688 0.520 0.561 0.841 
m2c70r2.htb 15.442 300.000 16.232 0.368 0.308 0.277 0.539 0.461 0.723 0.692 0.632 
m2c71r2.htb 5.918 31.333 40.978 0.113 0.222 0.477 0.321 0.679 0.523 0.778 0.887 
m2c72r2.htb 2.524 1.650 2.576 0.024 0.062 0.364 0.468 0.532 0.636 0.938 0.976 
m2c77r2.htb 10.952 12.250 5.044 0.271 0.300 0.328 0.439 0.561 0.672 0.700 0.729 
m2c78r2.htb 185.167 57.613 49.919 0.483 0.524 0.451 0.464 0.536 0.549 0.476 0.517 
m2c79r2.htb 20.658 3.826 4.804 0.344 0.390 0.501 0.503 0.497 0.499 0.610 0.656 
m2c81r2.htb 21.612 8.961 18.209 0.415 0.317 0.393 0.448 0.552 0.607 0.683 0.585 
m2c82r2.htb 29.610 29.382 300.000 0.386 0.470 0.489 0.463 0.537 0.511 0.530 0.614 
m2c84r2.htb 5.549 3.893 23.554 0.048 0.330 0.355 0.392 0.608 0.645 0.670 0.952 
m2c86r2.htb 7.173 6.780 5.408 0.189 0.218 0.370 0.452 0.548 0.630 0.782 0.811 
m2c91r2.htb 17.060 40.869 84.997 0.325 0.414 0.392 0.564 0.436 0.608 0.586 0.675 
m2c93r2.htb 5.471 215.283 10.506 0.088 0.235 0.378 0.383 0.617 0.622 0.765 0.912 
m2c94r2.htb 27.588 20.281 8.948 0.357 0.458 0.510 0.562 0.438 0.490 0.542 0.643 
m2c97r2.htb 11.584 0.986 1.291 0.260 0.314 0.378 0.515 0.485 0.622 0.686 0.740 
m2c98r2.htb 30.151 61.299 10.061 0.431 0.372 0.434 0.498 0.502 0.566 0.628 0.569 
m2c99r2.htb 3.718 15.468 5.083 0.067 0.114 0.244 0.371 0.629 0.756 0.886 0.933 
m2c100r2.htb 4.379 11.500 9.889 0.052 0.138 0.438 0.421 0.579 0.562 0.862 0.948 
m2c101r2.htb 129.873 34.051 40.915 0.462 0.540 0.494 0.470 0.530 0.506 0.460 0.538 
m2c103r2.htb 14.789 9.275 300.000 0.297 0.334 0.426 0.452 0.548 0.574 0.666 0.703 
m2c109r2.htb 20.087 5.405 5.703 0.359 0.385 0.455 0.483 0.517 0.545 0.615 0.641 
m2c110r2.htb 16.121 3.194 2.439 0.282 0.469 0.346 0.481 0.519 0.654 0.531 0.718 
m2c116r2.htb 15.257 1.055 1.679 0.277 0.452 0.426 0.394 0.606 0.574 0.548 0.723 
m2c119r2.htb 226.860 40.655 97.200 0.503 0.457 0.380 0.523 0.477 0.620 0.543 0.497 
m2c121r2.htb 48.148 26.856 14.193 0.481 0.382 0.463 0.420 0.580 0.537 0.618 0.519 
m2c125r2.htb 26.829 3.067 3.832 0.302 0.564 0.506 0.538 0.462 0.494 0.436 0.698 
m2c126r2.htb 41.972 19.322 9.702 0.402 0.452 0.526 0.636 0.364 0.474 0.548 0.598 
m2c127r2.htb 7.944 1.231 1.377 0.187 0.239 0.473 0.473 0.527 0.527 0.761 0.813 
m2c128r2.htb 7.887 1.025 1.256 0.156 0.338 0.297 0.443 0.557 0.703 0.662 0.844 
m2c129r2.htb 14.029 2.545 3.714 0.268 0.419 0.318 0.564 0.436 0.682 0.581 0.732 
m2c130r2.htb 6.575 5.308 8.685 0.132 0.227 0.422 0.505 0.495 0.578 0.773 0.868 
m2c131r2.htb 11.314 3.564 4.267 0.203 0.482 0.282 0.429 0.571 0.718 0.518 0.797 
m2c134r2.htb 10.195 10.457 14.469 0.191 0.369 0.393 0.481 0.519 0.607 0.631 0.809 
m2c135r2.htb 5.551 5.627 7.894 0.032 0.321 0.389 0.460 0.540 0.611 0.679 0.968 
m2c137r2.htb 2.811 5.610 3.136 0.002 0.154 0.258 0.311 0.689 0.742 0.846 0.998 
m2c138r2.htb 20.940 38.883 20.378 0.351 0.488 0.356 0.444 0.556 0.644 0.512 0.649 
m2c139r2.htb 113.391 6.185 12.115 0.497 0.408 0.540 0.431 0.569 0.460 0.592 0.503 
m2c140r2.htb 1.677 0.959 1.692 0.000 0.030 0.172 0.391 0.609 0.828 0.970 1.000 
m2c141r2.htb 6.609 87.811 6.106 0.147 0.251 0.358 0.399 0.601 0.642 0.749 0.853 
m2c143r2.htb 16.773 2.391 3.530 0.321 0.411 0.389 0.549 0.451 0.611 0.589 0.679 
m2c144r2.htb 7.479 2.279 2.608 0.154 0.242 0.314 0.526 0.474 0.686 0.758 0.846 
m2c145r2.htb 4.528 2.211 3.753 0.071 0.255 0.264 0.368 0.632 0.736 0.745 0.929 
m2c148r2.htb 19.178 6.850 8.584 0.353 0.368 0.444 0.391 0.609 0.556 0.632 0.647 
m2c149r2.htb 6.834 4.473 3.124 0.103 0.340 0.325 0.410 0.590 0.675 0.660 0.897 
m2c150r2.htb 25.026 12.896 6.433 0.406 0.360 0.508 0.424 0.576 0.492 0.640 0.594 
m2c151r2.htb 5.396 5.472 2.649 0.068 0.307 0.338 0.461 0.539 0.662 0.693 0.932 
m2c152r2.htb 21.919 14.997 16.503 0.411 0.316 0.425 0.521 0.479 0.575 0.684 0.589 
m2c155r2.htb 8.718 11.002 10.327 0.140 0.361 0.460 0.451 0.549 0.540 0.639 0.860 
m2c157r2.htb 1.863 1.185 2.893 0.000 0.036 0.245 0.420 0.580 0.755 0.964 1.000 
m2c158r2.htb 2.327 3.563 2.974 0.000 0.067 0.269 0.383 0.617 0.731 0.933 1.000 
m2c159r2.htb 9.128 4.271 6.585 0.148 0.354 0.488 0.604 0.396 0.512 0.646 0.852 
m2c160r2.htb 4.821 15.508 4.437 0.031 0.315 0.179 0.365 0.635 0.821 0.685 0.969 
m2c161r2.htb 5.865 6.341 7.096 0.152 0.153 0.492 0.316 0.684 0.508 0.847 0.848 
m2c162r2.htb 9.070 8.543 18.790 0.227 0.249 0.440 0.405 0.595 0.560 0.751 0.773 
m2c163r2.htb 60.242 32.197 15.622 0.427 0.484 0.607 0.443 0.557 0.393 0.516 0.573 
m2c168r3.htb 58.252 43.725 60.311 0.406 0.565 0.467 0.458 0.542 0.533 0.435 0.594 
m2c170r2.htb 13.691 8.335 15.833 0.340 0.181 0.473 0.453 0.547 0.528 0.819 0.660 
m2c172r2.htb 8.664 6.085 16.402 0.169 0.328 0.442 0.397 0.603 0.558 0.672 0.831 
m2c174r2.htb 5.097 2.553 1.774 0.113 0.117 0.306 0.500 0.500 0.694 0.883 0.887 
m2c175r2.htb 39.118 30.951 60.119 0.453 0.375 0.408 0.598 0.402 0.592 0.625 0.547 
m2c176r2.htb 18.683 17.797 26.911 0.288 0.536 0.352 0.512 0.488 0.648 0.464 0.712 
m2c177r2.htb 300.000 11.491 20.014 0.496 0.490 0.573 0.570 0.430 0.427 0.510 0.504 
m2c178r2.htb 39.782 17.348 5.758 0.445 0.424 0.435 0.459 0.541 0.565 0.576 0.555 
m2c179r2.htb 5.099 10.395 6.084 0.055 0.223 0.402 0.312 0.688 0.598 0.777 0.945 
m2c180r2.htb 21.690 24.930 11.476 0.366 0.315 0.498 0.481 0.519 0.502 0.685 0.634 
m2c181r2.htb 3.270 5.040 3.318 0.014 0.135 0.325 0.409 0.591 0.675 0.865 0.986 
m2c182r2.htb 6.317 25.375 6.528 0.104 0.282 0.372 0.463 0.537 0.628 0.718 0.896 
m2c183r2.htb 6.335 12.662 4.956 0.051 0.332 0.403 0.461 0.539 0.597 0.668 0.949 
m2c184r2.htb 3.522 19.892 7.040 0.003 0.183 0.346 0.446 0.554 0.654 0.817 0.997 
m2c185r2.htb 1.721 2.234 1.874 0.001 0.034 0.257 0.282 0.718 0.743 0.966 0.999 
m2c186r2.htb 42.255 14.533 29.805 0.443 0.470 0.408 0.441 0.559 0.592 0.530 0.557 
m2c187r2.htb 54.299 21.694 18.445 0.446 0.416 0.540 0.473 0.527 0.460 0.584 0.554 
m2c189r2.htb 87.805 38.056 88.487 0.480 0.508 0.365 0.539 0.461 0.635 0.492 0.520 
m2c190r2.htb 26.118 5.014 5.637 0.368 0.446 0.480 0.417 0.583 0.520 0.554 0.632 
m2c191r2.htb 10.940 15.214 204.407 0.248 0.314 0.447 0.485 0.515 0.553 0.686 0.752 
m2c193r2.htb 45.109 300.000 53.030 0.452 0.427 0.462 0.528 0.472 0.538 0.573 0.548 
m2c195r2.htb 142.061 193.398 69.427 0.487 0.457 0.423 0.385 0.615 0.577 0.543 0.513 
m2c196r3.htb 1.924 1.815 1.471 0.013 0.076 0.113 0.393 0.607 0.887 0.924 0.987 
m2c197r2.htb 4.187 1.513 1.438 0.078 0.176 0.287 0.334 0.666 0.713 0.824 0.922 
m2c198r2.htb 6.791 3.527 3.855 0.127 0.290 0.226 0.324 0.676 0.774 0.710 0.873 
m2c199r2.htb 7.014 6.129 4.796 0.146 0.268 0.401 0.533 0.467 0.599 0.732 0.854 
m2c200r2.htb 4.428 3.158 2.958 0.079 0.136 0.389 0.491 0.509 0.611 0.864 0.921 
m2c202r2.htb 35.094 13.403 21.808 0.433 0.403 0.502 0.426 0.574 0.498 0.597 0.567 
m2c214r2.htb 5.952 1.789 1.369 0.108 0.274 0.325 0.348 0.652 0.675 0.726 0.892 
m2c220r2.htb 21.992 3.612 7.545 0.351 0.406 0.607 0.310 0.690 0.393 0.594 0.649 
m2c221r2.htb 9.666 60.696 5.132 0.193 0.431 0.334 0.343 0.657 0.666 0.569 0.807 
m2c223r2.htb 13.238 51.182 5.904 0.257 0.411 0.434 0.412 0.588 0.566 0.589 0.743 
m2c226r2.htb 3.827 5.678 3.899 0.029 0.169 0.326 0.469 0.531 0.674 0.831 0.971 
m2c231r2.htb 12.729 5.643 8.397 0.303 0.367 0.368 0.401 0.599 0.632 0.633 0.697 
m2c233r2.htb 92.295 11.145 15.628 0.464 0.466 0.381 0.481 0.519 0.619 0.534 0.536 
m2c236r2.htb 7.575 26.375 13.749 0.206 0.230 0.332 0.343 0.657 0.668 0.770 0.794 
m2c237r2.htb 19.224 3.741 3.224 0.330 0.452 0.319 0.524 0.476 0.681 0.548 0.670 
m2c240r2.htb 39.843 12.269 10.925 0.438 0.417 0.424 0.474 0.526 0.576 0.583 0.562 
m2c241r2.htb 45.238 15.914 18.966 0.404 0.496 0.524 0.632 0.368 0.476 0.504 0.596 
m2c242r2.htb 3.914 6.080 2.598 0.008 0.181 0.454 0.498 0.502 0.546 0.819 0.992 
m2c244r2.htb 32.308 30.338 215.283 0.423 0.285 0.594 0.471 0.529 0.406 0.715 0.577 
m2c247r2.htb 24.664 2.112 3.247 0.427 0.270 0.329 0.691 0.309 0.671 0.730 0.573 
m2c252r2.htb 10.889 8.770 40.919 0.282 0.241 0.437 0.520 0.480 0.563 0.759 0.718 
m2c254r2.htb 3.854 5.991 3.118 0.021 0.213 0.289 0.322 0.678 0.711 0.787 0.979 
m2c258r2.htb 208.423 7.592 16.512 0.461 0.529 0.507 0.517 0.483 0.493 0.471 0.539 
m2c260r2.htb 22.554 5.055 5.304 0.342 0.487 0.325 0.513 0.487 0.675 0.513 0.658 
m2c262r2.htb 42.203 9.009 169.227 0.390 0.482 0.553 0.646 0.354 0.447 0.518 0.610 
m2c364r2.htb 37.687 3.783 3.346 0.366 0.536 0.493 0.698 0.302 0.507 0.464 0.634 
m2c365r2.htb 27.684 53.337 32.512 0.372 0.415 0.588 0.477 0.523 0.412 0.585 0.628 
m2c368r2.htb 33.442 15.337 7.370 0.401 0.449 0.493 0.443 0.557 0.507 0.551 0.599 
m2c369r2.htb 83.505 39.590 11.776 0.480 0.451 0.455 0.527 0.473 0.545 0.549 0.520 
m2c370r2.htb 5.564 7.237 4.659 0.092 0.234 0.271 0.569 0.431 0.729 0.766 0.907 
m2c372r2.htb 40.987 9.105 7.389 0.433 0.418 0.481 0.428 0.572 0.519 0.582 0.567 
m2c374r2.htb 5.137 27.782 80.207 0.089 0.191 0.311 0.433 0.567 0.689 0.809 0.911 
m2c376r2.htb 199.966 18.281 18.033 0.470 0.478 0.541 0.448 0.552 0.459 0.522 0.530 
m2c378r2.htb 29.717 3.408 2.677 0.338 0.528 0.517 0.484 0.516 0.483 0.472 0.662 
m2c382r2.htb 117.657 6.015 6.788 0.503 0.386 0.536 0.493 0.507 0.464 0.614 0.497 
m2c384r2.htb 23.972 10.368 10.700 0.374 0.379 0.522 0.491 0.509 0.478 0.621 0.626 
m2c392r2.htb 5.191 9.981 5.980 0.067 0.177 0.434 0.447 0.553 0.566 0.823 0.933 
m2c403r2.htb 8.214 7.156 7.488 0.218 0.274 0.259 0.440 0.560 0.741 0.726 0.782 
m2c409r2.htb 16.470 40.756 129.497 0.286 0.389 0.567 0.375 0.625 0.433 0.611 0.714 
m2c417r2.htb 57.196 17.553 35.112 0.479 0.343 0.357 0.485 0.515 0.643 0.657 0.521 
m2c423r2.htb 29.179 17.886 6.712 0.403 0.378 0.462 0.551 0.449 0.538 0.622 0.597 
m2c427r2.htb 15.035 12.351 9.583 0.381 0.244 0.419 0.379 0.621 0.581 0.756 0.619 
m2c429r2.htb 8.809 5.862 2.015 0.130 0.383 0.398 0.517 0.483 0.602 0.617 0.870 
m2c436r2.htb 3.951 1.692 1.981 0.067 0.134 0.262 0.488 0.512 0.738 0.866 0.933 
m2c441r2.htb 2.101 1.758 1.524 0.005 0.063 0.201 0.342 0.658 0.799 0.937 0.995 
m2c443r2.htb 109.402 9.946 27.467 0.485 0.478 0.463 0.518 0.482 0.537 0.522 0.515 
m2c445r2.htb 7.053 7.480 18.311 0.159 0.231 0.313 0.513 0.487 0.687 0.769 0.841 
m2c450r2.htb 12.703 2.086 2.659 0.246 0.405 0.372 0.512 0.488 0.628 0.595 0.754 
m5c4r2.htb 17.695 20.093 33.759 0.244 0.276 0.430 0.509 0.491 0.570 0.724 0.756 
m5c6r2.htb 56.009 25.076 57.420 0.408 0.375 0.492 0.544 0.456 0.508 0.625 0.592 
m5c7r2.htb 20.532 18.819 27.051 0.267 0.351 0.373 0.300 0.700 0.627 0.649 0.733 
m5c8r2.htb 5.636 13.625 19.904 0.000 0.138 0.300 0.562 0.438 0.700 0.862 1.000 
m5c13r2.htb 14.463 9.244 22.107 0.200 0.247 0.406 0.438 0.562 0.594 0.753 0.800 
m5c14r2.htb 26.657 14.459 111.198 0.287 0.439 0.461 0.461 0.539 0.539 0.561 0.713 
m5c15r2.htb 12.003 101.180 12.706 0.078 0.277 0.488 0.622 0.378 0.512 0.723 0.922 
m5c25r2.htb 35.900 18.514 14.563 0.359 0.363 0.494 0.503 0.497 0.506 0.637 0.641 
m5c29r2.htb 300.000 59.183 43.510 0.473 0.505 0.488 0.475 0.525 0.512 0.495 0.527 
m5c30r2.htb 19.762 45.789 59.440 0.284 0.278 0.433 0.540 0.460 0.567 0.722 0.716 
m5c35r2.htb 23.068 27.843 45.323 0.313 0.299 0.481 0.506 0.494 0.519 0.701 0.687 
m5c37r2.htb 27.003 56.264 16.837 0.300 0.351 0.490 0.418 0.582 0.510 0.649 0.700 
m5c38r2.htb 64.455 29.671 12.763 0.434 0.396 0.565 0.511 0.489 0.435 0.604 0.566 
m5c40r2.htb 21.668 18.149 28.635 0.209 0.459 0.470 0.532 0.468 0.530 0.541 0.791 
m5c42r2.htb 11.311 300.000 6.229 0.095 0.186 0.667 0.649 0.351 0.333 0.814 0.905 
m5c46r2.htb 74.957 180.558 60.143 0.439 0.419 0.505 0.383 0.617 0.495 0.581 0.561 
m5c49r2.htb 48.788 178.204 69.763 0.393 0.385 0.507 0.466 0.534 0.493 0.615 0.607 
m5c54r2.htb 86.264 3.599 4.893 0.440 0.516 0.361 0.475 0.525 0.639 0.484 0.560 
m5c60r2.htb 9.067 4.040 14.339 0.079 0.205 0.333 0.408 0.592 0.667 0.795 0.921 
m5c63r2.htb 9.521 7.310 3.499 0.113 0.199 0.240 0.373 0.627 0.760 0.801 0.887 
m5c66r2.htb 6.272 12.612 4.194 0.049 0.077 0.336 0.474 0.526 0.664 0.923 0.951 
m5c67r2.htb 169.726 13.987 82.496 0.443 0.529 0.496 0.495 0.505 0.504 0.471 0.557 
m5c69r2.htb 5.615 6.987 13.993 0.028 0.107 0.297 0.503 0.497 0.703 0.893 0.972 
m5c70r2.htb 15.397 49.782 38.718 0.149 0.330 0.492 0.463 0.537 0.508 0.670 0.851 
m5c71r2.htb 14.859 14.799 7.613 0.170 0.289 0.463 0.437 0.563 0.537 0.711 0.830 
m5c74r2.htb 43.984 8.351 11.723 0.388 0.387 0.398 0.452 0.548 0.602 0.613 0.612 
m5c75r2.htb 5.707 2.604 40.813 0.004 0.145 0.327 0.468 0.532 0.673 0.855 0.996 
m5c79r2.htb 55.495 69.319 102.599 0.363 0.529 0.477 0.413 0.587 0.523 0.471 0.637 
m5c81r2.htb 21.546 6.933 10.114 0.266 0.340 0.388 0.401 0.599 0.612 0.660 0.734 
m5c82r2.htb 23.817 41.205 12.969 0.343 0.269 0.298 0.453 0.548 0.703 0.731 0.657 
m5c83r2.htb 30.469 29.929 25.661 0.338 0.335 0.438 0.527 0.473 0.562 0.665 0.662 
m5c87r2.htb 18.712 30.183 56.958 0.216 0.359 0.385 0.504 0.496 0.615 0.641 0.784 
m5c92r2.htb 36.438 135.850 55.398 0.337 0.417 0.466 0.483 0.517 0.534 0.583 0.663 
m5c94r2.htb 63.045 31.554 14.917 0.375 0.512 0.445 0.511 0.489 0.555 0.487 0.625 
m5c95r2.htb 300.000 300.000 141.399 0.552 0.404 0.444 0.518 0.482 0.556 0.596 0.448 
m5c100r2.htb 26.360 300.000 29.351 0.345 0.297 0.412 0.401 0.599 0.588 0.703 0.655 
m5c103r2.htb 3.830 71.553 3.151 0.000 0.000 0.421 0.269 0.731 0.579 1.000 1.000 
m5c107r2.htb 164.080 300.000 300.000 0.454 0.496 0.495 0.539 0.461 0.505 0.504 0.546 
m5c108r3.htb 300.000 60.560 27.049 0.542 0.399 0.466 0.516 0.484 0.534 0.601 0.458 
m5c109r2.htb 27.183 300.000 31.566 0.295 0.381 0.452 0.539 0.461 0.548 0.619 0.705 
m5c111r2.htb 100.059 22.137 86.985 0.427 0.462 0.431 0.551 0.449 0.569 0.537 0.573 
m5c118r2.htb 9.421 131.679 13.268 0.036 0.309 0.410 0.430 0.570 0.590 0.691 0.964 
m5c125r2.htb 6.479 12.214 24.647 0.044 0.131 0.302 0.353 0.647 0.698 0.869 0.956 
m5c128r2.htb 106.598 9.407 11.946 0.390 0.573 0.520 0.474 0.526 0.480 0.427 0.610 
m5c129r2.htb 7.803 7.746 23.417 0.025 0.221 0.332 0.430 0.570 0.668 0.779 0.975 
m5c135r2.htb 10.683 164.080 15.858 0.049 0.246 0.516 0.477 0.523 0.484 0.754 0.951 
m5c140r2.htb 69.783 16.481 102.808 0.425 0.404 0.542 0.540 0.460 0.458 0.596 0.575 
m5c152r2.htb 30.664 35.010 86.474 0.288 0.386 0.459 0.612 0.388 0.541 0.614 0.712 
m5c154r2.htb 21.746 14.729 13.471 0.292 0.269 0.380 0.488 0.512 0.620 0.731 0.708 
m5c156r2.htb 27.118 42.270 94.033 0.289 0.454 0.368 0.506 0.494 0.632 0.546 0.711 
m5c159r2.htb 54.314 35.509 23.499 0.381 0.488 0.300 0.425 0.575 0.700 0.512 0.619 
m5c163r2.htb 38.969 8.016 157.417 0.323 0.427 0.615 0.540 0.460 0.385 0.573 0.677 
m5c164r3.htb 9.860 5.702 113.486 0.027 0.255 0.446 0.429 0.571 0.554 0.745 0.973 
m5c166r2.htb 56.333 58.753 17.990 0.387 0.507 0.474 0.479 0.521 0.526 0.493 0.613 
m5c167r2.htb 19.659 30.892 300.000 0.170 0.456 0.344 0.615 0.385 0.656 0.544 0.830 
m5c170r2.htb 3.913 9.931 8.627 0.000 0.046 0.243 0.494 0.506 0.757 0.954 1.000 
