FILE	         Coher	 repet	 Ve_P_u	 Vi_P_u	 co_P_u	 Ve_P_thr	 vi_P_th	 Co_P_thr	 Ve_N_u	 Vi_N_u	 co_N_u	 Ve_N_thr	 vi_N_th	 Co_N_thr	 Ves_CP	 Vis_CP	 Com_CP	 Ves_p	 Vis_p	 Com_p	 sign	 vesMax	 visMax	 coMax	
m2c162r2.htb 25.000 40.000 -0.645 0.491 0.081 1.382 1.306 0.879 0.681 0.173 0.073 9.070 8.543 18.790 0.581 0.529 0.535 0.046 0.570 0.410 0.000 0.000 0.000 0.007 -0.933 -0.820 -0.516 0.834 0.005 
m2c163r2.htb 25.000 39.000 0.029 -0.057 0.115 1.238 1.062 0.944 0.214 0.595 0.117 60.242 32.197 15.622 0.470 0.533 0.554 0.502 0.544 0.272 0.000 0.000 0.552 0.050 0.230 0.667 0.720 0.093 0.813 
m2c168r3.htb 25.000 20.000 0.043 0.303 -0.072 1.277 1.289 0.821 0.174 0.534 0.690 58.252 43.725 60.311 0.527 0.512 0.580 0.728 0.886 0.268 180.000 0.000 0.749 0.486 -0.125 0.268 -0.079 0.721 0.028 
m2c170r2.htb 25.000 20.000 0.034 -0.006 -0.262 1.069 1.240 1.006 0.938 -0.020 -0.027 13.691 8.335 15.833 0.656 0.356 0.334 0.044 0.056 0.032 180.000 180.000 0.030 0.003 -0.716 0.857 0.554 -0.495 0.176 
m2c172r2.htb 25.000 28.000 -0.071 0.061 -0.339 0.767 1.262 1.012 0.388 0.002 0.220 8.664 6.085 16.402 0.499 0.337 0.531 0.988 0.016 0.574 180.000 0.000 0.001 0.000 0.897 -0.967 0.584 -0.927 0.000 
m2c174r2.htb 25.000 24.000 -0.123 0.149 -0.140 1.226 1.241 0.806 0.493 -0.025 -0.025 5.097 2.553 1.774 0.568 0.615 0.707 0.274 0.034 0.002 0.000 0.000 0.000 0.000 -0.961 -0.955 -0.976 0.949 0.000 
m2c175r2.htb 25.000 24.000 -0.271 0.466 -0.139 0.954 1.191 1.076 0.663 0.011 0.299 39.118 30.951 60.119 0.547 0.607 0.410 0.552 0.070 0.098 0.000 180.000 0.236 0.235 0.440 0.441 -0.193 -0.270 0.482 
m2c176r2.htb 25.000 22.000 0.038 1.147 -0.067 1.086 1.597 0.901 0.060 0.174 0.120 18.683 17.797 26.911 0.512 0.548 0.576 0.810 0.568 0.254 0.000 0.000 0.133 0.024 0.541 0.737 0.382 0.856 0.003 
m2c162r2.htb 25.000 40.000 -0.645 0.491 0.081 1.382 1.306 0.879 0.681 0.173 0.073 9.070 8.543 18.790 0.581 0.529 0.535 0.046 0.570 0.410 0.000 0.000 0.000 0.007 -0.933 -0.820 -0.516 0.834 0.005 
m2c163r2.htb 25.000 39.000 0.029 -0.057 0.115 1.238 1.062 0.944 0.214 0.595 0.117 60.242 32.197 15.622 0.470 0.533 0.554 0.502 0.544 0.272 0.000 0.000 0.552 0.050 0.230 0.667 0.720 0.093 0.813 
m2c168r3.htb 25.000 20.000 0.043 0.303 -0.072 1.277 1.289 0.821 0.174 0.534 0.690 58.252 43.725 60.311 0.527 0.512 0.580 0.728 0.886 0.268 180.000 0.000 0.749 0.486 -0.125 0.268 -0.079 0.721 0.028 
m2c170r2.htb 25.000 20.000 0.034 -0.006 -0.262 1.069 1.240 1.006 0.938 -0.020 -0.027 13.691 8.335 15.833 0.656 0.356 0.334 0.044 0.056 0.032 180.000 180.000 0.030 0.003 -0.716 0.857 0.554 -0.495 0.176 
m2c172r2.htb 25.000 28.000 -0.071 0.061 -0.339 0.767 1.262 1.012 0.388 0.002 0.220 8.664 6.085 16.402 0.499 0.337 0.531 0.988 0.016 0.574 180.000 0.000 0.001 0.000 0.897 -0.967 0.584 -0.927 0.000 
m2c174r2.htb 25.000 24.000 -0.123 0.149 -0.140 1.226 1.241 0.806 0.493 -0.025 -0.025 5.097 2.553 1.774 0.568 0.615 0.707 0.274 0.034 0.002 0.000 0.000 0.000 0.000 -0.961 -0.955 -0.976 0.949 0.000 
m2c175r2.htb 25.000 24.000 -0.271 0.466 -0.139 0.954 1.191 1.076 0.663 0.011 0.299 39.118 30.951 60.119 0.547 0.607 0.410 0.552 0.070 0.098 0.000 180.000 0.236 0.235 0.440 0.441 -0.193 -0.270 0.482 
m2c176r2.htb 25.000 22.000 0.038 1.147 -0.067 1.086 1.597 0.901 0.060 0.174 0.120 18.683 17.797 26.911 0.512 0.548 0.576 0.810 0.568 0.254 0.000 0.000 0.133 0.024 0.541 0.737 0.382 0.856 0.003 
m2c177r2.htb 25.000 33.000 -0.262 0.703 -0.204 1.275 1.362 0.772 -4.868 0.006 0.235 300.000 11.491 20.014 0.512 0.456 0.570 0.830 0.386 0.304 0.000 0.000 0.639 0.001 0.182 0.907 0.875 0.342 0.367 
m2c162r2.htb 25.000 40.000 -0.645 0.491 0.081 1.382 1.306 0.879 0.681 0.173 0.073 9.070 8.543 18.790 0.581 0.529 0.535 0.042 0.540 0.434 0.000 0.000 0.000 0.007 -0.933 -0.820 -0.516 0.834 0.005 
m2c163r2.htb 25.000 39.000 0.029 -0.057 0.115 1.238 1.062 0.944 0.214 0.595 0.117 60.242 32.197 15.622 0.470 0.533 0.554 0.512 0.484 0.254 0.000 0.000 0.552 0.050 0.230 0.667 0.720 0.093 0.813 
m2c168r3.htb 25.000 20.000 0.043 0.303 -0.072 1.277 1.289 0.821 0.174 0.534 0.690 58.252 43.725 60.311 0.527 0.512 0.580 0.716 0.822 0.334 180.000 0.000 0.749 0.486 -0.125 0.268 -0.079 0.721 0.028 
m2c170r2.htb 25.000 20.000 0.034 -0.006 -0.262 1.069 1.240 1.006 0.938 -0.020 -0.027 13.691 8.335 15.833 0.656 0.356 0.334 0.030 0.050 0.026 180.000 180.000 0.030 0.003 -0.716 0.857 0.554 -0.495 0.176 
m2c172r2.htb 25.000 28.000 -0.071 0.061 -0.339 0.767 1.262 1.012 0.388 0.002 0.220 8.664 6.085 16.402 0.499 0.337 0.531 0.990 0.006 0.566 180.000 0.000 0.001 0.000 0.897 -0.967 0.584 -0.927 0.000 
m2c174r2.htb 25.000 24.000 -0.123 0.149 -0.140 1.226 1.241 0.806 0.493 -0.025 -0.025 5.097 2.553 1.774 0.568 0.615 0.707 0.284 0.050 0.002 0.000 0.000 0.000 0.000 -0.961 -0.955 -0.976 0.949 0.000 
m2c175r2.htb 25.000 24.000 -0.271 0.466 -0.139 0.954 1.191 1.076 0.663 0.011 0.299 39.118 30.951 60.119 0.547 0.607 0.410 0.580 0.074 0.120 0.000 180.000 0.236 0.235 0.440 0.441 -0.193 -0.270 0.482 
m2c176r2.htb 25.000 22.000 0.038 1.147 -0.067 1.086 1.597 0.901 0.060 0.174 0.120 18.683 17.797 26.911 0.512 0.548 0.576 0.866 0.574 0.274 0.000 0.000 0.133 0.024 0.541 0.737 0.382 0.856 0.003 
m2c177r2.htb 25.000 33.000 -0.262 0.703 -0.204 1.275 1.362 0.772 -4.868 0.006 0.235 300.000 11.491 20.014 0.512 0.456 0.570 0.784 0.392 0.284 0.000 0.000 0.639 0.001 0.182 0.907 0.875 0.342 0.367 
m2c178r2.htb 25.000 30.000 -0.022 0.401 -0.239 1.110 1.407 0.927 0.457 -0.194 0.059 39.782 17.348 5.758 0.597 0.519 0.452 0.078 0.768 0.356 180.000 180.000 0.163 0.045 0.508 -0.678 -0.980 -0.728 0.026 
m2c179r2.htb 25.000 33.000 0.249 -0.200 0.241 0.859 1.182 1.126 0.139 0.900 0.527 5.099 10.395 6.084 0.584 0.463 0.486 0.140 0.468 0.806 0.000 0.000 0.000 0.057 0.921 0.651 0.787 0.757 0.018 
m2c180r2.htb 25.000 21.000 0.511 1.367 0.442 1.433 1.365 0.554 0.254 0.334 0.194 21.690 24.930 11.476 0.505 0.464 0.431 0.884 0.626 0.486 180.000 180.000 0.054 0.023 -0.657 0.738 0.687 -0.622 0.074 
m2c178r2.htb 25.000 30.000 -0.022 0.401 -0.239 1.110 1.407 0.927 0.457 -0.194 0.059 39.782 17.348 5.758 0.597 0.519 0.452 0.088 0.728 0.394 180.000 180.000 0.163 0.045 0.508 -0.678 -0.980 -0.728 0.026 
m2c179r2.htb 25.000 33.000 0.249 -0.200 0.241 0.859 1.182 1.126 0.139 0.900 0.527 5.099 10.395 6.084 0.584 0.463 0.486 0.186 0.412 0.798 0.000 0.000 0.000 0.057 0.921 0.651 0.787 0.757 0.018 
m2c180r2.htb 25.000 21.000 0.511 1.367 0.442 1.433 1.365 0.554 0.254 0.334 0.194 21.690 24.930 11.476 0.505 0.464 0.431 0.948 0.668 0.458 180.000 180.000 0.054 0.023 -0.657 0.738 0.687 -0.622 0.074 
m2c181r2.htb 25.000 52.000 0.168 0.297 0.012 0.893 1.475 1.035 0.104 0.185 0.099 3.270 5.040 3.318 0.586 0.499 0.501 0.036 0.942 0.918 0.000 0.000 0.000 0.000 -0.993 -0.959 -0.991 0.953 0.000 
m2c178r2.htb 25.000 30.000 -0.022 0.401 -0.239 1.110 1.407 0.927 0.457 -0.194 0.059 39.782 17.348 5.758 0.597 0.519 0.452 0.088 0.712 0.426 180.000 180.000 0.163 0.045 0.508 -0.678 -0.980 -0.728 0.026 
m2c179r2.htb 25.000 33.000 0.249 -0.200 0.241 0.859 1.182 1.126 0.139 0.900 0.527 5.099 10.395 6.084 0.584 0.463 0.486 0.146 0.500 0.832 0.000 0.000 0.000 0.057 0.921 0.651 0.787 0.757 0.018 
m2c180r2.htb 25.000 21.000 0.511 1.367 0.442 1.433 1.365 0.554 0.254 0.334 0.194 21.690 24.930 11.476 0.505 0.464 0.431 0.972 0.680 0.502 180.000 180.000 0.054 0.023 -0.657 0.738 0.687 -0.622 0.074 
m2c181r2.htb 25.000 52.000 0.168 0.297 0.012 0.893 1.475 1.035 0.104 0.185 0.099 3.270 5.040 3.318 0.586 0.499 0.501 0.024 0.958 0.994 0.000 0.000 0.000 0.000 -0.993 -0.959 -0.991 0.953 0.000 
m2c183r2.htb 25.000 30.000 0.194 -0.084 -0.099 0.899 1.180 0.930 -0.012 0.749 -0.012 6.335 12.662 4.956 0.567 0.554 0.534 0.300 0.360 0.570 0.000 0.000 0.003 0.048 -0.865 -0.670 -0.869 0.728 0.026 
m2c184r2.htb 25.000 37.000 0.002 0.526 -0.043 1.332 1.808 0.955 0.008 0.264 -0.084 3.522 19.892 7.040 0.592 0.500 0.564 0.016 0.986 0.212 180.000 0.000 0.000 0.188 -0.993 0.483 -0.949 -0.496 0.174 
m2c186r2.htb 26.000 30.000 -0.222 0.041 -0.305 1.430 1.167 0.960 0.485 0.238 0.344 42.255 14.533 29.805 0.413 0.457 0.529 0.114 0.372 0.576 180.000 180.000 0.457 0.012 0.285 -0.788 -0.530 0.210 0.588 
m2c187r2.htb 26.000 33.000 0.424 -0.107 -0.046 1.000 1.230 0.687 0.594 0.254 0.122 54.299 21.694 18.445 0.560 0.464 0.496 0.180 0.472 0.972 0.000 0.000 0.438 0.001 0.297 0.893 0.859 0.327 0.390 
m2c189r2.htb 25.000 32.000 0.137 0.127 0.191 0.788 1.420 1.075 0.726 0.438 0.788 87.805 38.056 88.487 0.499 0.458 0.497 0.960 0.358 0.924 0.000 0.000 0.659 0.267 0.172 0.414 0.545 -0.206 0.595 
m2c190r2.htb 25.000 35.000 0.256 0.504 0.161 1.225 1.296 1.021 0.509 0.493 -0.043 26.118 5.014 5.637 0.479 0.439 0.488 0.610 0.200 0.824 180.000 180.000 0.005 0.001 0.836 -0.906 -0.968 -0.765 0.016 
m2c195r2.htb 25.000 30.000 0.021 -0.132 -0.217 1.110 1.507 0.902 1.996 0.244 0.794 142.061 193.398 69.427 0.469 0.552 0.559 0.576 0.290 0.376 180.000 0.000 0.226 0.836 -0.449 0.081 -0.204 -0.255 0.508 
m2c196r3.htb 25.000 27.000 0.435 -0.101 0.302 0.912 1.796 0.922 -0.021 0.021 -0.023 1.924 1.815 1.471 0.602 0.554 0.680 0.064 0.296 0.006 0.000 0.000 0.000 0.000 0.965 0.992 0.987 0.973 0.000 
m2c197r2.htb 26.000 42.000 0.339 -0.532 0.108 1.102 1.218 1.210 0.400 0.008 -0.003 4.187 1.513 1.438 0.534 0.671 0.547 0.450 0.000 0.272 0.000 0.000 0.000 0.000 0.932 0.996 0.987 0.944 0.000 
m2c198r2.htb 27.000 20.000 -0.005 -0.546 -0.263 0.820 1.497 0.767 0.472 0.271 0.251 6.791 3.527 3.855 0.546 0.704 0.605 0.576 0.006 0.150 0.000 0.000 0.003 0.002 0.858 0.884 0.849 0.682 0.043 
m2c199r2.htb 30.000 30.000 -0.265 0.130 -0.237 0.999 1.130 0.841 0.404 -0.008 0.492 7.014 6.129 4.796 0.560 0.503 0.527 0.266 0.992 0.602 0.000 0.000 0.000 0.031 -0.956 -0.712 -0.850 0.602 0.086 
m2c202r2.htb 30.000 40.000 0.097 -0.293 0.170 0.839 0.943 0.965 0.404 0.926 0.294 35.094 13.403 21.808 0.581 0.521 0.519 0.124 0.616 0.612 0.000 0.000 0.125 0.121 -0.550 -0.555 -0.386 0.586 0.097 
m2c220r2.htb 30.000 20.000 -0.035 -0.659 -0.184 1.261 1.183 0.801 0.257 -0.003 -0.008 21.992 3.612 7.545 0.559 0.440 0.549 0.414 0.412 0.548 180.000 180.000 0.187 0.000 0.484 -0.919 -0.793 -0.333 0.381 
m2c221r2.htb 30.000 28.000 0.314 0.116 0.072 1.405 1.075 0.800 0.124 0.695 0.179 9.666 60.696 5.154 0.596 0.420 0.450 0.036 0.144 0.366 180.000 0.000 0.003 0.359 0.864 -0.348 0.855 -0.372 0.324 
m2c226r2.htb 30.000 35.000 0.076 -0.271 -0.103 1.278 0.991 0.900 0.137 -0.003 0.119 3.827 5.678 3.899 0.599 0.513 0.594 0.018 0.806 0.130 0.000 0.000 0.000 0.000 0.922 0.963 0.920 0.917 0.000 
m2c233r2.htb 30.000 27.000 0.080 -0.082 0.125 0.943 0.967 0.793 0.464 0.791 -0.215 92.295 11.145 15.628 0.528 0.564 0.502 0.736 0.344 0.968 180.000 180.000 0.219 0.004 -0.454 0.848 0.772 -0.250 0.516 
m2c237r2.htb 30.000 44.000 -0.200 -0.264 -0.405 1.107 0.992 1.046 0.272 0.107 0.133 19.224 3.741 3.224 0.559 0.567 0.608 0.178 0.136 0.020 0.000 0.000 0.036 0.000 -0.699 -0.980 -0.977 0.642 0.062 
m2c240r2.htb 30.000 37.000 0.430 0.189 0.199 1.111 1.042 0.822 0.537 0.137 0.118 39.843 12.269 10.925 0.504 0.694 0.616 0.952 0.000 0.024 0.000 0.000 0.367 0.000 -0.343 -0.961 -0.900 0.378 0.317 
m2c242r2.htb 30.000 25.000 0.200 -0.118 0.511 0.955 0.988 0.912 -0.005 0.106 -0.004 3.914 6.080 2.598 0.599 0.357 0.611 0.144 0.046 0.056 0.000 0.000 0.000 0.021 -0.981 -0.746 -0.946 0.819 0.007 
m2c244r2.htb 30.000 18.000 -0.018 0.411 0.400 1.820 0.955 0.729 0.373 0.350 2.631 32.308 30.338 215.283 0.656 0.313 0.681 0.024 0.058 0.226 180.000 180.000 0.188 0.328 0.483 -0.369 -0.152 -0.645 0.061 
m2c247r2.htb 30.000 18.000 0.475 -0.584 0.231 1.519 0.885 0.690 0.492 -0.045 -0.095 24.664 2.112 3.247 0.537 0.690 0.539 0.610 0.052 0.706 0.000 0.000 0.064 0.000 -0.639 -0.932 -0.896 0.720 0.029 
m2c252r2.htb 30.000 36.000 0.639 -0.013 0.503 1.242 1.200 0.956 0.787 -0.075 0.599 10.889 8.770 40.919 0.568 0.463 0.522 0.160 0.352 0.648 180.000 0.000 0.023 0.035 -0.738 0.702 -0.197 -0.418 0.263 
m2c254r2.htb 30.000 50.000 0.277 0.354 0.237 0.908 1.312 0.684 0.081 0.528 0.120 3.854 5.991 3.118 0.549 0.600 0.605 0.218 0.004 0.014 0.000 0.000 0.000 0.002 0.972 0.883 0.977 0.904 0.001 
m2c258r2.htb 30.000 41.000 -0.037 -0.639 0.230 1.084 0.861 0.844 2.566 0.613 0.197 208.423 7.592 16.512 0.546 0.471 0.571 0.228 0.572 0.102 180.000 180.000 0.513 0.006 0.252 -0.831 -0.746 0.011 0.978 
m2c185r2.htb 28.000 40.000 -0.001 -0.027 -0.222 1.298 1.056 0.720 -0.003 0.121 -0.006 1.721 2.234 1.874 0.749 0.523 0.605 0.000 0.646 0.046 0.000 0.000 0.000 0.000 0.961 0.958 0.978 0.985 0.000 
m2c260r2.htb 30.000 34.000 -0.496 -0.632 0.034 1.202 1.074 0.833 0.432 0.157 0.491 22.554 5.055 5.304 0.483 0.568 0.631 0.738 0.216 0.014 0.000 0.000 0.023 0.001 -0.739 -0.893 -0.860 0.776 0.014 
m2c262r2.htb 30.000 42.000 -0.017 -0.678 0.413 1.181 1.299 0.913 0.806 0.634 0.744 42.203 9.009 169.227 0.473 0.539 0.393 0.496 0.408 0.018 180.000 0.000 0.180 0.003 0.491 -0.864 0.588 -0.523 0.149 
m2c364r2.htb 30.000 35.000 0.110 0.215 -0.117 1.221 1.061 0.814 0.573 -0.011 -0.002 37.687 3.783 3.346 0.428 0.510 0.440 0.158 0.852 0.238 0.000 0.000 0.338 0.000 -0.362 -0.993 -0.986 0.329 0.387 
m2c365r2.htb 30.000 31.000 0.416 0.837 0.272 1.270 1.125 0.989 0.055 0.846 0.375 27.684 53.337 32.512 0.453 0.520 0.450 0.350 0.730 0.344 0.000 0.000 0.226 0.563 0.449 0.224 0.275 -0.269 0.483 
m2c368r2.htb 30.000 37.000 0.695 -0.757 -0.523 1.335 1.296 1.056 0.486 0.287 0.309 33.442 15.337 7.370 0.485 0.499 0.539 0.824 0.982 0.418 0.000 0.000 0.015 0.003 0.772 0.862 0.930 0.728 0.026 
m2c260r2.htb 30.000 34.000 -0.496 -0.632 0.034 1.202 1.074 0.833 0.432 0.157 0.491 22.554 5.055 5.304 0.483 0.568 0.631 0.748 0.166 0.026 0.000 0.000 0.023 0.001 -0.739 -0.893 -0.860 0.776 0.014 
m2c262r2.htb 30.000 42.000 -0.017 -0.678 0.413 1.181 1.299 0.913 0.806 0.634 0.744 42.203 9.009 169.227 0.473 0.539 0.393 0.470 0.402 0.014 180.000 0.000 0.180 0.003 0.491 -0.864 0.588 -0.523 0.149 
m2c364r2.htb 30.000 35.000 0.110 0.215 -0.117 1.221 1.061 0.814 0.573 -0.011 -0.002 37.687 3.783 3.346 0.428 0.510 0.440 0.150 0.844 0.188 0.000 0.000 0.338 0.000 -0.362 -0.993 -0.986 0.329 0.387 
m2c365r2.htb 30.000 31.000 0.416 0.837 0.272 1.270 1.125 0.989 0.055 0.846 0.375 27.684 53.337 32.512 0.453 0.520 0.450 0.380 0.768 0.342 0.000 0.000 0.226 0.563 0.449 0.224 0.275 -0.269 0.483 
m2c368r2.htb 30.000 37.000 0.695 -0.757 -0.523 1.335 1.296 1.056 0.486 0.287 0.309 33.442 15.337 7.370 0.485 0.499 0.539 0.796 0.990 0.400 0.000 0.000 0.015 0.003 0.772 0.862 0.930 0.728 0.026 
m2c369r2.htb 30.000 40.000 0.828 0.158 -0.231 1.076 0.973 0.857 1.198 0.455 -0.047 83.505 39.590 11.776 0.534 0.529 0.553 0.554 0.578 0.322 180.000 180.000 0.584 0.163 0.212 -0.508 -0.759 0.392 0.297 
m2c370r2.htb 30.000 20.000 1.353 -0.401 -0.290 1.767 1.128 0.791 0.468 0.558 0.566 5.564 7.237 4.659 0.519 0.541 0.617 0.812 0.572 0.142 0.000 0.000 0.001 0.037 -0.906 -0.697 -0.825 0.702 0.035 
m2c372r2.htb 28.000 30.000 0.335 0.359 -0.396 1.501 1.463 1.119 0.471 0.119 0.594 40.987 9.105 7.389 0.449 0.563 0.574 0.264 0.210 0.186 0.000 0.000 0.504 0.000 -0.257 -0.984 -0.957 0.298 0.436 
m2c374r2.htb 28.000 40.000 0.367 0.346 -0.320 1.476 1.026 1.057 0.491 0.322 0.874 5.137 27.782 80.207 0.647 0.328 0.375 0.000 0.000 0.012 180.000 180.000 0.000 0.241 -0.949 0.436 0.103 -0.195 0.615 
m2c376r2.htb 28.000 25.000 0.590 -0.257 -0.444 1.509 1.507 0.893 0.657 0.216 0.245 199.966 18.281 18.033 0.471 0.432 0.553 0.656 0.282 0.376 0.000 0.000 0.659 0.004 -0.172 -0.850 -0.900 0.204 0.598 
m2c382r2.htb 28.000 46.000 0.107 -0.422 -0.208 0.970 1.188 0.664 1.213 0.000 -0.009 117.657 6.015 6.788 0.453 0.500 0.465 0.302 0.936 0.468 180.000 180.000 0.912 0.007 -0.043 0.822 0.869 0.070 0.857 
m2c392r2.htb 28.000 26.000 0.189 -0.165 -0.266 1.085 1.381 1.113 0.318 0.148 0.138 5.191 9.981 5.980 0.606 0.601 0.604 0.050 0.062 0.068 0.000 0.000 0.000 0.001 -0.938 -0.893 -0.854 0.756 0.019 
m2c403r2.htb 28.000 33.000 0.160 -0.195 -0.063 1.538 1.269 1.376 0.651 -0.016 -0.018 8.214 7.156 7.488 0.565 0.574 0.518 0.146 0.190 0.734 180.000 180.000 0.019 0.000 -0.752 0.917 0.841 -0.657 0.055 
m2c409r2.htb 28.000 17.000 -0.220 -1.725 -0.156 1.435 1.111 0.732 0.075 0.195 -0.572 16.470 40.756 129.497 0.557 0.314 0.596 0.418 0.156 0.260 180.000 180.000 0.225 0.510 -0.449 0.254 0.104 -0.063 0.871 
m2c417r2.htb 28.000 21.000 -0.060 -1.147 0.387 1.102 1.541 0.871 -0.181 -0.000 0.653 57.196 17.553 35.112 0.505 0.618 0.560 0.990 0.196 0.330 0.000 180.000 0.445 0.167 0.292 0.503 -0.464 0.834 0.005 
m2c427r2.htb 28.000 30.000 -0.275 -0.599 -0.014 1.583 1.554 0.868 1.020 0.152 -0.012 15.035 12.351 9.583 0.512 0.502 0.493 0.824 0.994 0.898 0.000 0.000 0.054 0.035 0.658 0.701 0.363 0.219 0.571 
m2c429r2.htb 28.000 27.000 -0.117 -0.062 -0.148 1.145 1.240 0.721 -0.000 0.116 -0.002 8.809 5.862 2.015 0.651 0.619 0.671 0.016 0.042 0.012 0.000 0.000 0.000 0.000 0.921 0.931 0.900 0.844 0.004 
m2c441r2.htb 28.000 40.000 0.329 -0.585 -0.110 1.330 1.378 1.063 -0.004 0.038 0.065 2.101 1.758 1.524 0.691 0.793 0.626 0.000 0.000 0.000 0.000 0.000 0.000 0.000 0.982 0.973 0.971 0.986 0.000 
m2c445r2.htb 7.053 7.480 18.311 0.646 0.256 0.530 -0.710 0.873 -0.331 
m2c450r2.htb 12.703 2.086 2.659 0.590 0.385 0.443 -0.594 0.957 0.940 
m5c30r2.htb 19.762 45.789 59.440 0.503 0.538 0.402 -0.623 0.266 0.194 
m5c35r2.htb 23.068 27.843 45.323 0.603 0.527 0.570 0.810 0.639 0.609 
m5c42r2.htb 11.311 300.000 6.229 0.554 0.589 0.663 0.821 0.033 0.942 
m5c49r2.htb 48.788 178.204 69.763 0.526 0.535 0.534 -0.785 0.022 0.642 
m5c54r2.htb 86.264 3.599 4.893 0.495 0.585 0.538 -0.044 0.969 0.982 
m5c63r2.htb 9.521 7.310 3.499 0.564 0.693 0.540 -0.940 -0.952 -0.756 
m5c66r2.htb 6.272 12.612 4.194 0.578 0.618 0.553 -0.965 -0.723 -0.928 
m5c75r2.htb 5.707 2.604 40.813 0.491 0.428 0.425 0.877 -0.918 -0.249 
m5c81r2.htb 21.546 6.933 10.114 0.509 0.537 0.465 0.747 -0.873 -0.780 
m5c82r2.htb 23.817 41.205 12.969 0.569 0.457 0.522 0.609 -0.475 0.939 
m5c87r2.htb 18.712 30.183 56.958 0.547 0.408 0.556 -0.735 0.588 -0.613 
m5c92r2.htb 36.438 135.850 55.398 0.615 0.514 0.454 -0.617 0.363 0.445 
m5c94r2.htb 63.045 31.554 14.917 0.490 0.573 0.368 -0.336 0.630 0.805 
m5c103r2.htb 3.830 71.553 3.151 0.598 0.635 0.567 0.906 0.258 0.794 
m5c107r2.htb 164.080 300.000 300.000 0.518 0.461 0.492 0.520 -0.082 0.387 
m5c108r3.htb 300.000 60.560 27.049 0.519 0.431 0.458 0.002 -0.205 -0.383 
m5c109r2.htb 27.183 300.000 31.566 0.398 0.503 0.467 0.726 -0.159 0.260 
m5c111r2.htb 100.059 22.137 86.985 0.511 0.587 0.469 0.231 0.596 0.421 
m5c118r2.htb 9.421 131.679 13.268 0.535 0.477 0.487 -0.925 0.286 -0.825 
m5c128r2.htb 106.598 9.407 11.946 0.484 0.549 0.459 0.406 -0.831 -0.911 
m5c135r2.htb 10.683 164.080 15.858 0.567 0.609 0.494 -0.930 -0.289 -0.809 
m5c140r2.htb 69.783 16.481 102.808 0.539 0.608 0.492 0.398 -0.672 0.286 
m5c152r2.htb 30.664 35.010 86.474 0.616 0.424 0.590 -0.836 0.534 -0.600 
m5c156r2.htb 27.118 42.270 94.033 0.565 0.447 0.410 -0.682 0.700 0.189 
m5c159r2.htb 54.314 35.509 23.499 0.578 0.462 0.491 -0.391 -0.483 -0.787 
m5c163r2.htb 38.969 8.016 157.417 0.455 0.511 0.534 0.376 -0.949 0.229 
m5c164r3.htb 9.860 5.702 113.486 0.597 0.478 0.418 0.979 -0.989 -0.117 
m5c166r2.htb 56.333 58.753 17.990 0.572 0.617 0.519 0.535 0.530 0.638 
m5c167r2.htb 19.659 30.892 300.000 0.512 0.523 0.480 0.851 -0.699 -0.127 
m5c222r5.htb 16.719 23.102 11.864 0.540 0.645 0.649 -0.860 -0.778 -0.744 
m2c182r2.htb 40.942 111.154 66.730 0.534 0.552 0.518 0.849 0.445 0.045 
m2c200r2.htb 17.103 8.865 7.239 0.598 0.550 0.539 0.705 0.911 0.919 
m2c214r2.htb 23.791 3.248 2.775 0.482 0.542 0.513 -0.644 -0.915 -0.892 
m2c223r2.htb 37.129 19.958 11.532 0.565 0.497 0.500 0.513 -0.459 0.701 
m11c31r4.htb 88.395 0.569 0.214 
m11c31r4.htb 88.395 0.569 0.214 
m2c231r2.htb 66.611 10.937 20.701 0.534 0.496 0.572 0.007 -0.890 -0.473 
m2c236r2.htb 16.848 227.481 112.904 0.556 0.462 0.542 -0.346 -0.165 -0.235 
m2c369r2.htb 71.413 147.954 33.392 0.497 0.545 0.574 0.029 -0.122 -0.725 
m2c378r2.htb 66.327 28.924 69.712 0.493 0.484 0.563 0.476 -0.480 -0.277 
m2c384r2.htb 106.166 87.811 300.000 0.580 0.449 0.435 -0.128 0.223 0.142 
m2c423r2.htb 53.947 16.888 21.566 0.520 0.442 0.419 -0.182 0.860 0.580 
m2c432r2.htb 58.416 2.049 2.337 0.748 0.365 0.297 -0.256 0.993 0.990 
m2c436r2.htb 10.862 8.762 8.172 0.509 0.565 0.512 -0.922 -0.926 -0.943 
m2c443r2.htb 21.782 23.994 32.558 0.410 0.555 0.606 -0.709 0.584 0.304 
m5c25r2.htb 78.004 26.016 26.482 0.576 0.532 0.426 -0.699 0.853 0.969 
m5c29r2.htb 99.304 300.000 33.706 0.530 0.515 0.429 -0.380 -0.058 0.830 
m5c37r2.htb 20.212 61.564 14.808 0.444 0.518 0.479 -0.358 -0.446 -0.431 
m5c38r2.htb 140.206 82.695 300.000 0.565 0.560 0.477 -0.383 0.500 -0.280 
m5c40r2.htb 71.090 12.965 32.888 0.425 0.481 0.492 0.269 -0.787 -0.592 
m5c46r2.htb 300.000 263.043 300.000 0.493 0.389 0.506 0.027 0.169 -0.015 
m5c67r2.htb 42.019 196.344 106.156 0.479 0.359 0.490 -0.620 -0.296 -0.276 
m5c69r2.htb 11.092 10.231 20.549 0.442 0.584 0.392 -0.740 0.858 -0.832 
m5c70r2.htb 31.397 112.573 180.205 0.594 0.513 0.518 -0.978 0.304 -0.049 
m5c71r2.htb 76.727 31.960 24.054 0.442 0.412 0.484 0.927 0.936 0.975 
m5c79r2.htb 55.495 69.319 102.599 0.521 0.516 0.552 -0.624 -0.633 -0.430 
m5c83r2.htb 19.262 31.206 27.468 0.505 0.541 0.677 -0.718 -0.861 -0.658 
m5c79r2.htb 49.714 124.356 65.834 0.518 0.577 0.642 -0.375 -0.645 -0.668 
m5c95r2.htb 20.480 40.709 23.390 0.502 0.412 0.353 -0.866 0.753 -0.621 
m5c100r2.htb 49.297 44.773 40.882 0.443 0.613 0.426 0.741 -0.345 0.492 
m5c125r2.htb 39.673 32.351 79.407 0.528 0.507 0.409 -0.862 0.898 0.421 
m5c129r2.htb 29.785 19.178 300.000 0.581 0.533 0.448 -0.097 0.935 -0.302 
m5c154r2.htb 50.343 22.584 42.286 0.517 0.416 0.441 -0.605 -0.848 -0.516 
m5c170r2.htb 38.550 19.601 57.301 0.633 0.456 0.391 -0.730 0.975 0.640 
m2c193r2.htb 25.000 52.000 0.295 0.628 0.157 1.235 1.564 1.022 1.919 4.320 0.590 300.000 300.000 100.929 0.547 0.484 0.542 0.212 0.644 0.234 180.000 0.000 0.081 0.917 0.610 -0.041 0.065 -0.295 0.440 
m5c170r2.htb 37.000 45.000 0.112 -3.953 -0.727 3.131 2.943 2.131 0.451 0.246 0.661 38.550 19.601 57.301 0.633 0.456 0.391 0.000 0.360 0.012 180.000 180.000 0.025 0.000 -0.730 0.975 0.640 -0.618 0.076 
m2c181r2.htb 25.000 52.000 0.168 0.297 0.012 0.893 1.475 1.035 0.214 0.195 0.797 13.045 14.058 11.327 0.563 0.529 0.588 0.142 0.388 0.020 0.000 0.000 0.000 0.001 -0.983 -0.895 -0.915 0.886 0.001 
m2c241r2.htb 30.000 60.000 0.381 -0.333 0.373 1.132 0.970 0.934 0.193 0.192 0.845 16.198 16.108 12.142 0.522 0.564 0.584 0.542 0.116 0.018 0.000 0.000 0.000 0.002 -0.945 -0.880 -0.960 0.921 0.000 
m2c241r2.htb 30.000 60.000 0.381 -0.333 0.373 1.132 0.970 0.934 0.928 0.812 4.320 112.962 78.173 300.000 0.452 0.393 0.591 0.138 0.002 0.008 180.000 180.000 0.469 0.204 -0.278 0.468 0.032 0.368 0.330 
m2c241r2.htb 30.000 60.000 0.381 -0.333 0.373 1.132 0.970 0.934 -2.213 0.407 0.775 300.000 35.337 67.761 0.499 0.539 0.548 0.916 0.280 0.212 180.000 180.000 0.436 0.011 0.298 -0.789 -0.706 -0.689 0.040 
m2c241r2.htb 30.000 60.000 0.381 -0.333 0.373 1.132 0.970 0.934 0.193 0.192 0.845 16.198 16.108 12.142 0.522 0.564 0.584 0.502 0.128 0.022 0.000 0.000 0.000 0.002 -0.945 -0.880 -0.960 0.921 0.000 
