FILE	            Coher	  repet	     u	   thr	   max	  min	 
m2c157r3.htb	   13	     22	   -0.169	  1.957	  97.705	  31.368	  
m2c133r3.htb	   13	     30	   -7.252	  22.536	  81.056	  52.541	  
m2c134r3.htb	   13	     21	   8.138	  22.251	  22.772	  15.323	  
m2c135r3.htb	   13	     21	   2.835	  19.655	  19.378	  12.400	  
m2c140r3.htb	   13	     20	   -0.220	  2.061	  23.762	  0.248	  
m2c143r3.htb	   13	     26	   -1.590	  5.874	  39.642	  23.877	  
m2c144r3.htb	   13	     21	   5.687	  12.122	  22.112	  7.355	  
m2c147r3.htb	   13	     21	   -1.358	  13.435	  23.762	  13.296	  
m2c149r3.htb	   13	     20	   2.061	  9.578	  17.673	  7.871	  
m2c159r3.htb	   13	     23	   0.878	  7.049	  32.028	  15.282
m5c58r5.htb	   37	     30	   1.294	  17.522	  24.851	  15.479	  
m5c58r5.htb	   37	     30	   1.294	  17.522	  24.851	  15.479	  
m5c59r5.htb	  100	     30	   5.591	  12.648	  27.756	  5.545	  
m5c74r3.htb	   36	     30	   -0.090	  13.554	  48.350	  31.122	  
m5c75r3.htb	   37	     36	   2.455	  8.726	  36.991	  7.371	  
m2c378r3.htb	   28	     50	   3.335	  9.141	  45.861	  15.762	  
m5c179r3.htb	   37	     12	   -26.589	  5.127	  124.213	  47.872	  11.634	8.745875e+000	 
m5c182r3.htb	   37	      5	   6.396	  -1.219	  195.294	  3.874	  31.089	2.534653e+001	 
m5c183r3.htb	   37	     10	   -11.231	  17.505	  55.127	  30.327	  23.267	1.722772e+001	 
m5c185r3.htb	   37	      7	   -23.750	  143.904	  48.798	  45.545	  
m5c188r3.htb	   37	      3	   -3.856	  28.423	  7.687	  57.654	  47.855	2.574257e+001	 
m5c201r2.htb	   37	     10	   -65.338	  -7.896	  214.669	  37.843	  32.079	2.514851e+001	 
m5c202r3.htb	   37	     10	   71.006	  7.706	  153.715	  10.658	  20.495	1.574257e+001	 
m5c204r3.htb	   37	      6	   1.101	  7.584	  7.082	  45.657	  0.000	1.826069e-005	    0	   
m5c205r3.htb	   37	      9	   -19.570	  -14.455	  183.030	  46.717	  0.000	2.649149e-001	    0	   
m5c206r3.htb	   37	     10	   108.010	  -3.616	  541.432	  158.740	  0.000	3.365365e-001	    0	   
m5c207r3.htb	   37	     10	   -1.203	  12.983	  20.876	  39.579	  180.000	1.202318e-002	    0	   
m5c209r3.htb	   37	     10	   71.822	  11.228	  311.820	  163.012	  180.000	9.207799e-001	    0	   
m5c211r3.htb	   37	     10	   16.337	  -1.763	  38.030	  9.232	  0.000	7.433600e-002	    0	   
m5c213r5.htb	   37	     10	   4.679	  -17.103	  15.215	  47.750	  180.000	6.959937e-004	    0	   
m5c217r3.htb	   37	     10	   21.582	  10.246	  105.196	  45.802	  0.000	1.570467e-001	    0	   
m5c221r3.htb	   37	      5	   45.810	  5.608	  118.580	  8.561	  0.000	7.901836e-001	    0	   
m5c222r3.htb	   37	     10	   2.350	  12.327	  36.632	  33.645	  0.000	8.004160e-002	    0	   
m5c228r3.htb	   37	      8	   -1.492	  3.906	  36.437	  13.320	  180.000	6.925205e-002	    0	   
m5c229r4.htb	   37	      5	   20.466	  -12.063	  25.557	  90.550	  0.000	1.863361e-001	    0	   
m5c239r3.htb	   37	      9	   6.183	  -72.462	  34.398	  284.809	  180.000	5.032426e-003	    1	   
m5c240r3.htb	   37	     10	   -4.713	  -1.066	  26.722	  -335.312	  180.000	4.195157e-003	    1	   
m5c241r3.htb	   37	      8	   1.574	  -2.562	  23.505	  80.635	  180.000	2.333520e-003	    0	   
m5c179r3.htb	   37	     12	   124.213	  47.872	  -0.501	  -0.713	  0.169	3.106438e-002	 
m5c182r3.htb	   37	      5	   195.294	  3.874	  -0.068	  0.885	  0.861	1.513663e-003	 
m5c183r3.htb	   37	     10	   55.127	  30.327	  -0.483	  0.645	  0.188	6.052362e-002	 
m5c188r3.htb	   37	      3	   7.687	  57.654	  0.872	  -0.171	  0.002	6.593704e-001	 
m5c201r2.htb	   37	     10	   214.669	  37.843	  -0.348	  -0.652	  0.444	1.126757e-001	 
m5c202r3.htb	   37	     10	   153.715	  10.658	  0.274	  0.887	  0.475	1.437744e-003	 
m5c205r3.htb	   37	      9	   183.030	  46.717	  -0.416	  -0.654	  0.265	5.600877e-002	 
m5c206r3.htb	   37	     10	   541.432	  158.740	  0.363	  0.421	  0.337	2.587096e-001	 
m5c207r3.htb	   37	     10	   20.876	  39.579	  0.786	  -0.543	  0.012	1.310108e-001	 
m5c209r3.htb	   37	     10	   311.820	  163.012	  0.039	  -0.650	  0.921	5.826517e-002	 
m5c211r3.htb	   37	     10	   38.030	  9.232	  -0.621	  -0.929	  0.074	2.885396e-004	 
m5c213r5.htb	   37	     10	   15.215	  47.750	  -0.909	  0.565	  0.001	1.125390e-001	 
m5c217r3.htb	   37	     10	   105.196	  45.802	  0.514	  0.643	  0.157	6.201756e-002	 
m5c221r3.htb	   37	      5	   118.580	  8.561	  -0.104	  -0.869	  0.790	2.336376e-003	 
m5c222r3.htb	   37	     10	   36.632	  33.645	  -0.612	  -0.513	  0.080	1.577325e-001	 
m5c228r3.htb	   37	      8	   36.437	  13.320	  0.630	  -0.899	  0.069	9.917804e-004	 
m5c229r4.htb	   37	      5	   25.557	  90.550	  0.484	  0.366	  0.186	3.321359e-001	 
m5c239r3.htb	   37	      9	   34.398	  284.809	  0.836	  -0.025	  0.005	9.484629e-001	 
m5c240r3.htb	   37	     10	   26.722	  -335.312	  -0.844	  0.233	  0.004	5.470433e-001	 
m5c241r3.htb	   37	      8	   23.505	  80.635	  0.869	  -0.307	  0.002	4.213697e-001	 
m5c243r3.htb	   37	     10	   267.020	  40.459	  0.276	  -0.619	  0.473	7.572245e-002	 
m5c243r3.htb	   37	      5	   70.074	  30.625	  0.627	  -0.660	  0.071	5.322886e-002	 
m5c246r4.htb	   37	      7	   51.653	  13.730	  0.497	  0.940	  0.174	1.642682e-004	 
m5c248r4.htb	   37	      5	   87.757	  51.800	  0.306	  0.272	  0.423	4.785863e-001	 
m5c248r5.htb	   37	     11	   -335.002	  21.111	  0.143	  0.873	  0.713	2.096778e-003	 
m5c248r6.htb	   37	     10	   89.124	  68.042	  -0.492	  0.742	  0.178	2.197052e-002	 
m5c251r4.htb	   37	      7	   -206.490	  24.314	  0.057	  0.587	  0.884	9.640640e-002	 
m5c252r4.htb	   37	      9	   103.404	  34.673	  -0.260	  -0.752	  0.500	1.942599e-002	 
m5c263r4.htb	   37	      6	   151.106	  26.747	  -0.383	  0.693	  0.309	3.839288e-002	 
m5c264r4.htb	   37	      5	   23.407	  127.845	  0.579	  -0.210	  0.102	5.878778e-001	 
m5c265r4.htb	   37	      5	   32.204	  52.309	  -0.587	  -0.075	  0.096	8.485288e-001	 
m5c278r4.htb	   37	      8	   31.576	  53.411	  -0.823	  0.471	  0.006	2.004172e-001	 
m5c280r4.htb	   37	     10	   340.822	  85.009	  -0.285	  0.364	  0.457	3.356607e-001	 
m5c282r4.htb	   37	      7	   52.963	  53.462	  0.733	  -0.473	  0.025	1.981520e-001	 
m5c284r4.htb	   37	     10	   339.059	  7.465	  -0.071	  -0.919	  0.856	4.647685e-004	 
m5c285r4.htb	   37	      9	   53.253	  16.816	  0.644	  -0.787	  0.061	1.192500e-002	 
m5c286r4.htb	   37	     12	   18.588	  26.391	  -0.912	  -0.946	  0.001	1.124420e-004	 
m5c623r5.htb	   38	      8	   2862.457	  9.052	  13.146	  0.021	  0.939	9.736600e-001	    0	   
m5c627r5.htb	   38	     10	   -249.608	  13.942	  33.163	  0.130	  0.864	8.344754e-001	    0	   
