FILE	         Ve_N_thr	 ves_CP	 ves_p	
m2c66r2.htb 4.565 3.952 2.814 2.414 1.980 2.321 1.883 1.917 1.956 2.017 1.869 2.136 2.045 2.412 2.512 2.035 0.538 0.602 0.620 0.670 0.681 0.684 0.696 0.726 0.749 0.761 0.777 0.781 0.811 0.811 0.819 0.847 
m2c67r2.htb 11.245 11.815 13.543 8.143 8.658 9.667 11.837 13.251 18.874 19.958 24.851 22.173 17.277 25.277 300.000 67.034 0.554 0.559 0.562 0.568 0.527 0.503 0.504 0.478 0.447 0.422 0.400 0.419 0.443 0.425 0.402 0.454 
m2c70r2.htb 9.941 9.065 10.295 9.776 12.329 15.442 29.910 179.309 24.948 20.562 14.426 11.269 12.639 11.307 14.793 17.178 0.490 0.505 0.538 0.524 0.544 0.540 0.553 0.572 0.443 0.475 0.497 0.489 0.500 0.507 0.437 0.263 
m2c71r2.htb 9.685 8.644 7.827 6.235 5.852 5.918 6.005 6.515 6.110 5.605 6.531 6.491 5.743 7.354 18.016 300.000 0.613 0.599 0.656 0.646 0.614 0.617 0.608 0.606 0.576 0.544 0.546 0.507 0.514 0.505 0.353 0.796 
m2c72r2.htb 6.166 5.059 4.726 3.877 2.679 2.524 3.761 3.706 3.869 4.358 4.493 4.955 5.734 7.863 26.224 75.154 0.537 0.561 0.643 0.654 0.656 0.644 0.670 0.670 0.644 0.698 0.710 0.714 0.676 0.657 0.474 0.663 
m2c77r2.htb 61.441 37.069 20.130 13.688 10.486 10.897 11.236 16.072 15.770 15.450 20.931 26.203 33.790 41.727 51.362 37.623 0.448 0.425 0.476 0.530 0.548 0.555 0.557 0.543 0.560 0.556 0.543 0.543 0.523 0.522 0.522 0.527 
m2c78r2.htb 84.466 55.181 71.582 59.563 89.323 185.167 300.000 299.734 127.231 110.385 51.734 32.549 49.988 49.988 48.355 78.296 0.537 0.537 0.544 0.542 0.552 0.557 0.554 0.545 0.531 0.459 0.454 0.447 0.430 0.439 0.435 0.436 
m2c79r2.htb 102.886 44.195 27.367 27.205 34.607 20.658 15.779 14.861 15.634 16.473 23.759 31.555 29.913 28.083 14.602 18.056 0.525 0.539 0.536 0.503 0.516 0.519 0.531 0.513 0.533 0.551 0.536 0.526 0.507 0.586 0.592 0.590 
m2c81r2.htb 12.456 11.760 14.188 12.746 20.617 21.612 23.264 37.662 135.237 300.000 70.964 59.688 80.486 118.290 300.000 215.283 0.616 0.636 0.654 0.652 0.651 0.663 0.658 0.634 0.628 0.635 0.350 0.343 0.373 0.389 0.607 0.621 
m2c82r2.htb 74.251 57.730 157.614 115.750 86.765 29.610 20.168 19.697 14.077 12.609 9.998 9.998 11.294 10.992 14.236 20.281 0.584 0.620 0.650 0.337 0.337 0.347 0.341 0.376 0.408 0.401 0.426 0.436 0.487 0.494 0.458 0.416 
m2c84r2.htb 14.218 10.216 7.705 6.953 5.259 5.549 5.196 5.639 5.980 5.690 6.624 7.819 9.431 12.991 36.024 300.000 0.621 0.615 0.633 0.636 0.667 0.661 0.636 0.629 0.619 0.621 0.608 0.588 0.562 0.517 0.455 0.415 
m2c86r2.htb 24.007 14.327 11.640 9.802 8.373 7.173 7.173 7.026 7.656 8.269 8.331 9.400 9.779 10.241 12.983 14.524 0.523 0.539 0.513 0.525 0.526 0.543 0.546 0.555 0.554 0.535 0.530 0.541 0.564 0.546 0.563 0.533 
m2c91r2.htb 24.186 20.946 27.498 17.071 15.963 17.060 36.729 106.960 36.038 29.802 42.762 31.598 30.555 45.399 28.603 27.511 0.452 0.470 0.472 0.538 0.558 0.549 0.536 0.509 0.510 0.520 0.502 0.506 0.477 0.503 0.516 0.488 
m2c93r2.htb 16.104 12.416 9.858 7.315 5.623 5.471 5.361 5.617 5.082 5.514 6.741 7.389 7.889 8.712 18.763 55.047 0.506 0.510 0.530 0.538 0.507 0.506 0.537 0.546 0.542 0.506 0.472 0.458 0.461 0.472 0.433 0.380 
m2c94r2.htb 300.000 98.213 31.718 17.477 22.248 27.588 20.949 24.063 30.459 30.723 30.723 67.448 277.084 54.424 30.296 48.097 0.576 0.579 0.588 0.596 0.592 0.611 0.617 0.621 0.609 0.576 0.520 0.498 0.477 0.528 0.528 0.548 
m2c97r2.htb 56.259 25.835 19.651 19.876 14.058 11.584 10.461 9.119 8.174 8.067 8.066 9.871 9.713 9.230 9.409 11.378 0.507 0.524 0.547 0.544 0.537 0.572 0.578 0.568 0.580 0.573 0.559 0.535 0.514 0.545 0.620 0.661 
m2c98r2.htb 45.098 29.843 24.513 29.806 28.948 30.151 27.009 27.221 32.066 40.397 43.153 75.113 300.000 64.157 58.961 47.066 0.628 0.630 0.663 0.661 0.673 0.669 0.675 0.686 0.699 0.694 0.696 0.712 0.721 0.750 0.779 0.752 
m2c99r2.htb 12.889 8.386 7.045 5.501 4.484 3.718 3.154 3.078 3.861 4.655 6.408 8.968 12.377 17.015 14.934 14.669 0.505 0.513 0.519 0.554 0.574 0.596 0.631 0.648 0.667 0.660 0.662 0.646 0.650 0.639 0.678 0.699 
m2c100r2.htb 8.455 6.674 6.216 5.381 4.534 4.379 3.712 4.081 4.614 6.248 7.963 11.367 16.195 28.134 25.255 24.093 0.581 0.599 0.620 0.671 0.713 0.762 0.777 0.788 0.803 0.801 0.802 0.788 0.755 0.745 0.770 0.777 
m2c101r2.htb 237.981 300.000 103.166 53.889 62.291 126.016 188.116 300.000 300.000 300.000 156.848 300.000 300.000 300.000 255.387 44.475 0.544 0.555 0.558 0.532 0.525 0.524 0.515 0.503 0.510 0.505 0.492 0.484 0.484 0.514 0.534 0.560 
m2c103r2.htb 33.581 24.727 18.223 18.375 15.722 14.789 11.923 11.374 13.823 21.829 27.959 37.997 117.657 94.218 100.240 91.465 0.535 0.545 0.547 0.526 0.526 0.527 0.520 0.520 0.497 0.481 0.470 0.478 0.464 0.449 0.464 0.502 
m2c109r2.htb 29.552 29.945 26.603 25.711 19.614 20.087 24.478 27.307 22.134 27.645 24.788 26.462 23.894 26.977 300.000 42.788 0.570 0.572 0.576 0.582 0.588 0.575 0.600 0.612 0.613 0.582 0.585 0.559 0.560 0.531 0.455 0.598 
m2c110r2.htb 65.676 48.515 45.640 19.123 17.413 16.121 12.543 10.739 11.846 11.943 12.905 11.870 12.060 27.585 42.106 14.942 0.494 0.501 0.494 0.525 0.553 0.563 0.547 0.545 0.553 0.569 0.562 0.568 0.549 0.503 0.630 0.710 
m2c116r2.htb 96.902 287.700 57.376 30.222 26.199 15.257 13.637 10.068 10.062 8.741 9.339 8.540 9.962 8.223 7.657 9.428 0.547 0.537 0.559 0.585 0.586 0.585 0.582 0.580 0.589 0.599 0.596 0.618 0.622 0.621 0.640 0.615 
m2c119r2.htb 46.126 92.295 71.810 208.691 300.000 226.860 300.000 159.070 159.049 300.000 84.997 66.904 54.789 51.361 34.248 34.475 0.515 0.522 0.514 0.513 0.479 0.488 0.480 0.462 0.458 0.447 0.442 0.450 0.444 0.448 0.454 0.463 
m2c121r2.htb 61.349 93.023 53.341 44.012 46.252 48.148 26.285 29.799 39.311 75.466 59.435 43.020 43.020 62.060 66.026 17.732 0.394 0.409 0.410 0.435 0.439 0.469 0.469 0.494 0.531 0.541 0.546 0.544 0.543 0.531 0.527 0.571 
m2c125r2.htb 48.655 53.885 78.894 41.200 38.626 26.829 20.767 17.581 17.112 31.698 22.973 22.142 18.515 25.674 21.314 46.780 0.492 0.475 0.473 0.479 0.499 0.471 0.467 0.483 0.474 0.497 0.487 0.487 0.481 0.500 0.495 0.492 
m2c126r2.htb 111.949 38.634 32.809 37.517 45.921 41.972 28.899 40.311 209.052 44.268 21.969 13.984 14.334 12.088 22.079 17.415 0.460 0.449 0.467 0.484 0.478 0.472 0.476 0.427 0.424 0.589 0.559 0.546 0.549 0.544 0.475 0.461 
m2c127r2.htb 35.101 35.760 22.157 17.745 10.071 7.944 8.203 6.644 5.716 6.203 6.186 5.295 4.523 5.435 4.416 5.633 0.492 0.547 0.542 0.567 0.539 0.615 0.615 0.616 0.589 0.522 0.537 0.529 0.545 0.611 0.560 0.550 
m2c128r2.htb 44.029 24.809 17.169 11.263 9.857 7.887 7.418 7.101 6.943 6.821 7.172 7.800 8.536 8.644 9.007 10.341 0.484 0.492 0.529 0.545 0.573 0.575 0.573 0.576 0.576 0.590 0.603 0.627 0.642 0.641 0.646 0.662 
m2c129r2.htb 22.517 17.689 14.731 17.204 17.537 14.029 11.793 10.123 10.794 11.593 12.528 17.773 20.312 26.593 135.289 26.199 0.522 0.527 0.535 0.567 0.582 0.599 0.581 0.584 0.573 0.578 0.581 0.571 0.556 0.553 0.427 0.617 
m2c130r2.htb 17.048 15.014 11.889 9.069 7.443 6.575 6.068 6.328 6.364 6.702 6.617 6.622 6.600 6.134 8.081 8.720 0.621 0.631 0.623 0.632 0.629 0.629 0.610 0.587 0.564 0.561 0.563 0.557 0.572 0.608 0.619 0.595 
m2c131r2.htb 18.314 16.612 15.887 20.440 13.368 11.314 11.050 9.853 9.853 12.872 13.817 17.712 19.749 21.218 33.914 37.502 0.594 0.602 0.612 0.628 0.656 0.642 0.679 0.667 0.641 0.601 0.584 0.545 0.578 0.558 0.492 0.542 
m2c134r2.htb 33.855 25.542 16.622 15.973 12.269 10.195 9.118 9.118 9.118 10.260 10.991 11.392 11.658 14.062 18.140 25.940 0.451 0.445 0.446 0.450 0.431 0.438 0.395 0.386 0.396 0.410 0.414 0.423 0.423 0.439 0.432 0.439 
m2c135r2.htb 9.715 8.648 7.431 6.860 5.551 5.551 5.200 5.271 5.271 5.683 5.816 6.396 6.954 9.824 18.779 39.354 0.449 0.442 0.477 0.496 0.496 0.502 0.499 0.509 0.522 0.511 0.504 0.512 0.495 0.491 0.438 0.417 
m2c137r2.htb 4.626 4.570 4.103 3.405 3.352 2.811 2.630 6.711 14.888 300.000 27.041 14.666 12.103 9.257 9.257 8.737 0.579 0.581 0.588 0.614 0.599 0.578 0.698 0.635 0.624 0.605 0.421 0.430 0.434 0.425 0.396 0.419 
m2c138r2.htb 45.585 37.656 23.824 26.126 26.126 20.940 24.936 28.839 28.839 39.457 39.457 69.812 300.000 74.152 23.857 23.857 0.439 0.437 0.443 0.435 0.448 0.417 0.405 0.398 0.408 0.411 0.410 0.404 0.417 0.442 0.496 0.545 
m2c139r2.htb 31.023 45.291 207.517 300.000 49.694 113.391 97.247 300.000 300.000 113.584 297.269 124.607 82.600 56.323 29.908 26.915 0.495 0.476 0.484 0.492 0.505 0.511 0.510 0.515 0.509 0.479 0.477 0.487 0.486 0.510 0.535 0.554 
m2c140r2.htb 6.684 2.835 2.062 1.848 1.818 1.677 1.684 1.396 1.429 1.429 1.766 2.192 2.256 2.499 3.003 3.413 0.554 0.630 0.620 0.649 0.642 0.677 0.678 0.684 0.695 0.712 0.718 0.711 0.713 0.714 0.698 0.648 
m2c141r2.htb 22.225 12.219 8.757 7.746 6.418 6.609 6.314 5.863 5.807 6.675 7.676 10.031 13.095 19.224 28.210 23.273 0.522 0.557 0.569 0.580 0.587 0.584 0.587 0.558 0.546 0.570 0.564 0.544 0.503 0.521 0.525 0.520 
m2c143r2.htb 26.371 21.783 23.052 34.198 20.544 16.773 16.905 18.775 23.687 16.986 17.985 20.919 25.421 33.703 55.671 252.804 0.585 0.586 0.602 0.622 0.624 0.610 0.598 0.589 0.591 0.567 0.553 0.548 0.503 0.490 0.475 0.534 
m2c144r2.htb 48.409 34.649 23.806 16.611 11.255 7.479 6.195 5.669 6.561 6.331 6.331 8.277 9.561 10.177 14.589 120.446 0.609 0.576 0.576 0.598 0.606 0.631 0.604 0.630 0.671 0.666 0.665 0.630 0.646 0.630 0.615 0.606 
m2c145r2.htb 24.939 11.395 8.298 7.155 7.063 4.528 5.460 5.544 4.961 6.174 8.363 10.071 16.457 27.325 118.290 209.052 0.414 0.416 0.471 0.500 0.498 0.561 0.637 0.670 0.643 0.643 0.588 0.590 0.546 0.555 0.438 0.445 
m2c148r2.htb 30.583 26.464 27.089 24.547 20.507 19.178 14.367 19.386 21.691 22.485 22.115 25.222 25.870 27.248 66.933 111.154 0.505 0.496 0.521 0.521 0.522 0.516 0.513 0.517 0.509 0.494 0.476 0.481 0.469 0.398 0.396 0.385 
m2c149r2.htb 20.743 15.719 12.377 14.285 7.827 6.834 6.139 6.362 6.418 7.742 8.558 9.712 10.905 14.024 16.532 42.598 0.539 0.527 0.542 0.550 0.595 0.568 0.600 0.602 0.612 0.616 0.635 0.637 0.661 0.638 0.626 0.605 
m2c150r2.htb 164.422 65.926 61.469 80.273 45.400 25.026 34.602 78.173 27.117 33.789 108.193 73.215 39.625 73.215 118.236 300.000 0.453 0.563 0.556 0.591 0.570 0.569 0.539 0.550 0.551 0.569 0.526 0.439 0.452 0.431 0.588 0.589 
m2c151r2.htb 18.226 10.879 8.647 7.921 6.131 5.396 5.467 5.746 5.812 5.855 6.175 7.399 9.095 13.898 17.255 33.400 0.605 0.620 0.642 0.615 0.659 0.636 0.696 0.641 0.644 0.614 0.632 0.611 0.558 0.540 0.502 0.527 
m2c152r2.htb 36.939 28.682 25.383 20.389 17.139 21.919 32.498 54.655 96.983 78.296 63.869 63.116 73.735 135.289 113.672 300.000 0.514 0.514 0.511 0.465 0.460 0.466 0.497 0.497 0.492 0.468 0.475 0.476 0.494 0.510 0.496 0.478 
m2c155r2.htb 13.914 13.192 8.807 9.425 8.850 8.718 7.091 10.152 9.599 10.379 11.919 17.119 22.707 25.524 47.944 92.295 0.491 0.497 0.558 0.564 0.535 0.545 0.495 0.495 0.515 0.515 0.502 0.514 0.525 0.467 0.435 0.518 
m2c157r2.htb 3.897 3.127 2.633 2.420 2.176 1.863 1.772 1.709 1.938 2.018 2.237 2.218 2.280 2.161 3.047 3.202 0.482 0.493 0.503 0.525 0.546 0.567 0.579 0.594 0.628 0.659 0.673 0.697 0.694 0.678 0.672 0.670 
m2c158r2.htb 5.725 4.482 4.066 3.098 2.600 2.327 2.037 2.064 2.113 1.863 1.907 2.114 2.052 2.104 2.169 4.326 0.579 0.589 0.595 0.589 0.607 0.612 0.614 0.617 0.612 0.606 0.602 0.605 0.615 0.643 0.643 0.641 
m2c159r2.htb 23.780 39.088 157.614 84.997 12.997 9.128 6.537 5.291 4.963 4.191 3.990 4.183 5.268 5.762 11.286 25.569 0.538 0.538 0.479 0.496 0.476 0.442 0.456 0.463 0.444 0.471 0.481 0.491 0.487 0.439 0.407 0.435 
m2c160r2.htb 30.090 16.760 12.816 8.087 5.771 4.821 3.002 3.036 2.726 2.516 2.137 2.307 2.443 2.443 3.243 4.193 0.572 0.579 0.581 0.594 0.633 0.655 0.694 0.707 0.688 0.694 0.690 0.707 0.739 0.744 0.707 0.691 
m2c161r2.htb 8.831 8.139 6.574 6.068 4.604 5.865 9.491 10.380 14.643 19.315 20.560 21.082 36.465 64.532 36.196 79.761 0.601 0.601 0.611 0.603 0.610 0.649 0.670 0.666 0.664 0.663 0.648 0.629 0.618 0.599 0.403 0.424 
m2c162r2.htb 29.193 24.420 16.527 14.093 11.539 9.070 8.029 5.995 5.505 5.972 6.136 6.829 8.109 9.063 12.122 26.824 0.580 0.602 0.591 0.590 0.576 0.581 0.596 0.592 0.586 0.563 0.564 0.536 0.526 0.518 0.493 0.467 
m2c163r2.htb 59.788 31.257 23.137 50.428 186.075 60.242 41.111 28.815 22.053 24.120 20.004 14.743 11.658 12.888 13.048 23.388 0.479 0.474 0.486 0.490 0.503 0.470 0.473 0.474 0.483 0.514 0.531 0.534 0.582 0.595 0.610 0.599 
m2c168r3.htb 28.993 17.388 16.636 25.893 31.121 58.252 153.456 300.000 59.575 64.931 37.934 17.255 13.701 12.956 12.002 14.895 0.553 0.521 0.542 0.559 0.539 0.527 0.518 0.466 0.462 0.469 0.462 0.470 0.481 0.480 0.419 0.364 
m2c170r2.htb 7.859 7.739 6.809 10.815 8.407 13.691 21.446 300.000 22.706 11.727 9.060 7.981 9.359 8.496 6.664 12.081 0.532 0.552 0.558 0.567 0.573 0.656 0.633 0.334 0.347 0.377 0.412 0.470 0.497 0.507 0.517 0.528 
m2c172r2.htb 84.997 40.608 26.677 13.729 10.015 8.664 7.142 6.225 5.050 4.241 3.838 3.710 3.407 5.362 6.870 6.347 0.503 0.465 0.463 0.475 0.484 0.499 0.528 0.530 0.571 0.591 0.635 0.691 0.756 0.758 0.732 0.740 
m2c174r2.htb 10.117 8.333 8.285 6.857 5.436 5.085 4.289 3.746 3.322 3.262 3.595 3.444 2.425 4.124 6.062 8.786 0.576 0.545 0.516 0.544 0.556 0.568 0.600 0.579 0.618 0.640 0.645 0.676 0.719 0.717 0.716 0.739 
m2c175r2.htb 191.778 84.940 58.314 300.000 88.487 39.118 39.118 50.797 65.449 52.398 35.628 34.922 36.650 75.695 300.000 179.430 0.525 0.538 0.509 0.524 0.521 0.547 0.581 0.633 0.635 0.675 0.691 0.689 0.714 0.734 0.323 0.358 
m2c176r2.htb 185.325 42.186 21.423 17.037 15.979 18.683 19.203 22.285 19.706 25.558 25.567 24.201 26.595 24.223 28.819 33.146 0.634 0.581 0.590 0.555 0.550 0.512 0.510 0.502 0.509 0.519 0.501 0.518 0.519 0.532 0.532 0.529 
m2c177r2.htb 58.246 71.810 48.216 108.440 87.668 300.000 300.000 150.136 300.000 300.000 237.981 71.810 69.809 38.592 49.794 31.479 0.525 0.526 0.525 0.537 0.524 0.512 0.522 0.507 0.495 0.482 0.477 0.480 0.472 0.468 0.439 0.440 
m2c178r2.htb 13.800 14.129 20.205 28.674 25.138 39.782 103.984 69.747 24.036 19.293 19.484 13.947 16.211 18.828 17.934 25.882 0.638 0.625 0.613 0.597 0.586 0.597 0.625 0.401 0.391 0.430 0.440 0.422 0.424 0.416 0.397 0.396 
m2c179r2.htb 13.698 11.580 8.646 7.108 5.092 5.099 4.477 4.324 3.954 3.741 3.916 3.755 4.152 5.448 7.233 7.530 0.518 0.519 0.541 0.553 0.572 0.584 0.581 0.612 0.662 0.695 0.718 0.722 0.711 0.675 0.625 0.602 
m2c180r2.htb 121.582 62.564 42.081 24.841 17.010 21.690 35.915 300.000 69.099 24.718 23.680 21.324 18.702 15.208 9.821 15.571 0.505 0.499 0.490 0.484 0.492 0.505 0.497 0.537 0.531 0.473 0.433 0.405 0.402 0.420 0.411 0.475 
m2c181r2.htb 18.645 12.618 7.886 6.266 4.345 3.270 2.346 2.061 2.307 2.192 2.224 2.274 2.756 2.793 3.214 3.749 0.559 0.559 0.563 0.576 0.575 0.586 0.561 0.577 0.570 0.557 0.533 0.549 0.554 0.557 0.546 0.536 
m2c182r2.htb 12.542 10.557 8.580 8.280 7.043 6.317 6.519 6.669 7.675 8.950 9.135 10.916 13.941 19.465 35.221 157.614 0.541 0.540 0.557 0.565 0.583 0.618 0.630 0.637 0.628 0.617 0.611 0.609 0.622 0.617 0.603 0.548 
m2c183r2.htb 8.114 6.203 5.335 5.160 5.271 6.335 6.244 7.469 10.445 15.697 30.660 36.804 12.884 6.200 4.805 4.553 0.508 0.510 0.513 0.499 0.525 0.567 0.605 0.647 0.631 0.604 0.562 0.469 0.499 0.517 0.515 0.563 
m2c184r2.htb 6.725 5.103 4.614 4.062 3.658 3.522 3.522 3.562 3.682 3.824 4.931 5.784 7.467 8.681 13.664 28.109 0.565 0.574 0.598 0.582 0.578 0.592 0.614 0.628 0.603 0.606 0.597 0.569 0.545 0.532 0.516 0.486 
m2c185r2.htb 2.837 2.428 2.345 2.014 1.989 1.721 1.907 2.206 2.301 2.532 3.380 4.114 5.755 11.857 50.670 44.342 0.651 0.661 0.680 0.703 0.712 0.749 0.766 0.777 0.796 0.787 0.790 0.767 0.739 0.704 0.668 0.399 
m2c186r2.htb 28.830 42.164 52.186 28.913 43.091 42.255 78.296 182.147 300.000 300.000 300.000 300.000 300.000 45.908 48.582 59.605 0.396 0.394 0.351 0.372 0.398 0.413 0.457 0.478 0.492 0.507 0.532 0.527 0.554 0.460 0.464 0.474 
m2c187r2.htb 147.304 300.000 300.000 300.000 113.672 54.299 56.570 43.127 46.398 64.058 84.747 56.298 78.866 48.398 113.969 70.639 0.508 0.460 0.469 0.423 0.575 0.560 0.561 0.569 0.545 0.497 0.518 0.515 0.543 0.526 0.523 0.475 
m2c189r2.htb 63.577 48.892 40.107 50.599 36.368 87.805 142.061 94.513 46.949 29.005 23.962 17.402 15.688 15.998 13.295 17.439 0.522 0.515 0.510 0.498 0.491 0.499 0.481 0.480 0.501 0.511 0.558 0.554 0.574 0.606 0.581 0.586 
m2c190r2.htb 51.932 43.010 27.766 24.026 26.754 26.118 23.198 18.098 18.181 21.895 21.491 24.047 36.001 55.505 47.499 70.461 0.473 0.484 0.475 0.464 0.470 0.479 0.485 0.487 0.500 0.517 0.501 0.521 0.529 0.542 0.554 0.557 
m2c191r2.htb 19.658 13.573 12.935 12.208 11.078 10.940 11.178 10.800 13.889 16.578 36.196 55.337 28.219 20.075 18.219 14.388 0.505 0.486 0.490 0.504 0.494 0.512 0.521 0.531 0.537 0.513 0.474 0.549 0.584 0.592 0.569 0.574 
m2c193r2.htb 36.611 26.544 32.326 40.996 44.784 45.109 300.000 300.000 157.614 135.289 51.809 47.382 36.175 28.376 20.661 24.708 0.477 0.495 0.521 0.538 0.554 0.570 0.435 0.431 0.430 0.426 0.434 0.457 0.486 0.497 0.527 0.543 
m2c195r2.htb 215.283 300.000 238.402 64.239 53.563 142.061 142.061 61.382 26.395 21.916 16.946 13.735 12.394 11.096 9.284 11.263 0.474 0.470 0.480 0.478 0.466 0.469 0.457 0.489 0.507 0.578 0.588 0.570 0.586 0.602 0.633 0.599 
m2c196r3.htb 4.632 2.272 1.849 1.791 1.649 1.924 1.888 1.924 1.924 1.924 2.353 3.103 3.209 4.154 5.600 7.152 0.495 0.540 0.572 0.590 0.611 0.602 0.643 0.637 0.653 0.652 0.660 0.653 0.611 0.613 0.615 0.655 
m2c197r2.htb 17.731 10.275 7.507 6.115 5.242 4.187 4.013 3.966 4.179 4.555 4.620 6.678 8.305 7.520 7.548 10.039 0.495 0.525 0.546 0.539 0.530 0.534 0.564 0.584 0.587 0.581 0.572 0.561 0.579 0.608 0.648 0.669 
m2c198r2.htb 14.818 12.958 10.364 10.259 6.838 6.791 5.438 4.955 5.111 5.573 5.889 7.021 5.778 5.836 5.690 5.972 0.490 0.510 0.540 0.552 0.522 0.546 0.564 0.579 0.606 0.587 0.613 0.629 0.631 0.605 0.649 0.643 
m2c199r2.htb 11.571 8.921 8.284 7.853 7.323 7.014 7.718 7.428 8.522 11.167 18.457 35.021 300.000 300.000 111.154 46.416 0.542 0.547 0.556 0.570 0.544 0.560 0.570 0.578 0.591 0.561 0.545 0.546 0.538 0.506 0.529 0.532 
m2c200r2.htb 13.862 8.695 7.449 6.491 5.277 4.428 4.880 4.055 4.363 4.712 6.365 6.928 8.367 9.082 10.993 21.851 0.547 0.526 0.519 0.526 0.532 0.564 0.576 0.565 0.571 0.540 0.513 0.533 0.522 0.515 0.512 0.491 
m2c202r2.htb 82.405 82.405 46.942 32.562 40.172 35.094 182.147 130.007 42.577 24.756 23.350 20.429 14.566 10.989 9.964 9.914 0.523 0.542 0.542 0.553 0.566 0.581 0.574 0.433 0.437 0.458 0.459 0.482 0.517 0.556 0.569 0.583 
m2c214r2.htb 42.616 16.101 12.854 10.117 6.544 5.952 6.254 6.362 5.943 6.854 7.306 13.380 19.401 26.510 31.078 23.299 0.427 0.425 0.420 0.459 0.496 0.528 0.524 0.539 0.549 0.538 0.553 0.527 0.503 0.479 0.416 0.462 
m2c220r2.htb 30.881 26.743 18.407 16.690 13.961 21.992 30.489 78.173 300.000 300.000 78.173 55.390 24.589 27.968 21.642 30.486 0.538 0.507 0.557 0.591 0.571 0.559 0.578 0.603 0.395 0.414 0.409 0.428 0.427 0.418 0.438 0.396 
m2c221r2.htb 28.805 13.908 11.249 11.326 10.158 9.666 10.713 11.592 11.208 13.877 17.247 20.825 28.726 46.891 59.854 55.602 0.486 0.520 0.531 0.548 0.560 0.596 0.600 0.608 0.611 0.621 0.643 0.651 0.647 0.594 0.578 0.549 
m2c223r2.htb 35.341 24.637 17.026 15.744 12.037 13.238 15.733 20.462 22.072 33.633 80.486 300.000 300.000 140.622 80.094 84.997 0.542 0.542 0.554 0.548 0.544 0.563 0.562 0.571 0.563 0.564 0.551 0.539 0.535 0.529 0.474 0.499 
m2c226r2.htb 30.193 14.143 8.455 5.830 5.266 3.827 2.735 2.274 2.197 2.172 2.100 2.239 3.466 4.660 5.267 7.526 0.502 0.499 0.516 0.540 0.557 0.599 0.606 0.607 0.652 0.673 0.656 0.655 0.649 0.650 0.627 0.622 
m2c231r2.htb 21.814 19.905 14.349 12.585 10.959 12.729 13.388 24.617 66.334 300.000 113.672 84.997 29.863 12.628 13.069 19.702 0.585 0.545 0.545 0.581 0.597 0.590 0.577 0.545 0.544 0.446 0.455 0.436 0.435 0.512 0.455 0.417 
m2c233r2.htb 300.000 169.227 62.232 57.510 55.132 92.295 65.818 62.467 78.296 90.169 32.050 34.090 47.075 62.740 37.243 47.075 0.450 0.466 0.511 0.523 0.558 0.528 0.563 0.533 0.572 0.580 0.619 0.611 0.613 0.538 0.537 0.559 
m2c236r2.htb 300.000 61.554 20.128 12.235 9.556 7.575 6.872 6.634 6.594 6.287 6.255 7.440 9.203 10.065 12.351 14.103 0.490 0.526 0.580 0.606 0.603 0.629 0.638 0.650 0.633 0.635 0.638 0.597 0.585 0.593 0.584 0.550 
m2c237r2.htb 128.813 57.884 56.800 38.766 20.837 19.224 15.589 16.385 17.025 19.902 21.579 21.838 27.840 66.847 300.000 277.759 0.482 0.507 0.542 0.553 0.559 0.559 0.561 0.559 0.540 0.545 0.542 0.536 0.492 0.437 0.448 0.487 
m2c240r2.htb 58.386 40.232 25.563 29.058 28.507 39.843 49.398 117.763 300.000 144.069 67.029 37.664 23.219 18.517 14.966 14.067 0.500 0.502 0.493 0.481 0.487 0.506 0.525 0.536 0.473 0.490 0.473 0.491 0.513 0.547 0.585 0.613 
m2c241r2.htb 28.401 28.401 32.875 50.255 45.238 45.238 199.739 300.000 300.000 300.000 300.000 300.000 88.487 182.216 254.685 35.455 0.518 0.502 0.517 0.515 0.514 0.524 0.516 0.508 0.531 0.539 0.563 0.552 0.557 0.554 0.496 0.502 
m2c242r2.htb 15.599 10.734 7.054 5.713 4.246 3.914 3.571 3.904 3.054 4.087 3.755 4.699 5.531 6.903 10.484 15.234 0.585 0.602 0.595 0.588 0.600 0.599 0.551 0.551 0.528 0.545 0.536 0.519 0.475 0.469 0.438 0.392 
m2c244r2.htb 300.000 300.000 84.135 38.188 32.888 32.308 21.288 21.288 16.758 17.842 13.937 13.433 13.708 12.766 10.518 16.760 0.462 0.468 0.557 0.591 0.626 0.656 0.688 0.693 0.719 0.731 0.767 0.760 0.760 0.746 0.705 0.697 
m2c247r2.htb 37.277 75.826 300.000 50.056 24.664 24.664 24.664 18.952 16.319 14.085 10.809 11.063 11.415 18.216 37.208 300.000 0.525 0.513 0.511 0.523 0.492 0.537 0.559 0.556 0.573 0.527 0.530 0.538 0.549 0.506 0.418 0.648 
m2c252r2.htb 158.925 43.092 22.943 15.189 11.630 10.889 11.206 14.055 15.382 22.836 33.483 62.801 300.000 54.990 58.682 53.126 0.590 0.597 0.589 0.584 0.582 0.568 0.559 0.563 0.546 0.522 0.523 0.528 0.485 0.483 0.506 0.536 
m2c254r2.htb 12.828 9.114 6.321 5.001 3.952 3.854 4.421 4.965 5.145 5.629 7.212 8.949 15.451 48.091 30.113 32.244 0.518 0.537 0.563 0.551 0.555 0.549 0.570 0.585 0.573 0.572 0.574 0.545 0.531 0.497 0.511 0.486 
m2c258r2.htb 58.531 48.236 47.766 300.000 130.007 208.423 208.423 250.347 55.008 41.423 39.964 84.997 66.517 39.746 193.398 82.695 0.470 0.500 0.523 0.536 0.557 0.546 0.550 0.549 0.561 0.570 0.570 0.565 0.551 0.544 0.549 0.566 
m2c260r2.htb 300.000 61.283 42.852 25.617 24.525 22.554 22.219 23.934 38.354 39.099 38.877 61.515 300.000 45.487 76.638 76.572 0.433 0.460 0.459 0.460 0.480 0.483 0.485 0.480 0.478 0.477 0.450 0.435 0.436 0.593 0.619 0.604 
m2c262r2.htb 38.289 29.354 27.518 26.738 26.001 42.203 100.240 300.000 300.000 300.000 153.639 87.959 52.120 37.546 37.766 82.695 0.542 0.534 0.526 0.511 0.510 0.473 0.465 0.451 0.441 0.426 0.586 0.592 0.608 0.603 0.618 0.611 
m2c364r2.htb 115.361 196.927 300.000 107.928 65.041 37.687 21.719 14.835 14.599 14.507 15.626 16.975 13.860 14.123 10.573 11.193 0.462 0.474 0.491 0.505 0.461 0.428 0.449 0.485 0.477 0.494 0.502 0.536 0.558 0.531 0.582 0.632 
m2c365r2.htb 300.000 55.520 65.724 55.135 37.428 27.684 24.926 24.798 18.351 17.886 22.527 24.755 22.038 23.591 29.031 33.591 0.495 0.496 0.504 0.469 0.477 0.453 0.459 0.468 0.457 0.495 0.471 0.438 0.444 0.458 0.437 0.456 
m2c368r2.htb 92.736 52.518 43.205 30.108 25.165 33.442 26.259 27.182 29.380 31.385 41.957 52.738 57.598 43.542 300.000 40.328 0.544 0.567 0.532 0.517 0.495 0.485 0.458 0.445 0.420 0.417 0.401 0.393 0.404 0.421 0.419 0.551 
m2c369r2.htb 62.003 50.773 60.715 111.154 252.804 83.505 38.449 24.742 22.368 19.651 15.498 11.324 11.102 10.833 13.504 17.515 0.524 0.530 0.509 0.494 0.480 0.534 0.582 0.583 0.631 0.642 0.636 0.640 0.634 0.650 0.652 0.657 
m2c370r2.htb 26.988 21.916 15.798 8.586 6.477 5.564 5.228 6.248 5.514 6.514 8.004 7.739 8.219 8.327 15.677 22.530 0.537 0.476 0.460 0.468 0.505 0.519 0.557 0.532 0.504 0.566 0.543 0.567 0.595 0.532 0.485 0.384 
m2c372r2.htb 142.850 300.000 300.000 59.712 40.987 40.987 38.654 28.303 73.735 78.173 300.000 205.152 47.911 33.918 21.640 26.969 0.623 0.623 0.590 0.431 0.439 0.449 0.471 0.491 0.485 0.489 0.510 0.517 0.568 0.583 0.580 0.610 
m2c374r2.htb 8.321 7.035 6.096 5.193 4.914 5.137 5.604 5.072 6.734 7.220 7.378 7.537 7.471 10.500 25.112 88.487 0.527 0.549 0.568 0.590 0.603 0.647 0.662 0.670 0.683 0.688 0.711 0.726 0.745 0.715 0.649 0.430 
m2c376r2.htb 300.000 165.634 300.000 199.966 300.000 199.966 63.056 69.294 66.762 93.799 88.487 300.000 65.311 39.898 39.898 39.035 0.553 0.459 0.539 0.469 0.461 0.471 0.471 0.468 0.478 0.473 0.462 0.454 0.460 0.470 0.472 0.463 
m2c378r2.htb 21.892 21.721 20.462 21.929 19.657 29.717 26.879 28.746 64.724 169.676 300.000 142.326 66.115 46.178 33.614 84.997 0.571 0.549 0.562 0.550 0.547 0.545 0.561 0.561 0.553 0.545 0.531 0.469 0.491 0.493 0.502 0.484 
m2c382r2.htb 80.486 43.201 111.154 300.000 84.997 117.657 84.997 300.000 300.000 142.061 83.505 104.138 51.083 50.162 37.253 36.589 0.527 0.487 0.493 0.527 0.467 0.453 0.445 0.436 0.445 0.543 0.573 0.572 0.566 0.540 0.509 0.489 
m2c384r2.htb 62.159 36.548 35.101 33.963 24.506 23.972 22.242 23.937 27.378 43.023 78.394 300.000 65.586 29.680 22.319 20.510 0.525 0.525 0.510 0.536 0.533 0.523 0.506 0.516 0.485 0.450 0.422 0.427 0.574 0.597 0.584 0.574 
m2c392r2.htb 6.486 6.075 6.136 6.228 5.353 5.191 5.136 4.927 4.830 5.577 6.555 6.236 5.835 5.581 5.581 5.581 0.518 0.549 0.580 0.575 0.600 0.606 0.618 0.589 0.581 0.567 0.583 0.589 0.587 0.620 0.651 0.635 
m2c403r2.htb 13.100 11.650 9.897 8.404 8.485 8.214 7.713 8.576 12.632 13.444 20.711 23.867 300.000 67.019 172.477 29.575 0.451 0.478 0.486 0.510 0.537 0.565 0.607 0.635 0.674 0.648 0.652 0.650 0.333 0.373 0.315 0.645 
m2c409r2.htb 20.012 16.263 18.805 16.987 16.791 16.470 15.552 27.211 82.251 83.502 39.904 32.800 20.879 5.311 3.461 2.157 0.498 0.483 0.529 0.545 0.539 0.557 0.562 0.587 0.546 0.481 0.485 0.486 0.567 0.787 0.802 0.790 
m2c417r2.htb 36.049 26.680 25.634 30.867 40.850 57.196 57.805 46.448 33.335 34.048 31.605 19.800 14.197 9.193 6.220 6.341 0.478 0.446 0.493 0.506 0.492 0.505 0.502 0.526 0.554 0.592 0.607 0.664 0.693 0.733 0.758 0.764 
m2c423r2.htb 37.146 45.319 34.649 29.598 26.785 29.179 25.488 29.439 26.496 32.132 35.735 32.771 36.525 39.474 52.424 47.049 0.511 0.474 0.464 0.488 0.466 0.472 0.478 0.476 0.496 0.529 0.513 0.485 0.499 0.515 0.542 0.600 
m2c427r2.htb 49.239 31.644 29.158 23.179 19.456 15.035 12.839 11.630 10.828 10.323 12.071 25.081 52.165 16.819 7.033 4.959 0.569 0.555 0.553 0.556 0.525 0.512 0.498 0.474 0.456 0.542 0.569 0.581 0.604 0.551 0.666 0.674 
m2c429r2.htb 24.158 19.009 13.492 11.142 9.199 8.809 6.548 6.533 6.533 6.434 7.154 9.499 9.474 11.062 13.325 13.325 0.598 0.611 0.622 0.649 0.647 0.651 0.639 0.620 0.613 0.614 0.592 0.583 0.598 0.589 0.584 0.537 
m2c436r2.htb 6.485 5.715 5.137 4.224 4.027 3.951 3.951 3.760 5.016 5.249 6.692 7.830 8.313 10.971 12.214 15.498 0.562 0.549 0.566 0.588 0.599 0.603 0.613 0.608 0.597 0.610 0.622 0.635 0.658 0.673 0.663 0.628 
m2c441r2.htb 4.626 3.503 2.635 2.415 2.166 2.101 1.742 1.472 1.417 1.768 1.663 1.892 1.981 2.336 1.817 2.140 0.568 0.572 0.610 0.641 0.675 0.691 0.717 0.744 0.769 0.772 0.809 0.819 0.837 0.844 0.857 0.858 
m2c443r2.htb 56.263 43.546 38.974 89.954 112.904 109.402 66.327 83.087 171.205 300.000 193.398 69.624 84.997 215.283 300.000 300.000 0.488 0.487 0.498 0.494 0.500 0.528 0.563 0.555 0.578 0.418 0.391 0.368 0.365 0.372 0.360 0.392 
m2c445r2.htb 10.090 8.521 7.306 5.603 6.529 7.053 7.479 10.008 14.141 21.663 40.325 42.938 19.985 8.603 9.757 10.093 0.576 0.585 0.604 0.647 0.658 0.646 0.643 0.657 0.637 0.637 0.630 0.387 0.468 0.528 0.530 0.517 
m2c450r2.htb 18.758 14.838 10.711 10.610 11.631 12.703 20.362 29.569 223.961 300.000 96.902 96.902 83.505 21.067 18.278 17.963 0.512 0.489 0.547 0.545 0.528 0.590 0.639 0.626 0.631 0.632 0.361 0.375 0.422 0.472 0.452 0.461 
m5c4r2.htb 24.239 24.855 24.193 18.308 19.877 17.695 20.312 23.288 34.460 44.891 63.200 105.451 91.576 171.851 241.411 89.419 0.459 0.443 0.460 0.464 0.479 0.502 0.520 0.519 0.523 0.533 0.500 0.513 0.533 0.543 0.542 0.514 
m5c6r2.htb 139.194 93.673 56.525 88.609 66.397 56.009 51.322 126.196 286.202 86.956 44.501 35.762 29.002 29.413 21.617 20.726 0.550 0.546 0.573 0.604 0.619 0.634 0.658 0.633 0.599 0.411 0.432 0.424 0.464 0.491 0.535 0.557 
m5c7r2.htb 30.900 24.968 23.241 21.821 21.290 20.532 25.348 22.743 17.772 22.539 25.008 31.674 26.543 31.084 26.980 28.175 0.542 0.551 0.527 0.550 0.579 0.608 0.612 0.601 0.598 0.572 0.548 0.540 0.541 0.569 0.588 0.608 
m5c8r2.htb 37.639 24.575 12.303 9.960 6.693 5.636 5.476 5.476 5.129 5.129 5.345 5.345 6.176 8.182 10.329 17.732 0.434 0.426 0.477 0.545 0.547 0.570 0.566 0.575 0.581 0.569 0.567 0.566 0.561 0.464 0.427 0.404 
m5c13r2.htb 24.538 21.774 18.015 15.874 16.006 14.463 13.100 14.062 17.438 22.905 300.000 300.000 300.000 300.000 300.000 231.123 0.535 0.550 0.546 0.535 0.517 0.542 0.570 0.566 0.535 0.558 0.410 0.401 0.404 0.403 0.365 0.363 
m5c14r2.htb 300.000 172.270 61.275 37.707 27.258 26.657 29.171 29.467 25.700 29.171 33.106 42.834 65.212 101.448 174.279 96.548 0.575 0.441 0.467 0.496 0.502 0.499 0.498 0.487 0.485 0.470 0.476 0.476 0.474 0.454 0.573 0.602 
m5c15r2.htb 20.274 16.770 13.266 12.251 11.451 12.003 11.640 11.407 11.407 11.640 14.266 14.169 16.837 25.598 55.310 94.061 0.549 0.545 0.519 0.518 0.514 0.511 0.478 0.482 0.472 0.470 0.462 0.467 0.489 0.495 0.480 0.576 
m5c25r2.htb 24.741 25.411 25.069 30.021 33.295 35.900 48.953 61.202 56.665 80.000 172.414 214.126 300.000 125.577 77.980 300.000 0.529 0.527 0.508 0.494 0.516 0.512 0.524 0.525 0.536 0.533 0.523 0.537 0.464 0.459 0.462 0.423 
m5c29r2.htb 300.000 300.000 300.000 300.000 300.000 300.000 231.123 240.421 96.557 81.037 73.027 60.109 131.085 168.873 300.000 300.000 0.528 0.534 0.528 0.542 0.521 0.520 0.505 0.522 0.534 0.538 0.532 0.531 0.527 0.526 0.490 0.481 
m5c30r2.htb 44.518 31.247 34.186 59.931 30.659 19.762 24.955 33.160 42.299 32.586 32.494 31.124 31.124 26.869 22.469 31.728 0.505 0.491 0.497 0.488 0.474 0.503 0.507 0.519 0.529 0.505 0.509 0.530 0.560 0.565 0.598 0.621 
m5c35r2.htb 16.078 15.366 21.374 26.216 21.290 23.068 22.987 22.380 24.979 35.159 42.340 63.135 55.319 59.685 300.000 80.119 0.561 0.606 0.597 0.607 0.599 0.603 0.605 0.589 0.568 0.572 0.542 0.523 0.549 0.543 0.474 0.499 
m5c37r2.htb 33.035 24.548 25.011 24.989 24.463 27.003 22.798 25.224 28.890 38.439 66.005 205.777 300.000 300.000 94.160 125.175 0.655 0.694 0.715 0.719 0.718 0.718 0.710 0.709 0.692 0.683 0.679 0.673 0.664 0.643 0.462 0.500 
m5c38r2.htb 30.795 24.687 23.658 27.785 48.363 64.455 118.603 118.603 240.514 300.000 57.454 52.149 57.377 53.548 193.117 48.363 0.597 0.615 0.628 0.636 0.637 0.632 0.602 0.598 0.602 0.410 0.415 0.430 0.463 0.456 0.584 0.610 
m5c40r2.htb 33.340 24.173 20.549 19.781 21.425 21.668 25.886 49.061 300.000 86.600 39.230 26.218 21.691 17.442 16.255 16.767 0.508 0.499 0.516 0.510 0.488 0.485 0.458 0.455 0.547 0.560 0.541 0.544 0.547 0.542 0.516 0.513 
m5c42r2.htb 13.093 13.290 13.014 11.850 11.966 11.311 12.438 12.579 12.305 15.441 22.195 34.421 31.376 108.196 83.160 34.216 0.411 0.435 0.439 0.521 0.467 0.554 0.513 0.513 0.433 0.458 0.467 0.460 0.439 0.426 0.440 0.438 
m5c46r2.htb 300.000 261.120 231.123 104.056 77.195 74.957 50.661 51.698 48.918 73.984 77.709 77.709 107.900 242.570 300.000 300.000 0.483 0.507 0.484 0.481 0.462 0.457 0.449 0.453 0.448 0.461 0.449 0.458 0.464 0.474 0.509 0.489 
m5c49r2.htb 167.498 113.598 300.000 179.429 74.313 48.788 58.432 60.184 82.974 292.782 130.159 123.679 72.074 53.307 54.030 45.682 0.539 0.553 0.480 0.493 0.535 0.526 0.555 0.601 0.602 0.620 0.366 0.354 0.350 0.351 0.345 0.335 
m5c54r2.htb 137.212 300.000 300.000 300.000 300.000 86.264 77.585 74.271 63.639 78.039 40.466 24.872 23.529 31.049 98.918 71.838 0.490 0.478 0.461 0.481 0.495 0.495 0.498 0.533 0.541 0.556 0.573 0.568 0.583 0.596 0.571 0.588 
m5c60r2.htb 69.338 40.623 22.004 13.811 11.719 9.067 7.536 7.279 6.768 6.349 8.307 8.684 10.533 12.662 28.058 56.939 0.539 0.559 0.537 0.553 0.570 0.597 0.597 0.607 0.606 0.599 0.608 0.592 0.599 0.589 0.531 0.492 
m5c63r2.htb 10.433 10.433 9.404 10.323 9.838 9.521 11.957 16.471 26.667 34.307 71.850 122.252 300.000 300.000 51.700 56.655 0.429 0.441 0.399 0.428 0.478 0.564 0.530 0.502 0.576 0.601 0.601 0.632 0.362 0.404 0.545 0.511 
m5c66r2.htb 8.040 6.379 4.404 5.606 6.390 6.272 6.272 7.106 9.610 12.944 28.062 61.240 300.000 76.081 157.417 34.223 0.638 0.619 0.623 0.607 0.588 0.578 0.592 0.582 0.561 0.531 0.504 0.472 0.485 0.488 0.395 0.406 
m5c67r2.htb 300.000 263.043 110.089 83.810 65.321 169.726 300.000 300.000 42.999 26.397 22.931 18.814 16.308 14.008 13.024 17.788 0.536 0.533 0.544 0.509 0.481 0.475 0.442 0.392 0.599 0.637 0.687 0.708 0.731 0.751 0.765 0.824 
m5c69r2.htb 107.982 26.054 13.155 8.870 7.743 5.615 3.905 3.586 3.388 3.640 4.741 5.783 10.292 26.826 47.420 14.553 0.546 0.553 0.555 0.585 0.572 0.603 0.573 0.554 0.551 0.561 0.577 0.553 0.541 0.553 0.467 0.466 
m5c70r2.htb 33.234 18.218 14.369 14.976 15.115 15.397 14.919 15.168 15.168 16.758 20.251 25.639 32.834 37.502 66.193 172.414 0.576 0.570 0.592 0.597 0.621 0.619 0.619 0.620 0.613 0.609 0.602 0.593 0.572 0.558 0.533 0.507 
m5c71r2.htb 73.124 43.565 20.428 20.777 17.745 14.859 14.188 13.959 13.959 13.841 15.147 16.393 20.712 21.738 20.095 33.075 0.516 0.521 0.544 0.550 0.551 0.562 0.547 0.556 0.544 0.543 0.561 0.545 0.547 0.548 0.540 0.540 
m5c74r2.htb 77.527 55.121 57.869 55.121 43.984 43.984 160.994 18.415 10.033 7.905 5.714 5.796 5.796 6.550 5.202 5.512 0.525 0.511 0.513 0.513 0.532 0.541 0.457 0.449 0.449 0.457 0.455 0.450 0.453 0.455 0.489 0.493 
m5c75r2.htb 20.191 13.125 10.378 9.828 6.930 5.707 5.423 5.809 6.800 6.744 7.128 7.739 9.291 11.343 16.663 41.058 0.498 0.497 0.489 0.482 0.483 0.491 0.506 0.505 0.485 0.488 0.508 0.499 0.477 0.463 0.459 0.465 
m5c79r2.htb 300.000 300.000 300.000 107.417 75.552 55.495 52.690 81.993 72.644 69.471 75.604 59.641 44.680 44.326 50.419 50.851 0.505 0.514 0.498 0.510 0.515 0.521 0.534 0.540 0.531 0.531 0.559 0.579 0.606 0.606 0.630 0.637 
m5c81r2.htb 15.505 14.131 12.751 12.430 11.980 21.546 300.000 32.099 21.151 21.288 18.336 14.131 14.854 13.750 11.351 11.318 0.423 0.395 0.400 0.425 0.461 0.509 0.494 0.549 0.546 0.537 0.544 0.568 0.531 0.519 0.528 0.616 
m5c82r2.htb 59.183 33.760 23.817 23.817 23.817 23.817 26.330 30.982 51.022 70.469 69.161 229.089 101.174 79.542 44.109 50.388 0.551 0.532 0.534 0.553 0.563 0.569 0.562 0.604 0.582 0.589 0.556 0.537 0.480 0.487 0.501 0.515 
m5c83r2.htb 30.841 27.633 27.633 23.767 26.985 30.469 41.656 63.101 141.399 216.477 300.000 300.000 115.774 120.162 300.000 80.401 0.646 0.620 0.631 0.603 0.601 0.614 0.599 0.573 0.576 0.573 0.591 0.389 0.396 0.364 0.657 0.660 
m5c87r2.htb 300.000 78.793 39.215 31.594 24.456 18.712 15.247 12.677 12.464 13.193 13.193 13.193 14.819 14.485 13.646 17.571 0.564 0.544 0.562 0.556 0.541 0.547 0.543 0.560 0.559 0.565 0.546 0.567 0.555 0.586 0.600 0.554 
m5c92r2.htb 300.000 106.019 32.361 29.694 23.977 36.438 28.963 49.898 35.875 36.595 39.724 76.412 218.826 240.421 49.920 74.113 0.587 0.608 0.593 0.607 0.592 0.615 0.624 0.613 0.625 0.613 0.595 0.572 0.593 0.439 0.513 0.504 
m5c94r2.htb 27.092 24.370 40.085 50.601 70.120 63.045 63.045 63.045 64.780 82.548 137.212 300.000 93.926 57.939 35.181 36.800 0.508 0.488 0.524 0.490 0.493 0.490 0.498 0.524 0.513 0.522 0.527 0.437 0.569 0.597 0.610 0.691 
m5c95r2.htb 113.628 300.000 269.422 164.080 298.119 300.000 53.625 43.389 24.986 156.098 35.006 10.503 4.238 3.198 3.064 3.300 0.387 0.402 0.391 0.420 0.429 0.553 0.569 0.575 0.549 0.513 0.478 0.516 0.502 0.522 0.595 0.626 
m5c100r2.htb 40.978 118.179 300.000 68.462 37.921 26.360 23.217 22.321 20.665 19.566 18.919 20.592 22.752 29.730 33.419 54.699 0.538 0.534 0.440 0.440 0.455 0.514 0.500 0.504 0.491 0.473 0.479 0.489 0.476 0.486 0.475 0.430 
m5c103r2.htb 31.775 14.222 7.705 6.135 3.998 3.830 3.205 3.830 3.373 3.373 4.390 4.816 7.208 14.143 179.289 25.947 0.585 0.594 0.650 0.718 0.662 0.598 0.654 0.530 0.564 0.556 0.551 0.560 0.526 0.504 0.556 0.517 
m5c107r2.htb 46.949 77.925 202.084 240.514 202.084 164.080 164.080 151.106 156.098 197.608 126.905 118.818 91.828 91.828 87.502 66.481 0.510 0.516 0.518 0.542 0.533 0.518 0.505 0.510 0.497 0.491 0.482 0.475 0.481 0.470 0.479 0.454 
m5c108r3.htb 300.000 300.000 300.000 172.875 252.633 300.000 300.000 189.560 93.570 89.722 49.295 47.277 39.968 36.509 29.689 23.730 0.590 0.432 0.430 0.454 0.472 0.519 0.520 0.520 0.521 0.523 0.507 0.490 0.485 0.508 0.525 0.530 
m5c109r2.htb 79.350 95.551 202.302 139.194 43.089 27.183 20.301 17.850 14.968 15.237 14.537 13.261 14.796 14.112 18.494 20.964 0.618 0.613 0.396 0.388 0.397 0.398 0.362 0.394 0.437 0.495 0.533 0.537 0.530 0.534 0.496 0.524 
m5c111r2.htb 118.726 83.087 157.417 300.000 168.023 100.059 104.531 300.000 300.000 300.000 300.000 201.584 200.821 115.743 55.263 96.305 0.640 0.617 0.589 0.566 0.528 0.511 0.480 0.456 0.518 0.519 0.525 0.547 0.510 0.546 0.633 0.639 
m5c118r2.htb 22.100 13.897 11.875 10.840 10.336 9.421 9.206 10.366 10.112 10.620 11.916 12.573 16.900 15.833 17.353 26.126 0.506 0.505 0.497 0.508 0.531 0.535 0.533 0.553 0.556 0.542 0.545 0.561 0.563 0.566 0.545 0.530 
m5c125r2.htb 15.008 11.268 9.944 8.803 6.738 6.479 7.421 8.450 10.756 12.141 15.696 24.695 36.812 44.918 300.000 69.412 0.419 0.428 0.455 0.468 0.479 0.503 0.520 0.564 0.575 0.561 0.550 0.527 0.523 0.524 0.529 0.572 
m5c128r2.htb 138.975 133.534 300.000 300.000 264.076 106.598 48.764 46.248 53.189 70.362 51.584 35.894 45.521 47.279 66.010 43.747 0.560 0.540 0.453 0.453 0.422 0.484 0.493 0.509 0.476 0.425 0.424 0.437 0.469 0.471 0.498 0.499 
m5c129r2.htb 51.782 33.053 15.493 11.984 9.298 7.803 7.149 6.421 5.528 5.110 4.969 4.969 4.969 5.514 6.573 7.388 0.570 0.543 0.547 0.573 0.568 0.573 0.561 0.555 0.549 0.558 0.568 0.584 0.582 0.562 0.537 0.486 
m5c135r2.htb 16.662 15.600 12.607 8.854 8.907 10.683 11.740 12.624 18.299 24.652 31.108 62.432 300.000 202.612 280.203 219.640 0.585 0.581 0.565 0.536 0.548 0.567 0.522 0.500 0.518 0.512 0.484 0.468 0.506 0.528 0.464 0.466 
m5c140r2.htb 57.784 43.891 37.060 40.853 52.912 69.783 300.000 71.863 39.781 25.302 16.065 12.445 10.750 8.913 9.051 10.921 0.534 0.525 0.526 0.541 0.555 0.539 0.480 0.501 0.496 0.502 0.503 0.492 0.477 0.465 0.462 0.441 
m5c152r2.htb 18.880 17.813 19.768 23.156 24.757 30.664 29.738 56.531 280.203 71.446 45.347 22.243 19.194 19.773 16.898 14.672 0.637 0.621 0.625 0.624 0.621 0.616 0.617 0.605 0.600 0.433 0.437 0.417 0.430 0.444 0.425 0.440 
m5c154r2.htb 15.640 15.551 16.859 18.322 19.647 21.746 20.032 21.931 22.651 22.038 18.542 14.144 9.841 7.977 6.833 4.387 0.552 0.560 0.588 0.628 0.643 0.647 0.636 0.651 0.657 0.659 0.656 0.645 0.624 0.634 0.671 0.721 
m5c156r2.htb 59.900 40.524 47.364 31.746 33.363 27.118 33.363 47.364 49.739 171.851 102.855 83.877 110.093 57.162 38.643 29.221 0.477 0.491 0.500 0.525 0.566 0.565 0.576 0.581 0.598 0.626 0.391 0.400 0.386 0.390 0.465 0.463 
m5c159r2.htb 62.011 38.509 37.854 45.224 54.954 54.314 45.224 31.578 54.939 52.030 300.000 51.446 35.642 39.612 30.629 46.310 0.453 0.397 0.512 0.512 0.533 0.578 0.570 0.615 0.626 0.641 0.529 0.510 0.548 0.520 0.486 0.497 
m5c163r2.htb 15.678 21.230 25.463 35.191 99.691 38.969 14.315 10.685 8.675 11.017 13.420 22.799 151.106 37.447 13.737 9.450 0.560 0.551 0.544 0.541 0.527 0.455 0.461 0.428 0.402 0.424 0.434 0.429 0.443 0.577 0.572 0.548 
m5c164r3.htb 17.270 14.583 14.407 12.067 10.607 9.860 8.716 13.105 13.589 12.620 9.671 6.594 4.475 4.724 4.360 3.867 0.477 0.492 0.506 0.513 0.548 0.597 0.593 0.621 0.638 0.584 0.569 0.557 0.551 0.571 0.575 0.576 
m5c166r2.htb 32.281 27.946 29.868 44.939 47.702 56.333 135.850 300.000 110.723 48.995 28.480 27.857 32.092 37.995 66.554 62.270 0.568 0.578 0.595 0.601 0.598 0.572 0.570 0.580 0.437 0.431 0.460 0.487 0.542 0.531 0.497 0.497 
m5c167r2.htb 42.239 31.682 28.589 20.879 18.642 19.659 17.027 17.027 16.733 19.981 25.050 35.294 37.297 59.697 300.000 179.789 0.450 0.424 0.447 0.472 0.493 0.512 0.493 0.520 0.504 0.478 0.463 0.476 0.437 0.389 0.393 0.627 
m5c170r2.htb 10.428 7.890 6.376 4.866 4.372 3.913 3.518 3.462 3.591 4.051 4.509 5.566 7.003 11.176 30.360 120.569 0.518 0.531 0.545 0.545 0.551 0.566 0.578 0.596 0.592 0.609 0.589 0.575 0.583 0.592 0.537 0.471 
m14c119r1.htb 37.285 38.017 63.522 61.048 59.200 96.117 135.237 230.917 265.572 300.000 230.917 300.000 55.432 59.632 64.516 50.552 0.468 0.478 0.488 0.476 0.463 0.453 0.448 0.452 0.458 0.549 0.439 0.437 0.430 0.444 0.451 0.469 
