FILE	
m2c162r2.htb 21.009 19.752 17.846 18.087 16.757 15.990 16.708 14.480 14.282 47.471 37.098 48.303 40.683 27.669 26.973 55.358 31.806 40.614 22.302 17.580 15.624 15.347 14.703 14.579 14.802 14.653 14.554 34.636 30.771 25.415 25.789 29.034 26.643 22.117 23.688 24.543 19.247 15.421 14.282 14.658 15.074 15.045 14.431 14.707 16.059 23.579 22.315 25.934 26.185 31.997 31.870 42.424 40.269 37.865 
m2c163r2.htb 13.688 12.922 13.455 12.104 13.658 12.846 11.559 12.896 14.902 14.925 20.996 22.429 18.122 27.922 18.599 25.759 27.976 20.738 7.005 6.460 6.855 7.870 6.905 7.565 7.362 7.337 8.144 10.225 12.567 16.582 29.406 14.472 17.258 17.996 12.884 12.643 7.768 7.185 7.185 7.104 8.175 7.185 7.438 9.010 11.411 15.197 15.619 18.095 12.311 15.619 10.150 13.511 12.910 29.107 
m2c168r3.htb 6.082 8.020 9.703 8.722 6.782 8.465 9.288 8.713 5.045 24.633 30.740 27.820 18.686 15.300 22.544 31.122 27.820 28.125 12.822 17.162 18.861 17.376 16.188 15.446 16.535 16.926 15.323 34.308 20.619 68.360 40.499 50.178 40.904 41.286 28.027 60.153 12.475 16.238 16.238 18.663 16.337 18.168 18.960 16.832 10.941 39.563 52.771 24.807 37.176 40.089 76.182 46.257 61.707 49.373 
m2c170r2.htb 27.822 30.198 26.436 24.752 26.485 24.010 26.436 23.218 23.564 91.622 35.239 38.500 62.945 35.278 47.454 43.969 27.394 33.598 15.941 18.366 17.327 17.970 17.525 18.416 18.218 19.109 25.396 35.074 36.578 21.515 19.222 28.594 29.966 31.720 30.864 23.452 23.168 23.713 21.238 22.030 21.584 22.624 24.158 22.822 27.624 20.782 49.167 32.966 33.833 17.810 42.542 41.420 33.689 24.033 
m2c172r2.htb 5.360 6.931 9.547 6.931 9.547 8.451 11.033 9.936 12.907 19.642 20.840 27.972 28.465 26.956 22.037 36.141 31.041 40.917 10.962 10.007 7.956 7.709 7.461 7.921 6.577 6.931 3.854 17.132 14.402 13.178 17.453 18.334 12.562 14.321 8.786 6.197 4.031 3.359 2.793 3.925 4.986 5.092 5.658 4.066 5.941 8.563 5.325 5.305 10.274 12.525 14.284 13.859 6.269 9.585 
m2c174r2.htb 24.832 22.360 20.050 20.380 18.455 19.967 17.079 15.965 14.191 30.464 13.973 16.218 36.733 20.005 23.499 16.814 13.666 43.105 29.662 23.639 18.936 18.317 19.010 17.987 16.295 14.521 12.706 20.073 24.918 16.308 11.508 38.232 22.305 15.512 14.633 13.696 36.139 31.931 26.485 25.206 24.422 23.185 21.328 17.698 14.026 43.985 32.243 15.365 23.866 22.561 21.389 15.598 16.905 21.709 
m2c175r2.htb 22.812 21.411 23.515 24.010 22.195 22.071 25.413 25.495 23.804 43.826 63.234 70.347 49.889 58.811 82.641 61.858 78.956 59.626 6.642 7.384 5.899 6.559 8.993 7.178 7.366 6.574 8.622 15.385 23.099 20.329 20.101 35.454 29.004 23.452 7.996 25.017 18.812 17.120 16.873 17.244 13.738 16.911 17.781 15.800 17.987 45.520 31.410 51.613 32.300 69.926 23.766 50.420 31.666 57.937 
m2c176r2.htb 24.666 24.392 21.782 22.142 22.862 22.502 24.662 23.627 31.098 65.939 71.006 108.206 62.323 68.145 54.633 62.917 81.439 66.068 14.311 16.337 15.347 14.401 15.752 13.951 17.262 16.382 20.027 47.682 60.008 72.612 41.054 27.813 37.710 90.796 75.131 69.361 20.252 18.857 17.147 18.092 21.266 24.212 19.667 21.917 22.007 106.407 47.192 42.516 73.679 54.974 65.701 40.733 61.459 53.677 
m2c177r2.htb 20.821 18.272 19.982 19.262 20.102 17.942 18.632 18.602 22.022 41.677 36.828 46.347 40.688 38.874 50.287 34.461 43.302 75.914 10.051 11.761 11.521 11.311 12.841 11.461 13.021 12.601 15.002 20.655 27.862 27.192 26.654 38.874 26.164 24.944 24.463 23.718 15.482 16.502 16.592 15.722 16.412 17.732 16.832 18.152 19.502 46.737 57.878 40.378 29.823 30.820 35.742 31.553 50.710 48.125 
m2c178r2.htb 47.195 47.360 44.785 44.983 47.129 46.733 46.799 49.142 49.670 67.088 36.919 48.791 41.083 88.064 57.357 64.492 62.839 98.373 25.875 27.525 27.657 27.261 25.908 25.743 25.941 26.007 20.561 53.256 50.326 80.718 85.910 34.755 64.362 72.704 73.011 53.388 47.855 45.710 41.485 42.541 41.254 41.155 40.990 38.944 34.983 48.767 45.302 49.444 40.123 51.539 91.450 62.441 57.488 52.553 
m2c179r2.htb 15.172 19.569 20.996 20.792 23.642 24.840 22.976 25.131 26.150 25.768 35.591 34.802 28.637 29.578 36.263 21.791 14.379 26.742 7.251 10.891 12.231 14.269 14.311 12.609 13.891 15.002 12.202 10.380 20.402 37.660 39.635 46.999 25.922 29.259 41.915 38.185 15.572 21.462 25.102 27.461 27.490 27.635 27.868 27.257 27.082 54.178 27.551 34.095 41.904 39.334 40.719 44.686 29.304 28.095 
m2c180r2.htb 20.698 21.169 19.708 19.189 18.152 18.812 19.755 18.953 18.812 17.440 14.065 22.734 24.456 11.502 15.391 21.613 20.908 16.763 13.861 14.569 15.134 15.198 14.946 16.549 15.747 15.747 15.747 6.274 11.876 13.542 8.163 9.402 8.248 10.872 12.931 13.127 16.124 14.993 16.973 16.737 16.077 15.842 15.134 17.539 19.896 14.228 5.812 10.419 8.323 6.657 10.587 14.816 9.817 12.931 
m2c181r2.htb 72.258 65.232 63.576 61.348 60.187 58.949 58.378 53.941 47.848 72.369 60.381 81.166 42.824 85.087 67.754 81.921 52.801 53.733 35.401 28.751 26.181 26.447 26.447 23.153 22.944 22.258 19.354 62.962 51.973 66.868 79.782 48.528 37.065 36.241 37.309 44.587 54.703 46.954 44.212 40.823 41.394 40.575 40.308 35.567 30.198 98.063 40.225 61.120 60.533 60.972 55.108 41.685 57.851 51.879 
m2c182r2.htb 20.809 23.152 24.455 25.825 25.396 26.485 27.195 28.168 30.908 32.449 24.826 39.488 57.232 35.551 31.058 38.862 48.697 34.995 7.657 7.393 8.416 8.053 8.498 8.515 7.954 8.944 9.389 12.490 12.178 11.548 11.945 13.368 14.927 8.971 12.926 17.363 12.624 14.076 16.848 17.442 17.591 16.617 17.657 19.109 21.881 23.083 19.310 18.360 21.603 27.062 20.872 27.520 26.461 43.223 
m2c183r2.htb 28.845 19.274 18.713 17.459 17.426 16.535 16.733 15.776 15.083 35.543 17.222 28.013 16.123 20.052 16.844 29.568 32.988 28.306 18.185 16.931 14.422 14.950 14.752 16.436 12.871 14.521 14.620 16.258 25.985 21.207 23.145 36.464 27.759 16.631 28.620 15.934 24.653 17.888 14.620 15.149 14.521 15.116 13.663 13.036 12.871 17.737 22.373 19.111 24.010 21.116 24.604 38.090 24.817 19.674 
m2c184r2.htb 55.967 46.053 43.408 42.815 43.832 41.986 39.898 37.035 28.258 78.410 47.088 60.647 54.919 37.613 75.835 57.503 75.344 29.931 41.370 39.812 38.223 38.828 38.881 39.239 41.167 41.798 44.073 35.625 20.939 31.080 30.614 20.622 22.490 38.556 28.708 16.971 49.344 44.320 43.590 41.718 41.193 40.407 41.714 41.183 37.467 38.804 43.845 23.606 26.531 31.451 20.686 27.510 29.761 46.711 
m2c185r2.htb 25.916 29.183 33.886 33.614 37.005 37.723 39.653 44.827 57.797 37.849 16.187 36.270 33.126 31.354 23.869 45.443 45.847 40.503 11.386 13.119 15.446 15.668 17.129 17.104 20.569 21.535 26.807 14.981 11.097 16.127 20.656 22.280 26.493 25.764 40.858 41.393 14.530 20.446 22.995 26.485 27.673 29.158 30.891 37.302 48.465 18.067 23.052 16.463 23.665 33.378 34.534 48.874 78.896 40.868 
m2c186r2.htb 20.429 18.944 17.723 16.997 18.119 17.954 19.736 19.835 21.551 19.977 16.748 13.139 15.758 19.819 16.748 37.923 29.104 33.511 10.627 9.670 8.614 7.789 8.185 8.350 8.185 7.327 8.119 14.463 16.948 9.813 9.988 12.908 16.137 25.078 11.737 11.655 18.383 15.182 15.380 15.908 14.521 13.267 16.073 14.752 15.413 29.455 21.251 28.580 17.844 18.344 13.291 32.159 8.407 16.407 
m2c187r2.htb 38.526 38.344 38.554 39.844 39.334 39.983 38.254 39.004 39.124 39.412 38.493 30.202 42.706 16.498 44.500 24.680 18.377 28.987 53.015 56.496 56.766 56.616 56.586 57.426 57.006 57.276 58.266 78.491 59.304 69.152 107.003 146.929 138.406 83.878 49.819 80.024 71.437 74.347 77.402 75.098 74.617 76.118 77.108 76.328 78.308 98.895 104.914 101.563 99.324 74.859 96.606 128.465 66.499 81.019 
m2c189r2.htb 10.087 10.489 8.447 10.644 9.097 10.118 10.458 10.179 10.489 14.068 12.893 11.889 15.179 20.013 16.617 17.705 8.426 16.814 11.046 10.025 12.717 10.644 9.684 10.489 11.077 11.170 12.778 23.218 35.907 46.935 22.578 17.882 24.657 20.772 27.147 23.107 7.550 7.828 7.797 7.890 7.550 7.611 7.116 8.137 8.447 14.151 10.838 9.408 12.237 15.606 19.128 18.622 19.779 13.280 
m2c190r2.htb 4.510 5.177 6.280 6.078 6.139 7.298 6.676 5.856 7.646 9.716 12.057 20.122 22.303 20.056 23.474 30.986 14.092 39.806 27.072 23.281 18.953 17.963 19.236 16.238 14.144 11.485 12.815 88.569 81.617 76.068 77.971 96.604 69.613 41.667 43.491 53.106 26.843 19.406 16.549 17.519 16.379 16.266 15.106 15.361 9.844 63.847 50.064 56.775 75.613 72.562 44.187 37.848 73.947 23.754 
m2c191r2.htb 14.851 16.337 17.272 17.567 16.089 17.567 18.124 19.582 18.564 20.054 17.841 18.791 14.782 19.235 18.761 28.783 22.749 17.946 34.229 37.266 36.386 37.129 35.396 34.186 35.078 32.728 31.023 30.521 54.793 49.036 56.549 45.283 55.092 35.307 41.337 24.479 36.124 37.789 36.238 35.728 35.561 36.304 35.836 36.964 35.891 42.520 40.864 28.325 54.572 27.357 66.772 34.440 30.361 46.627 
m2c193r2.htb 16.565 14.528 15.194 16.070 13.442 15.004 15.765 16.089 16.165 88.731 71.762 59.082 121.234 65.059 82.744 69.153 86.415 34.088 10.739 9.311 8.816 9.653 7.788 8.568 8.416 8.854 9.730 77.862 31.379 36.454 74.613 19.261 45.474 36.732 31.847 23.439 13.100 11.424 9.577 9.768 10.072 10.682 9.330 9.863 9.844 117.813 118.922 70.724 79.655 84.910 61.406 61.561 70.964 48.800 
m2c195r2.htb 6.865 6.865 6.304 6.931 5.446 5.809 5.611 6.106 6.238 16.694 11.894 6.726 9.600 8.502 8.906 4.349 7.104 7.514 3.762 4.389 5.215 5.248 4.653 4.686 5.182 5.116 3.729 7.396 11.472 9.866 8.258 6.906 6.283 8.429 10.079 6.131 4.290 4.785 4.323 3.927 3.993 3.993 4.719 4.785 3.894 3.944 9.200 4.224 4.562 6.185 3.683 8.227 8.524 5.066 
m2c196r3.htb 18.777 25.706 25.596 30.876 29.562 33.847 37.257 40.484 48.373 53.044 41.887 48.163 72.846 100.913 70.810 37.338 109.441 84.503 4.880 13.018 18.702 20.865 23.939 24.606 26.025 31.830 44.481 14.663 35.193 58.843 64.091 63.396 51.707 64.617 51.858 101.794 8.361 17.751 25.449 29.850 31.011 31.612 36.010 44.307 54.632 22.270 25.047 86.855 71.690 79.372 98.751 64.107 90.160 132.525 
m2c197r2.htb 20.286 21.429 23.927 23.291 24.752 26.025 27.676 27.558 29.514 10.100 16.298 27.157 25.212 32.039 18.711 23.334 27.827 32.146 25.035 34.930 40.547 40.429 43.449 44.393 46.558 51.627 64.569 17.468 29.377 37.106 26.153 35.674 29.546 56.498 23.459 56.978 24.281 37.270 47.737 49.010 51.650 52.122 56.153 62.046 71.523 24.782 27.009 57.504 42.954 38.682 43.268 49.076 48.138 112.510 
m2c198r2.htb 12.228 14.455 12.327 14.427 17.277 17.475 18.069 17.970 20.248 27.373 21.814 26.362 35.641 25.330 22.833 29.809 18.912 32.450 6.648 6.129 10.000 10.099 9.194 9.901 8.614 13.614 19.950 18.738 7.119 58.807 116.872 36.971 27.655 18.068 42.914 21.698 12.400 11.089 11.683 13.267 14.703 14.455 16.690 17.624 27.673 80.543 18.326 28.852 30.172 28.921 30.688 40.906 29.161 52.779 
m2c199r2.htb 56.040 54.257 53.168 50.363 51.320 51.122 50.495 49.109 47.492 43.985 42.687 33.340 31.013 40.705 30.320 42.998 35.940 25.250 52.673 54.719 53.498 55.347 54.620 53.498 52.079 50.660 42.475 19.768 31.095 39.853 40.452 50.170 34.377 24.244 41.651 31.664 54.356 55.545 55.248 53.366 51.650 53.201 49.802 46.898 43.234 43.224 35.247 35.385 28.892 42.463 41.979 40.574 39.380 34.434 
m2c200r2.htb 11.518 13.003 13.696 17.030 19.769 17.426 16.436 22.904 28.251 40.123 30.337 44.288 38.292 48.777 34.858 39.928 52.039 122.823 12.508 12.970 15.545 14.884 18.713 16.040 17.591 22.871 32.046 41.814 41.737 43.076 36.608 46.605 26.123 31.889 42.548 51.887 11.452 13.993 15.446 17.954 18.317 17.195 21.782 26.865 37.096 32.362 53.391 28.638 34.123 24.930 37.554 70.176 74.349 82.192 
m2c202r2.htb 32.079 33.614 30.965 34.109 32.302 31.163 31.262 29.752 30.223 68.862 122.912 86.467 112.455 98.919 65.755 79.122 67.814 52.382 36.114 41.485 40.668 41.287 38.144 39.728 39.406 36.460 28.787 82.545 80.022 41.644 67.676 53.187 61.391 86.678 63.940 60.949 30.916 35.371 36.634 35.421 33.936 35.668 34.505 31.931 27.797 50.648 83.953 69.878 74.628 57.410 65.981 55.729 38.445 66.629 
m2c214r2.htb 49.028 47.411 43.031 45.316 40.404 41.508 37.852 40.404 35.872 67.668 85.037 69.815 51.862 75.602 113.865 45.510 49.408 73.507 80.236 56.816 48.477 47.144 44.136 40.746 37.586 35.110 31.721 112.733 105.564 123.712 60.628 59.694 46.560 91.166 59.855 48.896 96.116 72.772 61.615 61.234 54.303 56.131 49.238 43.184 34.577 109.003 110.675 112.719 144.746 51.343 65.309 109.837 74.901 78.888 
m2c220r2.htb 10.297 10.297 12.673 11.386 9.208 14.158 10.693 12.327 12.970 14.591 14.591 33.908 34.826 17.449 18.997 29.987 40.912 26.819 26.089 15.050 15.000 11.337 11.584 12.871 10.644 8.267 7.178 61.839 44.124 43.265 21.719 42.421 46.951 29.190 28.715 17.529 21.683 15.990 11.832 13.911 12.277 13.317 8.960 13.218 10.693 29.089 58.227 34.308 52.469 28.212 28.323 23.679 51.313 35.353 
m2c221r2.htb 31.223 37.694 34.795 33.522 38.225 38.366 39.533 41.443 42.786 90.367 141.303 87.988 102.729 145.980 100.036 80.234 161.401 117.226 12.942 10.325 8.982 10.290 10.644 10.007 9.972 8.204 11.563 37.900 26.390 30.130 22.245 25.388 30.523 20.545 17.272 27.597 19.837 20.898 19.519 21.747 22.136 21.711 24.611 29.809 38.508 23.707 51.363 59.098 139.237 120.846 67.889 112.314 81.789 126.955 
m2c223r2.htb 13.421 15.897 16.062 14.549 17.794 15.897 17.959 17.932 18.647 22.152 66.993 45.436 43.627 57.221 34.671 60.955 60.990 37.951 7.206 4.675 5.391 5.116 5.446 5.171 3.960 4.235 6.491 11.238 12.526 11.396 13.136 18.065 9.585 5.266 6.420 18.062 7.068 7.398 7.316 6.298 8.966 7.343 9.598 10.946 17.492 13.004 18.905 15.980 17.262 30.134 19.403 23.573 23.244 74.446 
m2c226r2.htb 21.330 21.584 22.801 25.233 24.385 25.714 25.771 29.816 35.191 17.550 24.554 56.424 34.216 22.090 20.960 18.077 49.867 32.600 12.984 17.115 17.482 19.321 20.820 19.349 19.010 20.877 27.864 20.227 34.459 39.785 60.396 50.311 51.687 48.254 43.558 36.856 15.813 18.331 20.622 21.160 19.576 20.622 21.669 28.713 33.720 28.341 26.028 49.562 28.780 37.199 43.738 42.716 45.094 58.468 
m2c231r2.htb 30.629 33.184 32.833 31.523 35.356 35.771 37.783 35.164 38.454 60.447 232.779 63.791 84.639 108.041 102.653 126.399 65.933 124.112 30.501 28.553 24.657 25.583 22.708 25.966 23.060 22.293 17.534 53.617 40.787 56.161 51.243 31.235 53.963 27.657 32.472 24.912 28.905 24.273 24.050 23.571 21.335 22.070 20.217 20.632 21.016 40.220 45.085 37.460 47.997 59.591 63.405 30.636 28.566 37.690 
m2c233r2.htb 24.312 24.679 25.559 23.029 22.956 23.579 22.919 24.166 23.029 41.424 36.642 48.414 36.316 47.585 63.797 52.310 66.755 40.237 6.674 7.481 8.911 9.168 8.801 9.828 8.361 11.074 10.378 8.867 10.130 22.999 10.526 15.484 16.659 25.060 21.268 19.031 7.737 8.728 7.517 8.251 7.224 9.424 8.801 9.424 12.761 6.111 11.088 9.521 13.800 8.281 12.621 21.516 22.198 55.977 
m2c236r2.htb 43.168 40.691 39.332 38.441 36.015 34.134 33.936 31.634 32.214 86.457 62.190 82.696 71.682 109.727 70.279 61.230 83.499 107.347 34.480 22.265 20.599 19.208 20.396 20.213 22.048 25.272 27.426 98.074 83.380 80.640 72.783 61.824 67.786 95.874 86.668 113.322 54.745 47.573 46.807 45.074 44.120 41.733 42.698 44.796 45.617 177.985 89.107 109.491 74.602 107.982 109.368 94.721 70.129 113.733 
m2c237r2.htb 38.834 36.744 39.076 34.675 35.314 34.675 34.103 36.049 34.015 51.906 55.798 73.727 118.326 71.250 65.523 64.279 95.764 81.683 88.273 80.418 74.103 72.739 69.219 68.273 66.494 56.612 41.364 480.388 435.068 370.728 233.738 189.412 214.817 217.167 192.285 88.489 87.019 81.166 71.441 70.891 70.612 67.261 63.696 57.778 39.919 415.299 265.842 287.537 311.128 168.099 323.516 212.591 181.183 103.855 
m2c240r2.htb 57.973 62.992 62.430 58.844 58.255 58.121 58.175 59.219 57.024 293.649 172.769 154.176 195.326 99.746 130.263 120.889 80.975 74.963 41.477 36.842 38.587 35.800 36.842 34.914 34.680 33.299 29.208 150.191 104.556 137.704 153.855 138.416 243.521 190.095 145.848 157.841 54.241 50.201 46.588 45.414 46.909 44.841 46.267 44.607 43.511 131.912 128.793 145.571 116.532 119.071 154.723 186.945 145.558 66.494 
m2c241r2.htb 37.723 36.139 36.634 34.950 37.574 39.059 38.218 34.703 32.871 172.419 204.366 124.033 151.595 96.015 106.231 206.007 190.639 84.574 22.624 20.198 18.911 18.119 13.812 19.257 17.871 14.950 14.257 192.063 177.526 190.064 228.471 176.296 191.774 223.041 107.100 125.416 26.139 24.703 25.396 26.980 25.347 23.069 25.149 18.317 19.455 387.516 282.065 248.920 350.211 298.051 245.910 248.933 231.505 136.960 
m2c242r2.htb 79.564 74.733 71.723 70.257 71.168 70.099 70.178 64.317 57.782 46.473 73.205 47.224 43.499 55.740 89.942 80.165 60.981 60.523 66.495 71.089 70.337 67.762 66.970 66.416 66.891 63.050 50.574 48.417 58.981 102.480 48.531 40.591 41.329 85.292 116.877 66.817 93.743 87.842 87.208 86.535 84.119 81.663 80.634 74.693 60.000 66.310 45.218 30.954 54.406 94.148 88.563 41.016 74.754 62.085 
m2c244r2.htb 26.293 23.597 30.308 27.558 28.548 28.328 27.613 29.043 28.548 62.765 49.044 86.282 92.869 41.432 56.527 44.043 44.286 52.965 7.591 7.151 5.336 5.501 4.455 4.840 5.116 5.611 6.546 19.145 24.514 14.547 14.557 28.400 5.638 13.753 12.686 33.461 24.587 23.927 21.397 21.892 22.552 23.322 22.387 24.312 23.487 63.921 80.067 33.346 47.387 43.312 47.080 44.648 80.064 87.858 
m2c247r2.htb 4.325 5.116 4.455 2.640 3.410 4.125 3.135 2.750 2.915 26.491 12.254 6.026 5.882 10.982 5.795 4.988 4.331 6.744 24.477 15.072 11.606 8.338 9.516 10.946 5.721 4.950 3.080 53.721 38.815 21.083 22.472 12.356 28.079 15.979 8.419 6.907 27.613 12.926 12.926 10.176 9.846 11.056 9.461 6.656 5.501 78.526 31.655 27.157 18.200 17.354 44.430 17.094 15.778 11.905 
m2c252r2.htb 21.729 20.655 18.678 19.160 21.507 19.133 17.795 14.504 16.832 42.422 45.774 39.547 61.716 101.761 48.092 59.552 68.251 32.658 32.398 40.374 44.527 45.490 47.140 47.766 46.668 44.527 44.849 66.582 76.245 75.538 88.280 74.854 67.281 119.333 102.538 80.159 21.507 26.866 24.780 25.020 29.180 24.312 26.251 23.682 20.257 34.597 47.825 52.179 61.848 76.546 40.749 82.869 53.338 43.274 
m2c254r2.htb 5.513 7.446 8.059 8.535 8.693 10.436 10.455 11.279 14.891 7.303 9.212 9.443 11.999 12.135 9.931 10.290 14.864 22.645 6.834 6.277 7.465 7.591 8.057 7.426 8.426 9.998 11.648 9.656 5.826 8.131 7.202 8.000 6.852 13.700 6.911 9.748 4.931 6.574 7.624 8.406 8.600 9.327 10.713 11.030 14.198 5.621 8.233 6.572 23.267 9.705 14.168 10.791 12.644 12.988 
m2c258r2.htb 15.914 16.204 17.291 16.252 14.827 15.600 16.131 15.576 17.218 74.080 68.805 73.772 56.905 69.821 50.867 37.851 71.073 72.830 9.708 7.897 5.820 5.433 5.337 5.409 4.347 4.009 4.902 29.371 26.345 23.880 23.190 23.374 13.141 13.228 17.349 13.575 20.164 17.146 16.349 16.759 14.055 15.262 14.562 14.393 15.455 64.786 53.546 59.657 46.485 48.928 61.316 59.124 46.471 41.804 
m2c260r2.htb 21.726 20.226 20.093 20.472 18.725 20.501 17.647 19.977 17.909 39.497 26.542 29.500 24.758 25.866 25.579 23.139 27.892 26.935 30.984 24.782 22.103 20.617 20.566 21.520 17.997 18.579 17.997 42.214 46.905 36.759 14.940 33.796 30.200 30.387 21.808 29.377 34.450 32.994 28.072 25.655 26.674 27.461 23.876 23.063 23.850 44.249 67.416 46.572 43.095 40.159 46.003 37.988 37.639 36.323 
m2c262r2.htb 25.328 25.601 26.073 26.874 25.904 23.118 24.375 25.558 29.562 75.307 87.011 76.256 56.837 67.544 73.190 73.161 58.923 102.408 47.870 50.825 47.985 45.285 44.767 44.295 44.790 39.345 35.125 112.215 191.548 198.876 142.313 149.557 230.875 219.242 132.797 121.090 31.707 31.777 31.913 32.720 32.367 32.213 32.037 31.542 33.098 102.165 84.775 93.821 70.962 105.847 114.104 113.132 76.777 141.648 
m2c364r2.htb 30.556 28.430 28.232 25.743 26.139 29.420 27.072 28.600 28.062 39.669 44.665 50.824 21.624 32.361 30.307 36.095 28.588 36.729 44.781 39.066 36.690 34.851 35.332 33.465 34.314 30.184 25.177 52.710 51.053 38.171 67.917 37.988 58.057 54.778 62.760 24.524 49.788 43.593 38.076 37.935 37.426 37.454 35.106 33.975 28.062 52.681 43.507 48.919 69.588 38.047 41.835 54.051 36.488 19.833 
m2c365r2.htb 7.364 8.208 9.422 7.857 6.993 7.793 8.694 8.509 8.849 19.286 59.353 19.859 33.457 11.380 15.210 35.717 24.657 15.934 4.084 3.258 3.066 2.908 3.806 4.088 3.545 3.354 4.408 8.522 7.790 6.689 4.107 5.383 5.277 8.154 6.841 5.218 9.614 7.793 6.559 6.559 5.910 5.972 7.761 7.985 11.626 25.566 21.876 18.325 15.353 14.830 16.854 25.821 22.216 29.799 
m2c368r2.htb 40.594 39.682 41.370 40.464 41.504 41.771 41.718 40.969 44.153 90.876 106.846 60.187 125.911 132.306 97.367 119.442 95.598 89.395 27.402 28.088 30.773 29.182 30.667 28.499 29.382 31.710 33.273 60.890 44.109 74.686 49.637 69.070 47.170 35.403 60.260 98.429 33.481 34.279 37.865 37.784 37.865 36.113 38.900 42.053 47.391 126.318 76.755 53.612 83.898 71.693 75.177 83.135 81.642 82.735 
m2c369r2.htb 30.668 30.198 30.371 31.436 33.243 30.817 31.733 31.312 30.916 90.212 75.910 90.106 75.395 105.464 72.099 138.194 62.774 65.327 35.668 34.926 32.649 34.802 35.446 34.678 35.074 35.495 32.475 63.467 41.423 88.050 49.897 76.021 54.418 62.381 63.571 45.606 45.767 44.530 45.347 43.119 45.000 46.460 41.782 43.713 36.683 90.061 81.464 91.454 52.481 92.547 102.825 75.216 84.936 54.743 
m2c370r2.htb 36.931 32.079 32.079 28.812 30.000 29.802 26.683 26.287 26.238 22.402 25.116 63.296 39.408 49.954 21.143 20.171 24.505 46.383 37.574 36.287 32.624 34.109 30.396 31.188 32.178 31.832 32.327 13.980 20.357 31.418 25.846 66.877 33.072 35.445 27.064 12.617 40.792 39.802 38.168 35.396 33.861 33.366 30.248 31.188 31.584 43.401 35.456 24.505 42.501 38.242 44.278 17.591 18.522 28.573 
m2c372r2.htb 17.822 17.657 17.789 16.766 17.558 15.842 18.251 16.535 17.393 23.324 13.392 26.534 16.356 13.584 22.919 21.139 15.019 14.108 42.640 39.175 38.350 38.152 37.954 37.162 36.997 36.436 34.422 42.655 21.816 37.652 20.872 37.544 43.926 16.393 22.675 25.263 38.152 37.888 35.743 34.917 34.950 34.818 34.455 32.805 31.386 21.481 24.875 20.711 20.751 22.185 28.062 26.529 22.089 36.247 
m2c374r2.htb 23.490 21.287 19.530 18.094 18.020 16.807 16.460 16.485 14.604 21.616 18.198 18.801 23.526 33.189 20.586 19.741 12.294 20.900 18.837 19.604 21.015 19.975 19.802 18.267 18.119 18.837 22.129 24.708 31.681 32.299 18.846 55.701 17.090 29.670 14.251 25.767 22.772 25.866 26.213 25.421 23.317 22.252 21.163 22.178 25.990 18.098 23.486 26.694 21.435 26.843 37.603 28.187 25.176 23.866 
m2c376r2.htb 38.693 37.941 33.267 40.000 31.683 35.881 36.752 36.000 37.228 611.290 511.855 504.526 435.660 411.806 445.649 466.729 401.667 712.512 56.950 45.901 45.584 47.842 45.901 51.010 46.693 36.396 36.713 885.135 671.411 512.897 675.891 870.085 854.991 706.032 560.671 670.026 64.990 52.752 58.891 49.465 50.851 51.010 45.584 44.832 41.822 1243.087 858.455 1106.927 862.373 764.866 840.369 691.230 667.461 705.182 
m2c378r2.htb 24.678 27.030 26.139 25.668 25.347 26.510 26.139 27.252 30.693 81.108 113.021 64.287 110.969 50.865 117.962 103.449 102.553 97.175 49.827 29.752 24.530 23.069 23.119 19.604 21.262 19.084 19.134 85.129 101.395 48.084 46.310 56.633 45.104 46.098 47.808 48.180 61.757 46.188 37.871 35.743 31.411 32.896 34.134 28.837 30.347 139.790 61.560 70.870 79.319 54.293 94.083 50.673 94.017 74.078 
m2c382r2.htb 10.288 11.042 10.461 10.009 10.633 10.095 10.891 9.514 10.719 12.046 18.167 10.616 13.473 16.183 18.544 13.506 17.797 16.700 9.427 10.116 9.191 10.848 10.805 11.515 10.740 12.462 20.534 8.223 12.544 10.529 11.849 17.725 13.348 16.380 21.679 34.961 8.050 10.331 10.052 10.224 9.578 10.590 10.418 11.171 17.219 12.226 15.495 14.246 16.253 14.119 18.598 12.449 18.371 22.372 
m2c384r2.htb 25.484 25.391 27.151 27.261 25.413 27.503 26.337 28.383 28.977 86.677 43.185 76.619 84.600 42.420 94.103 61.375 64.521 105.043 13.173 17.370 16.194 16.530 17.951 17.155 17.714 16.449 19.802 17.945 32.577 30.173 20.951 32.355 32.505 26.761 28.096 21.388 13.345 15.248 16.788 18.218 18.966 17.477 18.636 19.208 19.694 31.227 35.398 26.689 55.137 53.201 42.663 48.448 39.809 52.902 
m2c392r2.htb 62.605 53.199 51.866 52.094 45.430 51.142 48.972 43.564 40.975 127.306 82.153 125.641 74.273 117.583 94.653 73.423 51.132 95.918 60.244 60.244 56.283 58.302 57.807 54.227 57.159 54.113 48.819 81.223 136.433 96.672 124.955 147.992 107.386 146.461 126.650 80.445 77.113 67.289 64.623 65.727 60.586 62.338 57.426 62.186 58.568 80.253 143.788 52.195 147.599 69.877 76.266 48.623 88.150 95.182 
m2c403r2.htb 23.267 25.102 23.732 22.262 21.782 21.122 20.326 21.392 19.652 10.234 21.857 12.835 20.226 11.090 22.036 17.956 12.740 14.222 10.831 12.121 12.541 13.171 11.851 12.871 12.931 14.153 17.414 10.106 19.914 15.297 11.426 10.078 10.845 15.068 11.023 38.506 9.451 9.631 9.961 10.561 10.381 10.111 10.141 10.771 14.269 5.091 7.859 6.552 7.087 5.338 9.788 6.067 4.029 10.701 
m2c409r2.htb 12.266 11.590 11.532 16.249 12.231 13.512 12.289 9.785 8.911 31.962 43.594 9.551 63.726 29.402 37.244 26.965 23.880 11.764 19.220 25.335 23.704 23.413 23.588 21.782 23.529 24.985 21.549 56.007 67.403 48.582 33.690 62.400 113.022 40.992 54.716 44.913 24.287 26.843 29.470 27.833 29.121 29.318 28.829 24.697 26.034 52.215 56.152 69.911 145.186 117.888 111.539 77.306 55.297 78.150 
m2c417r2.htb 21.062 22.232 22.678 22.997 23.852 23.149 24.707 24.347 21.499 16.542 14.726 19.499 17.826 15.303 15.535 12.182 8.931 12.366 14.616 17.957 16.549 17.912 18.246 17.012 18.670 18.947 16.877 22.636 44.468 18.444 43.498 17.211 11.823 8.557 28.876 12.928 20.162 21.062 21.197 19.397 19.217 19.142 21.962 19.982 18.002 36.742 54.447 42.821 25.736 23.775 11.502 24.520 53.275 10.423 
m2c423r2.htb 9.578 9.664 9.298 9.255 8.825 9.944 8.911 8.136 8.394 10.633 15.736 12.133 10.030 7.791 12.110 14.988 10.583 16.719 21.266 23.956 21.502 21.029 21.438 20.319 18.920 20.512 19.780 16.588 29.654 23.643 20.355 24.059 18.418 24.234 20.506 30.519 18.661 16.100 17.348 16.746 14.895 14.744 15.110 12.398 12.419 23.831 15.399 21.947 16.374 27.185 21.794 17.490 12.754 12.971 
m2c427r2.htb 5.842 5.050 7.096 6.700 7.690 8.449 8.218 9.109 7.690 10.773 9.827 13.459 11.066 17.827 15.329 16.777 24.771 16.069 2.970 2.277 2.673 2.805 3.069 2.376 3.036 3.102 6.040 10.614 3.052 6.095 6.225 10.638 4.097 4.796 6.337 11.922 5.116 2.211 1.848 2.343 3.234 2.343 1.947 2.376 8.449 395.099 5.387 3.498 6.523 6.689 4.157 3.345 5.246 27.498 
m2c429r2.htb 17.895 19.912 21.819 20.975 20.682 21.085 23.909 22.112 25.926 18.469 15.861 19.718 29.713 29.208 20.949 44.393 38.458 31.900 4.474 6.527 7.847 10.341 8.287 8.031 9.131 10.378 11.955 6.136 7.862 15.604 23.703 18.034 15.634 10.658 23.857 15.679 4.584 8.251 13.715 14.265 14.558 15.292 17.602 18.555 18.262 8.004 12.744 15.361 18.344 26.605 26.795 22.723 16.408 21.667 
m2c436r2.htb 29.373 28.119 27.415 24.312 24.422 23.960 22.574 19.054 15.666 46.831 43.418 34.213 46.232 43.178 29.168 41.868 31.867 31.783 24.840 24.312 19.362 16.964 14.653 14.631 12.981 8.669 7.283 38.090 46.321 30.681 45.120 35.941 32.523 25.498 17.920 11.592 35.006 36.084 31.991 30.979 29.659 29.153 24.884 21.606 15.424 33.827 39.549 47.314 54.969 31.234 46.366 29.703 37.487 20.207 
m2c441r2.htb 13.762 18.985 22.748 23.589 25.347 26.658 27.896 29.728 34.059 18.289 13.367 13.447 35.939 20.149 26.161 20.405 28.177 25.277 15.248 22.847 32.054 33.243 33.713 34.728 38.168 45.545 49.604 20.450 27.116 81.324 59.516 42.276 55.570 63.239 68.671 55.037 18.416 27.673 32.030 38.589 37.574 38.317 41.015 45.173 50.173 10.849 21.313 30.744 33.908 39.159 34.949 30.459 41.157 94.882 
m2c443r2.htb 9.827 10.545 10.718 11.064 11.708 10.891 11.287 10.866 10.248 15.403 19.483 15.478 20.354 22.818 29.509 21.707 24.808 23.555 18.787 19.579 18.936 19.604 21.040 18.960 19.728 23.936 26.188 41.348 28.629 42.891 46.059 27.335 36.575 35.863 49.361 60.524 20.644 19.876 18.837 18.267 19.579 19.530 18.589 19.926 24.059 40.345 45.917 42.353 39.813 41.599 51.276 54.670 39.523 78.836 
m2c445r2.htb 25.484 21.524 21.567 18.812 22.170 18.941 18.467 16.746 19.802 11.694 10.001 20.137 19.249 29.029 27.475 18.413 24.856 27.627 20.362 22.600 25.613 23.375 21.610 24.968 25.527 25.097 32.458 35.810 43.102 39.774 43.823 37.309 30.385 44.733 50.406 35.109 27.034 22.342 21.438 20.749 18.812 18.941 19.328 19.156 24.580 11.357 23.066 24.205 20.896 19.517 15.177 20.575 23.225 37.131 
m2c450r2.htb 11.787 9.430 7.308 6.836 6.554 7.214 5.893 7.968 7.968 21.165 14.667 10.046 8.715 10.242 13.052 14.653 13.183 14.947 5.563 9.241 10.278 12.023 13.201 12.400 14.757 19.095 28.006 5.732 13.659 10.634 14.634 23.560 26.333 26.067 30.305 34.030 3.583 5.799 8.298 9.241 9.335 9.052 9.571 13.390 23.102 7.301 7.086 11.222 15.423 11.820 15.223 13.267 10.648 24.442 
m5c4r2.htb 48.053 48.822 44.620 37.863 37.419 37.794 39.126 33.960 31.137 357.959 434.138 522.730 294.275 129.426 259.503 387.470 153.950 220.398 27.381 37.487 40.833 40.457 43.598 43.974 42.506 37.555 49.300 118.495 228.880 301.767 266.271 168.925 284.812 281.830 135.416 386.963 40.457 47.459 50.256 52.680 49.061 46.432 51.895 51.827 56.470 244.214 577.153 266.756 166.327 425.770 338.997 247.841 378.274 660.753 
m5c6r2.htb 25.235 23.915 25.013 27.723 26.993 25.508 25.489 28.357 27.875 74.599 83.353 78.513 107.780 226.723 96.993 91.411 93.205 77.574 16.172 18.279 17.978 19.489 21.274 21.579 20.234 21.427 22.590 51.509 25.273 36.272 39.535 40.392 47.837 62.986 62.042 43.231 25.221 22.720 23.559 22.874 24.016 23.077 26.910 26.225 25.717 86.888 44.508 74.047 55.299 63.859 54.492 108.600 65.931 50.895 
m5c7r2.htb 9.292 12.186 9.634 10.434 10.663 7.845 8.035 7.388 7.273 8.397 245.840 16.199 16.644 27.551 9.562 7.554 7.155 15.053 10.206 7.730 7.921 7.997 7.159 6.969 6.931 6.778 6.169 6.805 12.314 8.470 5.562 7.318 12.585 10.979 14.563 11.552 7.768 10.053 10.053 9.063 8.454 10.129 7.730 5.293 6.778 7.583 24.052 12.445 15.896 8.331 28.257 11.451 4.936 5.152 
m5c8r2.htb 16.172 12.739 9.241 7.195 8.515 9.175 5.743 5.215 2.310 15.078 76.725 25.161 12.389 26.440 38.017 11.091 21.212 4.155 7.393 8.977 10.495 12.607 10.561 9.241 11.287 10.165 16.304 15.946 37.877 9.495 45.719 37.625 22.640 50.387 20.512 18.187 12.343 14.059 9.637 12.079 10.825 11.221 12.475 11.023 8.119 15.106 26.636 28.914 72.430 27.374 20.259 56.409 36.252 31.958 
m5c13r2.htb 9.010 6.238 6.007 5.314 5.050 5.083 4.983 3.630 5.578 23.280 10.286 10.677 6.185 13.139 9.785 11.323 6.242 83.865 6.007 9.802 13.102 12.211 14.422 12.871 15.050 14.257 16.733 8.514 21.793 25.602 21.589 21.545 33.060 31.397 27.286 28.216 11.353 10.264 11.386 11.188 11.551 12.574 11.452 13.333 15.248 15.531 21.734 16.073 23.808 31.324 28.608 16.948 30.337 21.337 
m5c14r2.htb 38.584 42.514 41.674 42.724 41.794 42.814 43.324 43.954 43.924 38.139 57.466 40.950 62.991 64.072 45.095 109.427 65.492 42.693 37.354 36.454 32.793 30.243 34.203 30.963 30.933 30.213 29.103 48.603 62.338 51.022 41.423 38.972 35.675 42.093 25.801 49.317 45.245 47.615 47.855 47.435 46.655 45.305 48.065 47.165 47.345 54.375 34.700 29.756 98.787 66.033 64.824 50.613 62.176 84.578 
m5c15r2.htb 3.248 4.950 5.267 6.891 6.772 5.386 5.149 8.554 13.267 24.795 25.079 18.848 17.031 12.963 15.119 9.803 32.177 53.753 1.861 0.950 0.396 1.703 1.030 1.347 1.545 0.752 2.178 5.009 7.963 0.572 10.989 2.408 3.013 6.542 1.003 6.617 2.020 2.535 2.495 5.347 3.248 3.089 3.129 4.515 7.921 5.676 6.787 8.342 29.572 10.662 12.770 8.061 28.680 17.564 
m5c25r2.htb 3.256 2.508 2.310 2.464 2.310 2.222 2.244 1.584 2.200 6.622 4.750 4.189 7.335 4.991 3.973 3.850 2.870 5.565 7.591 8.735 9.967 10.099 10.451 11.023 11.199 11.287 14.125 19.071 20.555 22.787 27.653 36.296 28.188 33.278 31.432 40.611 8.295 7.569 7.591 9.329 8.757 9.021 10.583 10.231 15.710 13.336 10.033 22.012 21.232 18.445 12.843 24.321 22.057 45.655 
m5c29r2.htb 4.238 4.396 4.535 3.782 3.228 3.703 4.416 4.079 3.624 11.605 17.332 13.688 5.509 5.194 6.314 13.332 10.029 5.786 12.257 15.861 15.980 18.396 16.772 18.475 17.307 14.535 10.495 28.604 22.987 33.931 42.937 26.344 39.716 44.143 23.745 16.965 9.861 11.921 13.050 12.218 13.723 13.307 12.594 10.416 13.030 18.204 19.644 32.117 15.589 38.012 18.772 17.767 13.894 17.780 
m5c30r2.htb 23.564 21.650 20.066 18.284 14.587 19.670 18.878 17.096 18.482 83.773 53.618 124.983 54.178 54.822 60.900 141.368 23.032 23.060 9.703 8.515 9.769 7.393 7.129 7.987 9.505 7.723 11.749 69.909 36.523 99.271 19.307 21.314 16.870 44.505 25.376 38.353 27.855 23.234 21.518 19.406 18.482 19.406 17.360 21.914 33.399 157.389 90.169 120.502 138.054 131.733 133.432 105.153 134.422 77.509 
m5c35r2.htb 12.431 12.164 14.521 13.614 12.395 13.190 15.292 16.172 16.832 45.647 47.915 49.015 37.587 20.388 31.301 43.309 27.976 23.150 10.818 9.194 10.561 10.928 10.671 9.760 11.404 10.708 13.421 19.072 18.361 13.423 24.167 20.838 16.681 20.690 11.389 5.907 16.301 14.392 16.098 15.594 14.427 15.732 17.712 17.382 18.706 66.114 52.245 63.462 57.992 46.504 42.630 48.437 30.490 40.326 
m5c37r2.htb 35.025 35.569 32.376 32.871 33.317 30.743 32.525 30.248 28.614 86.854 92.469 62.699 79.087 45.473 137.541 101.777 78.924 129.339 21.386 21.609 20.272 21.040 21.881 21.337 20.520 20.842 19.604 14.116 22.466 22.270 30.603 32.868 21.363 19.957 19.352 19.314 33.688 31.040 28.317 29.059 27.104 27.970 27.139 25.371 24.134 107.505 88.355 70.521 82.875 61.466 93.593 74.237 38.291 55.384 
m5c38r2.htb 37.783 37.528 33.795 37.030 34.290 36.997 35.164 33.472 35.512 80.064 132.298 149.190 148.437 101.510 136.125 137.625 146.680 106.530 14.092 17.162 18.716 18.972 16.257 17.195 16.964 17.195 20.858 39.123 37.206 35.575 77.776 53.771 55.943 94.226 32.754 62.667 30.821 35.842 38.482 36.898 32.838 34.973 33.025 41.712 50.000 57.821 65.538 85.234 79.230 137.788 79.821 95.582 121.671 105.382 
m5c40r2.htb 5.718 6.064 5.842 6.460 7.079 6.213 6.312 6.807 10.000 19.982 13.080 7.179 12.316 10.987 13.472 11.547 19.113 18.440 11.213 7.624 7.327 6.757 6.188 6.782 6.485 5.866 7.450 13.341 9.662 14.066 10.199 8.433 15.763 13.722 12.688 15.031 8.985 6.832 7.550 7.475 8.490 6.460 7.475 8.713 10.817 17.816 9.441 10.843 15.883 10.602 13.372 11.258 14.539 9.873 
m5c42r2.htb 12.262 15.842 22.937 20.627 22.360 19.142 19.472 20.875 24.219 19.531 8.169 18.863 31.696 34.303 18.596 38.380 20.757 70.192 9.216 7.261 6.683 8.251 7.464 7.838 9.216 8.416 8.498 9.539 7.902 10.003 9.506 15.785 11.489 16.238 22.547 18.618 13.201 14.439 15.842 18.647 20.132 18.729 19.224 19.884 27.228 20.913 18.796 10.694 15.477 9.684 18.975 34.125 32.521 24.329 
m5c46r2.htb 20.891 21.802 20.950 22.455 20.079 20.297 20.990 20.059 19.822 16.175 25.267 23.702 16.343 31.291 24.737 18.926 30.162 30.509 18.574 18.832 19.366 19.921 19.366 20.000 20.396 19.386 17.208 32.872 33.990 40.139 38.917 59.544 35.131 36.051 36.335 22.963 24.020 23.426 26.277 26.396 25.347 23.941 24.832 23.723 21.465 41.765 39.956 52.984 68.845 46.134 57.405 37.085 25.206 31.547 
m5c49r2.htb 15.219 14.682 14.738 14.767 13.465 14.173 14.173 12.390 13.126 38.698 28.514 62.495 35.773 34.610 36.085 27.089 17.724 34.791 20.453 17.709 15.163 16.662 14.908 16.040 15.955 19.123 20.000 44.514 44.215 42.024 51.407 42.380 44.621 41.448 30.953 69.416 20.707 19.972 21.103 19.943 20.990 19.547 21.245 22.405 22.829 31.449 28.111 57.709 34.607 56.961 43.960 35.945 35.007 40.592 
m5c54r2.htb 6.124 6.816 8.508 6.436 7.444 6.398 6.601 7.388 6.051 10.560 12.103 19.475 9.509 22.726 13.272 10.331 19.153 32.149 4.303 8.492 12.757 13.214 14.928 17.441 18.012 22.201 24.676 3.603 15.620 22.141 32.777 28.383 38.826 46.664 61.262 58.890 6.017 13.404 13.715 17.479 17.974 20.069 20.982 22.809 28.027 8.542 20.095 14.230 30.110 36.051 31.178 35.763 62.323 107.814 
m5c60r2.htb 17.822 12.930 13.774 13.425 15.609 15.143 17.210 18.870 29.645 28.458 26.732 31.094 25.143 23.412 26.410 32.143 34.990 43.902 17.676 10.221 6.698 5.358 4.863 4.222 4.310 3.640 3.174 20.861 10.083 10.816 8.800 9.112 5.841 13.004 6.459 5.750 28.363 16.977 14.531 13.512 12.464 12.784 11.357 13.017 19.977 42.888 40.408 27.372 14.668 23.178 28.718 30.671 30.070 55.578 
m5c63r2.htb 54.332 53.032 48.639 48.824 47.587 45.668 45.668 43.255 42.203 61.938 40.515 13.839 28.457 98.744 104.287 137.356 119.821 38.150 35.705 34.777 30.631 30.569 29.455 27.785 27.970 24.505 22.834 42.933 44.947 131.160 80.499 132.863 63.977 63.850 28.167 24.503 55.941 59.715 60.644 62.314 55.817 52.537 48.020 43.874 37.314 105.611 107.142 52.871 106.848 32.399 49.207 115.936 82.700 69.630 
m5c66r2.htb 40.959 36.972 32.647 30.747 30.158 29.917 29.275 26.786 24.485 70.657 27.569 36.297 31.258 29.659 42.759 42.182 27.500 22.092 16.136 8.804 8.643 9.767 8.509 7.894 7.921 7.439 8.563 14.697 16.109 15.883 22.283 15.329 10.864 12.417 11.471 11.340 37.811 30.265 26.438 23.869 22.451 21.339 21.167 19.668 18.063 30.380 26.116 27.223 27.654 22.931 23.829 27.794 22.991 18.920 
m5c67r2.htb 16.3 18.053 17.918 18.652 17.756 17.822 17.566 17.624 17.921 9.337 13.432 11.133 23.926 12.232 14.130 14.702 11.385 15.370 9.677 12.552 12.508 12.871 12.648 13.191 14.468 13.127 16.106 5.994 10.874 5.171 10.260 8.150 13.423 23.310 8.821 8.717 7.393 6.634 6.707 7.186 6.964 7.474 7.314 7.657 8.176 5.661 5.419 6.516 8.036 7.267 3.649 6.057 7.838 5.030 
m5c69r2.htb 19.455 7.153 3.861 2.277 2.426 2.228 1.807 2.054 2.946 34.665 15.508 9.441 4.937 3.768 4.009 2.608 3.890 17.016 1.262 1.782 2.624 3.020 3.639 3.342 3.490 4.950 10.644 1.910 2.323 3.647 7.538 7.812 10.139 4.172 7.842 25.274 6.510 0.817 0.421 0.668 0.297 0.396 0.446 0.619 0.767 14.875 1.251 0.648 8.918 0.563 0.292 1.103 1.593 5.001 
m5c70r2.htb 24.713 21.624 20.099 20.139 19.287 19.881 20.020 18.158 15.683 46.372 54.391 49.385 48.919 34.820 57.091 45.905 47.239 46.869 6.673 6.891 6.535 6.535 6.832 8.079 7.446 7.267 5.228 8.755 12.802 10.723 8.042 11.493 18.740 12.253 9.187 6.884 12.218 11.010 12.515 12.356 11.465 12.772 13.525 12.970 8.752 15.029 18.231 42.083 50.545 26.292 43.023 39.836 28.739 16.819 
m5c71r2.htb 7.287 8.851 11.109 10.337 10.792 10.614 11.861 12.495 13.861 48.325 28.385 48.986 48.101 41.182 25.969 60.478 24.403 29.369 3.366 4.713 5.168 6.059 5.901 5.386 8.178 8.733 12.099 20.166 41.035 38.663 77.449 45.492 39.578 141.355 86.614 81.596 5.584 8.950 10.871 12.317 12.218 13.347 14.614 18.356 27.287 45.884 44.132 49.755 45.900 52.040 63.869 130.582 69.629 244.600 
m5c74r2.htb 12.871 10.943 10.735 10.839 11.516 10.370 9.797 9.693 11.464 16.480 14.092 9.778 9.641 18.780 11.326 7.089 16.647 14.393 30.459 35.539 35.722 38.431 37.702 39.265 40.047 41.376 47.290 16.185 37.876 30.701 44.609 48.876 31.808 44.707 39.856 38.917 20.063 22.876 22.642 23.345 24.492 24.362 24.987 26.524 31.084 13.919 25.688 26.398 45.551 20.808 32.511 28.690 34.080 45.069 
m5c75r2.htb 7.371 7.440 9.618 9.533 9.873 9.873 11.938 12.871 23.225 13.693 6.941 11.278 15.171 14.732 10.984 13.779 30.447 29.198 34.569 20.000 14.961 14.399 12.306 11.004 10.750 9.279 6.280 49.959 18.210 16.681 21.990 18.296 7.714 14.713 9.693 12.395 19.293 13.013 11.598 10.974 10.778 11.344 11.287 12.321 16.419 17.840 24.862 14.161 21.195 19.247 22.278 18.406 16.550 25.117 
m5c79r2.htb 23.479 21.697 22.306 24.490 21.870 20.763 21.287 22.044 20.122 58.332 94.533 98.044 141.835 92.645 88.968 61.744 49.033 58.504 13.239 13.512 14.444 13.192 13.221 13.395 13.512 12.202 11.736 32.931 15.143 21.455 29.511 28.451 21.996 26.134 35.928 17.237 23.850 24.199 21.258 22.219 22.889 21.928 22.510 21.462 22.889 71.791 87.347 63.406 72.137 108.947 51.756 66.203 41.156 116.552 
m5c81r2.htb 8.535 8.843 10.311 10.618 10.106 11.642 12.291 11.198 11.267 12.213 9.868 26.434 17.778 19.703 18.391 21.533 17.513 10.112 20.109 15.261 10.652 11.267 10.481 10.072 9.969 9.969 8.706 15.062 13.550 12.230 17.184 13.270 17.790 24.853 23.382 11.580 12.940 9.218 8.330 7.921 6.589 7.340 6.043 6.077 7.340 12.809 21.224 10.329 15.195 5.131 11.310 8.007 11.394 7.669 
m5c82r2.htb 16.683 13.614 14.257 14.455 16.733 16.584 20.050 19.901 19.851 70.403 41.160 74.544 31.927 52.203 61.694 83.364 52.203 26.259 16.040 14.901 15.891 12.376 11.881 10.149 10.545 11.287 13.812 82.613 28.116 28.323 16.975 34.981 39.096 37.796 27.593 49.889 12.327 13.218 15.446 14.158 14.653 16.436 16.287 17.673 22.178 28.013 39.859 61.852 38.809 28.955 78.671 47.516 27.889 67.527 
m5c83r2.htb 22.360 20.833 19.513 19.513 20.998 18.482 20.545 22.937 25.578 44.575 68.065 42.151 27.404 63.504 23.243 44.774 30.233 47.367 7.880 8.292 9.530 8.663 8.746 9.695 10.025 11.015 9.447 10.014 13.111 8.253 8.716 11.224 14.404 15.029 7.187 16.365 21.741 22.277 18.853 19.596 22.607 21.493 21.287 25.330 25.949 49.482 52.936 50.931 32.646 56.062 53.403 12.360 121.805 38.784 
m5c87r2.htb 16.641 17.251 19.040 16.451 15.537 15.956 16.984 14.585 10.358 27.058 29.344 21.277 24.161 22.568 34.218 27.110 22.630 31.231 2.589 2.551 3.199 2.704 2.437 1.714 3.085 2.818 4.494 8.476 5.503 9.121 4.984 5.194 3.416 5.515 7.191 6.763 10.929 9.749 10.967 11.129 10.472 10.548 11.158 9.505 8.835 13.605 24.444 18.188 15.708 30.128 13.092 16.905 21.812 15.757 
m5c92r2.htb 20.934 17.492 17.162 15.983 16.313 14.757 16.077 15.040 17.256 39.926 46.205 51.988 74.138 38.194 26.361 24.988 26.137 42.111 12.447 13.720 13.814 14.663 14.946 14.851 14.757 16.926 13.060 19.760 28.849 15.241 23.098 32.242 9.999 15.969 21.067 24.078 15.182 16.360 14.899 16.360 14.899 16.643 15.040 16.077 16.785 18.266 18.000 25.534 27.705 28.279 23.490 21.529 19.401 21.221 
m5c94r2.htb 25.790 22.178 19.307 19.752 23.861 20.644 17.970 23.317 21.876 136.798 155.960 85.905 74.242 170.768 105.900 109.822 150.086 198.795 6.337 6.436 8.515 7.030 7.079 8.168 7.921 9.851 8.062 22.433 10.371 36.364 15.262 15.610 47.351 21.360 23.370 14.144 19.653 21.238 21.832 20.347 19.283 20.792 22.376 30.891 40.545 122.411 104.373 107.675 90.649 86.131 119.596 86.204 177.857 284.335 
m5c95r2.htb 18.775 19.729 19.509 19.619 19.179 19.399 19.949 20.755 18.335 24.016 28.348 11.523 22.399 16.224 14.422 21.016 11.121 15.260 7.261 8.104 8.544 8.287 8.177 7.701 8.067 7.077 7.664 21.039 24.661 28.666 16.827 27.870 20.234 16.039 19.056 19.575 15.035 15.842 14.961 14.338 14.375 13.898 14.778 15.035 14.631 12.370 12.668 10.808 9.680 10.359 10.669 7.535 11.389 8.471 
m5c100r2.htb 10.252 9.901 11.254 11.815 10.363 13.333 12.112 13.960 14.191 36.895 32.992 39.447 33.866 17.695 27.768 27.021 40.858 67.156 15.512 10.132 9.901 10.429 9.307 11.914 10.231 11.716 14.620 58.637 38.109 24.541 29.120 22.216 46.343 39.843 43.409 75.833 15.578 11.089 11.419 12.442 12.937 14.521 14.521 15.545 18.449 50.498 32.546 37.030 38.379 36.638 36.463 61.883 70.389 33.430 
m5c103r2.htb 9.736 10.801 14.491 11.971 13.681 14.401 15.752 19.622 29.523 9.773 11.461 16.326 7.735 24.080 8.698 7.735 13.885 26.236 2.610 0.900 1.260 1.530 0.990 1.568 1.440 1.890 2.970 2.014 0.481 5.311 2.228 0.980 0.973 2.816 2.442 7.664 6.121 6.518 3.330 5.311 7.471 7.111 9.241 12.511 24.032 4.474 45.532 4.759 2.994 10.462 5.258 43.371 16.130 17.271 
m5c107r2.htb 15.198 15.891 15.050 15.495 16.510 14.827 15.495 16.040 16.485 28.431 36.997 36.055 42.960 44.661 42.152 44.518 51.036 46.730 20.347 20.223 21.213 21.213 21.139 20.941 20.421 21.931 19.554 35.037 24.125 34.933 36.693 40.848 38.385 30.097 40.748 49.505 21.757 19.851 21.584 23.144 20.520 21.040 21.436 22.277 22.698 56.530 44.086 33.441 47.742 30.363 59.057 44.619 70.481 97.144 
m5c108r3.htb 42.781 41.154 44.038 45.668 45.200 44.926 44.637 44.059 41.584 92.828 119.135 71.996 136.075 113.858 90.597 64.522 95.643 83.964 5.611 9.341 9.858 9.282 8.746 9.341 9.612 6.802 4.994 8.922 35.632 34.353 29.308 20.600 31.532 59.029 8.404 5.211 23.074 29.620 28.177 29.084 27.517 25.872 27.120 24.537 20.462 49.588 67.761 63.163 51.045 90.185 19.277 72.786 71.469 81.379 
m5c109r2.htb 5.969 5.941 6.337 7.072 6.139 5.460 6.789 6.552 9.144 10.927 16.754 37.897 51.906 35.164 6.941 29.994 8.140 31.551 9.406 5.007 4.187 5.120 4.426 5.177 5.941 6.195 7.496 48.970 15.393 7.905 17.789 10.768 21.398 16.953 16.685 15.298 10.042 6.393 5.766 6.167 5.999 6.959 6.223 8.430 11.400 49.715 38.828 27.773 12.633 16.632 22.748 13.930 24.240 16.052 
m5c111r2.htb 16.931 14.455 16.089 14.752 15.050 13.218 18.317 15.545 17.921 54.680 52.977 71.910 44.980 43.505 48.527 62.171 80.188 55.505 9.802 7.673 8.713 8.663 8.416 10.099 11.980 10.248 12.277 101.218 22.173 21.938 13.402 8.513 38.655 74.183 23.143 32.959 16.040 14.703 12.822 16.980 16.634 15.198 14.406 15.594 18.614 79.311 115.394 36.165 136.857 65.071 70.816 53.191 53.955 71.056 
m5c118r2.htb 42.650 40.873 40.619 39.452 39.502 37.878 39.147 35.593 29.424 24.527 48.290 58.843 29.437 73.821 46.111 57.365 47.980 44.059 9.825 9.571 8.936 8.708 11.297 10.104 9.876 9.901 10.409 20.658 12.555 19.476 9.606 18.559 17.603 21.540 20.431 20.631 35.060 35.669 35.212 34.653 33.536 32.927 34.501 31.658 25.006 32.748 40.578 50.965 49.582 32.101 43.273 43.728 40.011 35.018 
m5c125r2.htb 28.031 22.728 18.900 17.294 16.832 14.103 13.861 10.781 11.353 77.079 114.425 54.532 43.784 48.436 34.496 43.356 35.969 19.053 4.378 6.931 7.459 8.361 7.943 8.405 8.559 8.955 12.673 11.072 19.249 17.271 19.675 20.519 21.817 17.296 22.545 18.608 15.996 11.617 10.121 9.263 10.077 9.967 9.593 9.153 10.957 40.903 33.571 24.057 20.459 26.793 32.278 27.485 20.014 27.466 
m5c128r2.htb 11.881 13.267 13.498 14.389 14.158 14.719 13.333 12.310 13.927 23.933 28.571 22.884 24.929 33.340 17.965 30.067 17.894 27.444 29.109 23.333 18.911 16.403 17.195 16.865 14.356 14.983 15.908 72.177 67.720 51.946 40.610 50.332 46.276 37.234 38.653 47.658 28.086 24.653 24.785 24.191 24.356 19.109 22.046 20.924 16.502 60.000 59.179 60.811 66.098 70.284 44.766 69.766 30.067 27.403 
m5c129r2.htb 13.471 11.731 9.391 9.241 8.641 8.431 7.801 7.981 5.191 11.944 12.077 9.382 9.354 13.557 15.570 11.871 11.882 6.803 9.241 11.101 10.201 12.361 11.521 12.121 13.111 15.422 21.092 13.459 15.425 22.454 17.408 16.899 12.072 16.115 15.013 30.541 14.881 11.701 10.411 8.611 8.971 9.031 8.971 9.391 11.791 16.021 11.424 14.712 10.997 11.453 8.808 8.390 10.913 21.466 
m5c135r2.htb 25.866 22.710 19.307 22.277 18.812 21.658 20.173 17.946 13.614 50.959 30.777 21.044 52.021 25.880 35.928 48.476 25.341 14.051 8.292 11.015 10.705 7.983 9.901 7.364 7.364 6.621 8.663 19.067 34.621 55.971 21.758 30.455 14.635 8.884 10.550 17.057 19.183 18.502 17.760 19.616 18.007 18.564 16.708 16.708 10.458 45.469 30.026 21.497 39.371 28.653 39.408 15.407 30.046 28.621 
m5c140r2.htb 50.045 50.315 52.877 53.527 52.865 52.355 52.568 53.855 51.125 76.162 92.972 121.927 86.009 64.512 39.871 79.458 55.383 114.806 17.762 19.772 18.122 19.142 19.678 19.262 16.986 14.671 13.181 27.445 16.695 20.738 24.242 35.591 23.104 19.297 18.041 18.179 37.414 39.064 41.429 41.646 42.064 42.234 40.625 41.275 38.734 47.346 26.474 35.930 31.176 48.226 39.630 65.110 47.208 35.398 
m5c152r2.htb 41.541 41.154 39.260 34.180 36.892 37.882 37.839 36.763 32.501 101.726 161.199 91.489 94.097 169.432 105.000 144.634 116.861 127.407 14.679 18.381 20.448 18.080 18.726 20.189 19.673 19.415 18.252 46.043 32.423 64.041 43.865 33.411 55.230 50.735 32.594 34.473 37.064 34.481 36.677 37.193 35.170 36.117 36.892 32.114 33.276 90.439 85.522 92.369 220.729 102.563 81.977 75.770 122.165 87.312 
m5c154r2.htb 33.441 32.401 30.619 29.703 29.827 29.307 28.490 27.550 29.233 19.128 33.531 32.042 31.369 26.151 34.275 26.015 27.744 36.094 25.693 22.450 22.401 19.579 20.520 21.832 20.644 18.416 19.233 24.580 23.748 34.119 23.753 16.991 28.200 28.481 23.718 21.913 29.109 26.609 25.297 25.099 24.208 23.465 21.881 21.114 23.416 26.483 24.039 21.916 24.661 28.552 26.755 26.734 29.981 19.382 
m5c156r2.htb 26.643 21.782 20.702 22.232 23.357 22.637 18.152 20.522 20.509 46.672 90.187 33.228 97.817 54.211 99.551 48.263 72.746 74.517 24.482 23.447 25.473 29.208 26.193 25.608 25.923 27.093 29.028 93.472 37.661 46.324 122.280 73.357 61.553 50.288 68.111 85.835 29.703 25.563 27.228 27.363 24.662 31.818 29.073 26.238 30.873 103.725 102.477 77.653 110.031 83.083 63.887 87.344 63.743 75.962 
m5c159r2.htb 3.911 3.515 4.257 3.366 4.257 2.574 1.931 3.515 3.020 5.518 14.599 12.806 7.058 16.211 3.962 2.422 17.488 6.756 1.089 1.683 1.139 0.842 0.990 1.287 1.485 1.188 0.446 0.712 7.749 1.989 0.854 1.961 3.106 7.172 1.507 0.359 3.020 1.139 1.634 0.644 0.792 0.990 0.792 0.594 0.693 10.781 2.299 3.640 0.751 1.919 0.826 0.784 0.764 0.733 
m5c163r2.htb 20.191 15.736 16.938 17.433 14.958 16.407 15.134 18.352 24.434 45.844 34.081 25.149 56.083 25.294 44.834 54.596 52.535 64.050 31.426 28.607 23.444 24.752 22.454 23.621 22.666 21.393 18.777 34.732 65.305 55.772 63.465 45.751 57.490 32.629 34.807 29.008 19.554 18.352 18.847 17.221 16.195 18.352 17.680 17.645 21.464 38.676 49.776 23.490 15.782 34.072 31.114 37.739 36.747 49.745 
m5c164r3.htb 0.248 1.337 2.228 2.376 2.327 3.020 2.426 3.515 4.455 0.297 1.886 4.321 5.407 3.743 9.439 2.629 9.646 7.584 23.069 18.317 16.980 15.198 14.901 15.099 14.455 11.436 8.911 30.554 21.721 14.475 14.991 18.933 19.387 9.122 15.527 16.820 4.604 3.465 4.356 3.614 3.218 3.416 3.267 3.614 4.455 5.085 6.965 10.051 5.291 11.441 5.002 3.622 10.038 8.513 
m5c166r2.htb 5.734 6.889 6.931 7.797 8.333 7.880 7.508 7.013 7.343 7.329 9.077 16.708 20.741 16.701 11.463 17.468 12.779 18.491 8.581 7.715 9.241 9.571 9.530 11.056 10.685 11.799 9.530 21.709 7.329 13.696 20.941 17.970 19.833 22.247 39.546 21.721 5.899 9.200 7.302 9.117 9.282 11.757 11.015 12.211 9.571 12.060 11.463 9.105 12.870 22.488 29.009 23.469 24.948 23.754 
m5c167r2.htb 31.589 35.842 35.596 39.703 37.058 37.199 38.861 37.577 40.149 28.713 31.225 46.709 36.415 32.798 26.426 26.816 86.705 41.118 71.188 66.997 66.620 66.007 68.411 64.901 65.347 67.374 65.347 85.946 155.606 115.297 111.198 65.376 77.750 63.564 171.697 51.388 80.387 76.426 76.089 77.699 75.012 74.604 78.069 78.614 78.359 114.363 132.009 101.773 81.523 122.332 134.277 98.574 67.836 102.861 
m5c170r2.htb 37.822 25.677 19.406 16.700 17.162 16.634 13.333 10.583 7.349 70.162 50.057 56.073 38.347 53.025 29.391 28.856 27.218 14.548 27.173 26.183 25.721 25.171 25.853 26.337 28.273 31.727 41.562 41.955 38.568 27.381 24.707 31.335 48.186 31.662 31.590 45.873 44.378 33.619 28.273 25.875 25.743 24.708 24.532 25.809 31.287 44.928 33.818 26.938 36.387 39.925 42.864 34.706 33.749 42.527 
m5c222r5.htb 29.059 25.248 24.059 20.446 18.465 20.842 22.277 18.762 18.317 96.304 55.670 55.629 29.644 16.848 79.814 44.526 74.964 32.866 22.129 20.198 18.218 18.317 17.772 17.228 18.218 15.396 17.723 41.098 36.261 37.293 31.421 16.972 29.553 17.583 18.623 28.779 45.396 39.257 32.030 35.396 33.119 30.396 30.198 31.535 33.020 114.362 53.377 55.544 58.289 38.539 53.978 41.327 54.409 54.925 
