FILE	         Coher	 repet	 Ve_P_thr	 Vi_P_thr	 Co_P_thr	 Ve_P_Sl	 Vi_P_Sl	 Co_P_Sl	 Ve_N_thr	 Vi_N_thr	 Co_N_thr	 Ve_N_Sl	 Vi_N_Sl	 Co_N_Sl	 Ves_CP	 Vis_CP	 Com_CP	 Ves_p	 Vis_p	 Com_p	 vecut	 vicut	 comcut	
m2c7r2.htb	   20	     37	   1.937	   1.474	   1.871	  1.245	  22.148	  25.682	  1.582	  0.678	  0.524	  0.621	  0.564	  0.016	  32.901	  17.986	  
m2c8r2.htb	   20	     20	   0.972	   2.107	   0.958	  2.578	  110.422	  4.657	  0.674	  0.831	  0.549	  0.630	  0.418	  0.012	  8.295	  4.153	  
m2c9r2.htb	   20	     20	   1.091	   1.674	   1.013	  1.755	  125.150	  9999.000	  1.105	  0.085	  0.529	  0.557	  0.694	  0.466	  9.040	  361087714.253	  
m2c10r2.htb	   20	     20	   1.969	   1.953	   1.502	  1.983	  31.293	  3.670	  1.372	  0.757	  0.466	  0.496	  0.666	  0.922	  9.169	  3.674	  
m2c11r2.htb	   20	     21	   1.030	   1.354	   8.053	  1.048	  24.916	  27.136	  17.953	  15.624	  0.521	  0.524	  0.706	  0.692	  390.457	  390.457	  
m2c12r2.htb	   20	     15	   2.109	   2.137	   1.863	  2.003	  29.001	  35.394	  1.758	  1.406	  0.516	  0.411	  0.824	  0.408	  9.018	  9.395	  
m2c13r2.htb	   20	     26	   1.814	   1.749	   0.635	  2.151	  25.887	  55.821	  0.957	  0.897	  0.567	  0.515	  0.200	  0.848	  8.472	  47.977	  
m2c14r2.htb	   20	     28	   1.711	   1.243	   1.124	  2.126	  0.595	  2.113	  2.198	  1.323	  1.001	  0.955	  2.069	  1.461	  0.619	  0.482	  0.520	  0.054	  0.788	  0.728	   2.198	  1.323	  1.001	
m2c14r3.htb	  100	     20	   1.649	   0.578	   1.069	  1.671	  0.715	  0.000	  1.069	  
m2c17r2.htb	  100	     30	   1.065	   0.605	   5.180	  0.604	  0.414	  0.070	  3.565	  
m2c18r2.htb	  100	     34	   0.985	   1.659	   27.184	  16.974	  0.463	  0.428	  390.457	  
m2c19r2.htb	   20	     10	   1.249	   1.004	   0.992	  2.547	  0.895	  1.653	  9.331	  3.544	  10.412	  0.673	  0.559	  0.811	  0.467	  0.463	  0.518	  0.794	  0.786	  0.912	   10.296	  2.880	  8.062	
m2c20r2.htb	   20	     20	   1.597	   2.103	   1.329	  1.013	  1.043	  1.518	  29.697	  45.861	  27.364	  11.219	  3.272	  10.492	  0.479	  0.623	  0.339	  0.692	  0.052	  0.008	   390.457	  10.780	  390.457	
m2c21r2.htb	   20	     25	   1.579	   1.487	   1.761	  1.480	  1.194	  1.203	  17.938	  4.318	  4.998	  1.181	  1.143	  0.776	  0.372	  0.249	  0.394	  0.026	  0.000	  0.032	   13.258	  4.329	  3.826	
m2c21r3.htb	  100	     20	   1.961	   0.672	   1.787	  0.454	  0.330	  0.008	  1.627	  
m2c22r2.htb	   20	     19	   0.923	   2.232	   1.891	  0.926	  1.769	  1.726	  198.802	  24.627	  629.167	  0.629	  0.557	  0.616	  0.451	  0.528	  0.564	  0.414	  0.592	  0.320	   31.549	  21.723	  458.710	
m2c23r2.htb	   20	     15	   1.731	   1.533	   2.061	  1.237	  0.847	  1.786	  9999.000	  114.523	  13.287	  0.073	  0.923	  0.943	  0.474	  0.594	  0.557	  0.686	  0.322	  0.434	   27292746996.309	  8.911	  7.873	
m2c24r2.htb	  100	     40	   0.769	   1.343	   9.633	  0.928	  0.397	  0.082	  6.669	  
m2c25r2.htb	  100	      9	   0.755	   2.318	   2.387	  1.269	  0.790	  0.044	  2.387	  
m2c26r2.htb	   20	     14	   1.115	   1.694	   0.983	  2.138	  1.522	  1.125	  28.359	  431.573	  984.831	  13.178	  0.492	  0.241	  0.567	  0.434	  0.668	  0.284	  0.394	  0.052	   390.457	  8.553	  7323925075616.349	
m2c27r2.htb	  100	     20	   0.708	   1.225	   29.563	  3.098	  0.503	  1.016	  449706153947829.120	  
m2c28r2.htb	  100	     20	   0.210	   0.574	   10.837	  1.677	  0.088	   NaN	  11.386	  
m2c29r2.htb	  100	     40	   0.447	   0.869	   300.168	  0.363	  0.525	  0.686	  19.465	  
m2c30r2.htb	   20	     20	   2.014	   4.160	   2.345	  1.650	  1.598	  1.153	  130.912	  119.391	  27.333	  0.671	  1.769	  15.147	  0.447	  0.536	  0.463	  0.352	  0.574	  0.600	   19.818	  9.536	  390.457	
m2c31r2.htb	  100	     38	   0.522	   1.070	   2.078	  0.815	  0.448	  0.268	  2.078	  
m2c32r2.htb	   20	     33	   1.452	   1.049	   1.362	  1.376	  1.034	  1.313	  5.021	  1.494	  2.464	  0.945	  0.487	  0.862	  0.681	  0.546	  0.503	  0.000	  0.358	  0.982	   4.970	  1.493	  2.415	
m2c33r2.htb	   20	     24	   1.517	   1.025	   2.154	  1.026	  2.584	  1.293	  7.434	  25.211	  365.940	  1.794	  3.165	  0.299	  0.518	  0.301	  0.537	  0.798	  0.000	  0.516	   7.449	  9.713	  48.866	
m2c34r2.htb	  100	     14	   0.607	   1.245	   2.370	  1.144	  0.938	  0.002	  2.370	  
m2c35r2.htb	   20	     30	   1.589	   1.435	   1.505	  1.175	  0.920	  0.932	  9.410	  3.240	  3.250	  0.810	  0.817	  1.059	  0.445	  0.518	  0.336	  0.252	  0.708	  0.000	   7.894	  3.305	  3.252	
m2c36r2.htb	   20	     15	   1.201	   2.288	   1.051	  0.919	  2.871	  1.168	  25.707	  30.633	  15.039	  17.233	  2.431	  2.617	  0.364	  0.444	  0.614	  0.136	   NaN	  0.268	   390.457	  207.540	  8.941	
m2c37r2.htb	   20	     16	   0.779	   2.134	   1.366	  0.672	  1.277	  0.902	  14.028	  9999.000	  25.344	  0.964	  0.145	  2.250	  0.481	  0.574	  0.632	  0.898	  0.478	  0.118	   10.792	  7145861286.839	  2033545903044883.000	
m2c38r2.htb	  100	     23	   0.488	   0.691	   29.110	  1.966	  0.295	  0.000	  8.758	  
m2c39r2.htb	   20	     19	   1.912	   0.758	   1.070	  1.351	  0.857	  1.012	  19.241	  4.665	  11.307	  2.480	  1.592	  0.999	  0.650	  0.432	  0.430	  0.052	  0.402	  0.352	   81719451960573.375	  4.665	  8.391	
m2c40r2.htb	   20	     16	   1.654	   1.372	   1.227	  1.472	  0.680	  1.308	  4.089	  2.210	  2.431	  0.765	  0.821	  0.953	  0.757	  0.432	  0.519	  0.002	  0.358	  0.812	   3.883	  2.205	  2.431	
m2c41r3.htb	  100	     40	   0.502	   1.633	   9.600	  0.736	  0.694	  0.000	  9.648	  
m2c42r2.htb	   20	     29	   1.430	   4.042	   1.102	  1.324	  1.742	  0.961	  9.929	  2.978	  3.226	  1.347	  1.299	  1.131	  0.567	  0.386	  0.459	  0.200	  0.122	  0.478	   8.058	  2.978	  3.225	
m2c43r2.htb	  100	     60	   0.571	   1.414	   3.047	  0.879	  0.624	  0.000	  3.047	  
m2c44r2.htb	   20	     20	   1.647	   2.594	   1.221	  0.905	  16.009	  1.153	  10.173	  4.927	  1.935	  0.678	  1.357	  1.138	  0.688	  0.575	  0.469	  0.004	  0.244	  0.676	   8.864	  4.930	  1.935	
m2c45r2.htb	   20	     30	   1.991	   1.355	   1.816	  1.330	  1.166	  1.480	  38.703	  4.292	  11.191	  0.287	  0.744	  1.308	  0.741	  0.639	  0.528	  0.000	  0.002	  0.546	   6.032	  4.926	  9.043	
m2c46r2.htb	  100	     60	   0.516	   1.152	   1.945	  2.068	  0.398	  0.000	  1.945	  
m2c47r2.htb	  100	     81	   0.566	   1.484	   2.391	  1.210	  0.518	  0.522	  2.391	  
m2c48r2.htb	  100	     20	   0.581	   1.925	   5.829	  1.949	  0.219	  0.000	  5.829	  
m2c49r2.htb	   20	     31	   1.976	   1.271	   0.828	  1.306	  1.171	  0.859	  38.128	  8.150	  9731.603	  1.079	  0.860	  0.185	  0.426	  0.513	  0.474	  0.106	  0.836	  0.586	   57.544	  7.666	  10.522	
m2c49r3.htb	  100	     19	   0.852	   2.582	   8.285	  0.844	  0.760	  0.002	  11.902	  
m2c51r2.htb	  100	     42	   0.458	   1.250	   3.027	  1.409	  0.429	  0.112	  3.027	  
m2c52r2.htb	   20	     30	   1.445	   1.722	   1.243	  1.363	  1.824	  1.133	  52.011	  14.975	  29.351	  0.533	  1.107	  13.804	  0.485	  0.401	  0.607	  0.726	  0.032	  0.054	   142.344	  20.567	  390.457	
m2c56r2.htb	  100	     41	   0.573	   1.652	   2.029	  1.191	  0.396	  0.008	  2.029	  
m2c57r2.htb	   20	     35	   1.548	   1.526	   1.713	  1.393	  1.298	  1.316	  9999.000	  3.244	  4.321	  0.209	  1.043	  0.950	  0.596	  0.478	  0.562	  0.038	  0.604	  0.216	   1391615056.789	  3.246	  4.422	
m2c58r2.htb	  100	     40	   0.919	   1.701	   2.364	  1.734	  0.457	  0.362	  2.364	  
m2c59r2.htb	   20	     25	   1.382	   1.622	   1.393	  1.086	  1.210	  1.466	  9999.000	  7.694	  9999.000	  0.057	  0.740	  0.072	  0.655	  0.415	  0.332	  0.000	  0.234	  0.002	   4296077910118467.000	  6.014	  30.345	
m2c60r2.htb	   20	     30	   1.678	   2.503	   1.871	  1.391	  2.418	  1.323	  13.142	  1.775	  3.929	  1.004	  0.825	  2.034	  0.464	  0.301	  0.220	  0.458	  0.008	  0.000	   11.238	  1.774	  3.929	
m2c61r2.htb	   20	     33	   1.236	   2.180	   1.178	  1.401	  1.657	  1.171	  1.722	  0.820	  1.184	  1.358	  1.373	  1.472	  0.673	  0.555	  0.504	  0.000	  0.354	  0.946	   1.722	  0.820	  1.184	
m2c62r2.htb	  100	     52	   0.739	   1.491	   2.324	  0.825	  0.507	  0.842	  2.054	  
m2c63r2.htb	  100	     25	   0.636	   0.621	   2628.377	  0.069	  0.708	  0.000	  1.648	  
m2c64r2.htb	   20	     33	   1.755	   1.095	   0.885	  2.894	  1.139	  1.306	  29.183	  13.484	  13.458	  12.954	  0.585	  0.642	  0.578	  0.649	  0.496	  0.146	  0.006	  0.986	   390.457	  14.731	  8.486	
