FILE	
m2c162r2.htb -0.437 -0.241 0.068 6.244 5.075 5.605 21.009 19.752 17.846 18.087 16.757 15.990 16.708 14.480 14.282 6.890 6.091 6.950 6.378 5.260 5.194 7.440 5.640 6.373 22.302 17.580 15.624 15.347 14.703 14.579 14.802 14.653 14.554 5.885 5.547 5.041 5.078 5.388 5.162 4.703 4.867 4.954 19.247 15.421 14.282 14.658 15.074 15.045 14.431 14.707 16.059 4.856 4.724 5.093 5.117 5.657 5.645 6.513 6.346 6.153 
m2c163r2.htb -0.305 0.071 0.059 4.733 4.339 3.715 13.688 12.922 13.455 12.104 13.658 12.846 11.559 12.896 14.902 3.863 4.582 4.736 4.257 5.284 4.313 5.075 5.289 4.554 7.005 6.460 6.855 7.870 6.905 7.565 7.362 7.337 8.144 3.198 3.545 4.072 5.423 3.804 4.154 4.242 3.589 3.556 7.768 7.185 7.185 7.104 8.175 7.185 7.438 9.010 11.411 3.898 3.952 4.254 3.509 3.952 3.186 3.676 3.593 5.395 
m2c168r3.htb -0.109 -0.658 0.495 4.767 6.907 6.588 6.082 8.020 9.703 8.722 6.782 8.465 9.288 8.713 5.045 4.963 5.544 5.274 4.323 3.912 4.748 5.579 5.274 5.303 12.822 17.162 18.861 17.376 16.188 15.446 16.535 16.926 15.323 5.857 4.541 8.268 6.364 7.084 6.396 6.425 5.294 7.756 12.475 16.238 16.238 18.663 16.337 18.168 18.960 16.832 10.941 6.290 7.264 4.981 6.097 6.332 8.728 6.801 7.855 7.027 
m2c170r2.htb -0.074 0.223 0.644 6.720 5.095 5.747 27.822 30.198 26.436 24.752 26.485 24.010 26.436 23.218 23.564 9.572 5.936 6.205 7.934 5.940 6.889 6.631 5.234 5.796 15.941 18.366 17.327 17.970 17.525 18.416 18.218 19.109 25.396 5.922 6.048 4.638 4.384 5.347 5.474 5.632 5.556 4.843 23.168 23.713 21.238 22.030 21.584 22.624 24.158 22.822 27.624 4.559 7.012 5.742 5.817 4.220 6.522 6.436 5.804 4.902 
m2c172r2.htb 0.449 -0.255 0.690 5.304 3.884 3.310 5.360 6.931 9.547 6.931 9.547 8.451 11.033 9.936 12.907 4.432 4.565 5.289 5.335 5.192 4.694 6.012 5.571 6.397 10.962 10.007 7.956 7.709 7.461 7.921 6.577 6.931 3.854 4.139 3.795 3.630 4.178 4.282 3.544 3.784 2.964 2.489 4.031 3.359 2.793 3.925 4.986 5.092 5.658 4.066 5.941 2.926 2.308 2.303 3.205 3.539 3.779 3.723 2.504 3.096 
m2c174r2.htb -0.635 -0.561 -1.233 4.702 4.455 4.426 24.832 22.360 20.050 20.380 18.455 19.967 17.079 15.965 14.191 5.519 3.738 4.027 6.061 4.473 4.848 4.101 3.697 6.565 29.662 23.639 18.936 18.317 19.010 17.987 16.295 14.521 12.706 4.480 4.992 4.038 3.392 6.183 4.723 3.939 3.825 3.701 36.139 31.931 26.485 25.206 24.422 23.185 21.328 17.698 14.026 6.632 5.678 3.920 4.885 4.750 4.625 3.949 4.112 4.659 
m2c175r2.htb 0.186 0.355 0.148 8.015 5.035 6.641 22.812 21.411 23.515 24.010 22.195 22.071 25.413 25.495 23.804 6.620 7.952 8.387 7.063 7.669 9.091 7.865 8.886 7.722 6.642 7.384 5.899 6.559 8.993 7.178 7.366 6.574 8.622 3.922 4.806 4.509 4.483 5.954 5.386 4.843 2.828 5.002 18.812 17.120 16.873 17.244 13.738 16.911 17.781 15.800 17.987 6.747 5.604 7.184 5.683 8.362 4.875 7.101 5.627 7.612 
m2c176r2.htb 0.612 0.338 1.116 8.375 7.174 7.401 24.666 24.392 21.782 22.142 22.862 22.502 24.662 23.627 31.098 8.120 8.426 10.402 7.894 8.255 7.391 7.932 9.024 8.128 14.311 16.337 15.347 14.401 15.752 13.951 17.262 16.382 20.027 6.905 7.746 8.521 6.407 5.274 6.141 9.529 8.668 8.328 20.252 18.857 17.147 18.092 21.266 24.212 19.667 21.917 22.007 10.315 6.870 6.520 8.584 7.414 8.106 6.382 7.840 7.326 
m2c177r2.htb -0.402 0.315 0.249 6.477 5.344 5.793 20.821 18.272 19.982 19.262 20.102 17.942 18.632 18.602 22.022 6.456 6.069 6.808 6.379 6.235 7.091 5.870 6.580 8.713 10.051 11.761 11.521 11.311 12.841 11.461 13.021 12.601 15.002 4.545 5.278 5.215 5.163 6.235 5.115 4.994 4.946 4.870 15.482 16.502 16.592 15.722 16.412 17.732 16.832 18.152 19.502 6.836 7.608 6.354 5.461 5.552 5.978 5.617 7.121 6.937 
m2c178r2.htb 0.578 -0.495 -0.238 7.677 8.140 7.602 47.195 47.360 44.785 44.983 47.129 46.733 46.799 49.142 49.670 8.191 6.076 6.985 6.410 9.384 7.573 8.031 7.927 9.918 25.875 27.525 27.657 27.261 25.908 25.743 25.941 26.007 20.561 7.298 7.094 8.984 9.269 5.895 8.023 8.527 8.545 7.307 47.855 45.710 41.485 42.541 41.254 41.155 40.990 38.944 34.983 6.983 6.731 7.032 6.334 7.179 9.563 7.902 7.582 7.249 
m2c179r2.htb 0.801 0.166 0.571 5.476 5.958 6.330 15.172 19.569 20.996 20.792 23.642 24.840 22.976 25.131 26.150 5.076 5.966 5.899 5.351 5.439 6.022 4.668 3.792 5.171 7.251 10.891 12.231 14.269 14.311 12.609 13.891 15.002 12.202 3.222 4.517 6.137 6.296 6.856 5.091 5.409 6.474 6.179 15.572 21.462 25.102 27.461 27.490 27.635 27.868 27.257 27.082 7.361 5.249 5.839 6.473 6.272 6.381 6.685 5.413 5.300 
m2c180r2.htb -0.028 0.258 -0.457 4.335 3.155 3.159 20.698 21.169 19.708 19.189 18.152 18.812 19.755 18.953 18.812 4.176 3.750 4.768 4.945 3.391 3.923 4.649 4.573 4.094 13.861 14.569 15.134 15.198 14.946 16.549 15.747 15.747 15.747 2.505 3.446 3.680 2.857 3.066 2.872 3.297 3.596 3.623 16.124 14.993 16.973 16.737 16.077 15.842 15.134 17.539 19.896 3.772 2.411 3.228 2.885 2.580 3.254 3.849 3.133 3.596 
m2c181r2.htb -1.280 -0.977 -0.805 8.412 7.237 7.457 72.258 65.232 63.576 61.348 60.187 58.949 58.378 53.941 47.848 8.507 7.770 9.009 6.544 9.224 8.231 9.051 7.266 7.330 35.401 28.751 26.181 26.447 26.447 23.153 22.944 22.258 19.354 7.935 7.209 8.177 8.932 6.966 6.088 6.020 6.108 6.677 54.703 46.954 44.212 40.823 41.394 40.575 40.308 35.567 30.198 9.903 6.342 7.818 7.780 7.808 7.423 6.456 7.606 7.203 
m2c182r2.htb 0.614 -0.046 0.079 6.324 3.474 4.790 20.809 23.152 24.455 25.825 25.396 26.485 27.195 28.168 30.908 5.696 4.983 6.284 7.565 5.962 5.573 6.234 6.978 5.916 7.657 7.393 8.416 8.053 8.498 8.515 7.954 8.944 9.389 3.534 3.490 3.398 3.456 3.656 3.864 2.995 3.595 4.167 12.624 14.076 16.848 17.442 17.591 16.617 17.657 19.109 21.881 4.804 4.394 4.285 4.648 5.202 4.569 5.246 5.144 6.574 
m2c183r2.htb -0.488 -0.162 -0.195 4.666 4.960 5.000 28.845 19.274 18.713 17.459 17.426 16.535 16.733 15.776 15.083 5.962 4.150 5.293 4.015 4.478 4.104 5.438 5.743 5.320 18.185 16.931 14.422 14.950 14.752 16.436 12.871 14.521 14.620 4.032 5.098 4.605 4.811 6.039 5.269 4.078 5.350 3.992 24.653 17.888 14.620 15.149 14.521 15.116 13.663 13.036 12.871 4.211 4.730 4.372 4.900 4.595 4.960 6.172 4.982 4.435 
m2c184r2.htb -0.785 0.630 -0.506 7.525 5.320 5.082 55.967 46.053 43.408 42.815 43.832 41.986 39.898 37.035 28.258 8.855 6.862 7.788 7.411 6.133 8.708 7.583 8.680 5.471 41.370 39.812 38.223 38.828 38.881 39.239 41.167 41.798 44.073 5.969 4.576 5.575 5.533 4.541 4.742 6.209 5.358 4.120 49.344 44.320 43.590 41.718 41.193 40.407 41.714 41.183 37.467 6.229 6.622 4.859 5.151 5.608 4.548 5.245 5.455 6.835 
m2c185r2.htb 1.564 1.168 1.847 5.801 4.701 5.513 25.916 29.183 33.886 33.614 37.005 37.723 39.653 44.827 57.797 6.152 4.023 6.022 5.756 5.599 4.886 6.741 6.771 6.364 11.386 13.119 15.446 15.668 17.129 17.104 20.569 21.535 26.807 3.871 3.331 4.016 4.545 4.720 5.147 5.076 6.392 6.434 14.530 20.446 22.995 26.485 27.673 29.158 30.891 37.302 48.465 4.251 4.801 4.058 4.865 5.777 5.877 6.991 8.882 6.393 
m2c186r2.htb 0.498 -0.030 -0.125 4.459 3.782 4.634 20.429 18.944 17.723 16.997 18.119 17.954 19.736 19.835 21.551 4.470 4.092 3.625 3.970 4.452 4.092 6.158 5.395 5.789 10.627 9.670 8.614 7.789 8.185 8.350 8.185 7.327 8.119 3.803 4.117 3.133 3.160 3.593 4.017 5.008 3.426 3.414 18.383 15.182 15.380 15.908 14.521 13.267 16.073 14.752 15.413 5.427 4.610 5.346 4.224 4.283 3.646 5.671 2.899 4.051 
m2c187r2.htb -0.046 0.129 0.043 5.546 10.341 9.972 38.526 38.344 38.554 39.844 39.334 39.983 38.254 39.004 39.124 6.278 6.204 5.496 6.535 4.062 6.671 4.968 4.287 5.384 53.015 56.496 56.766 56.616 56.586 57.426 57.006 57.276 58.266 8.859 7.701 8.316 10.344 12.121 11.765 9.159 7.058 8.946 71.437 74.347 77.402 75.098 74.617 76.118 77.108 76.328 78.308 9.945 10.243 10.078 9.966 8.652 9.829 11.334 8.155 9.001 
m2c189r2.htb 0.350 -0.343 -0.164 4.020 5.071 3.841 10.087 10.489 8.447 10.644 9.097 10.118 10.458 10.179 10.489 3.751 3.591 3.448 3.896 4.474 4.076 4.208 2.903 4.101 11.046 10.025 12.717 10.644 9.684 10.489 11.077 11.170 12.778 4.818 5.992 6.851 4.752 4.229 4.966 4.558 5.210 4.807 7.550 7.828 7.797 7.890 7.550 7.611 7.116 8.137 8.447 3.762 3.292 3.067 3.498 3.950 4.374 4.315 4.447 3.644 
m2c190r2.htb 0.201 -1.134 -0.414 4.820 8.436 7.510 4.510 5.177 6.280 6.078 6.139 7.298 6.676 5.856 7.646 3.117 3.472 4.486 4.723 4.478 4.845 5.566 3.754 6.309 27.072 23.281 18.953 17.963 19.236 16.238 14.144 11.485 12.815 9.411 9.034 8.722 8.830 9.829 8.343 6.455 6.595 7.287 26.843 19.406 16.549 17.519 16.379 16.266 15.106 15.361 9.844 7.990 7.076 7.535 8.696 8.518 6.647 6.152 8.599 4.874 
m2c191r2.htb 0.171 -0.556 -0.023 4.452 6.923 6.396 14.851 16.337 17.272 17.567 16.089 17.567 18.124 19.582 18.564 4.478 4.224 4.335 3.845 4.386 4.331 5.365 4.770 4.236 34.229 37.266 36.386 37.129 35.396 34.186 35.078 32.728 31.023 5.525 7.402 7.003 7.520 6.729 7.422 5.942 6.429 4.948 36.124 37.789 36.238 35.728 35.561 36.304 35.836 36.964 35.891 6.521 6.393 5.322 7.387 5.230 8.171 5.869 5.510 6.828 
m2c193r2.htb 0.008 -0.188 0.042 8.835 6.374 8.446 16.565 14.528 15.194 16.070 13.442 15.004 15.765 16.089 16.165 9.420 8.471 7.687 11.011 8.066 9.096 8.316 9.296 5.839 10.739 9.311 8.816 9.653 7.788 8.568 8.416 8.854 9.730 8.824 5.602 6.038 8.638 4.389 6.743 6.061 5.643 4.841 13.100 11.424 9.577 9.768 10.072 10.682 9.330 9.863 9.844 10.854 10.905 8.410 8.925 9.215 7.836 7.846 8.424 6.986 
m2c195r2.htb -0.251 -0.063 0.086 2.735 2.811 2.293 6.865 6.865 6.304 6.931 5.446 5.809 5.611 6.106 6.238 4.086 3.449 2.593 3.098 2.916 2.984 2.086 2.665 2.741 3.762 4.389 5.215 5.248 4.653 4.686 5.182 5.116 3.729 2.720 3.387 3.141 2.874 2.628 2.507 2.903 3.175 2.476 4.290 4.785 4.323 3.927 3.993 3.993 4.719 4.785 3.894 1.986 3.033 2.055 2.136 2.487 1.919 2.868 2.920 2.251 
m2c197r2.htb 1.023 1.599 1.994 5.010 6.026 6.788 20.286 21.429 23.927 23.291 24.752 26.025 27.676 27.558 29.514 3.178 4.037 5.211 5.021 5.660 4.326 4.830 5.275 5.670 25.035 34.930 40.547 40.429 43.449 44.393 46.558 51.627 64.569 4.179 5.420 6.091 5.114 5.973 5.436 7.517 4.843 7.548 24.281 37.270 47.737 49.010 51.650 52.122 56.153 62.046 71.523 4.978 5.197 7.583 6.554 6.219 6.578 7.005 6.938 10.607 
m2c198r2.htb 1.453 -0.297 1.120 5.275 6.814 5.636 12.228 14.455 12.327 14.427 17.277 17.475 18.069 17.970 20.248 5.232 4.671 5.134 5.970 5.033 4.778 5.460 4.349 5.697 6.648 6.129 10.000 10.099 9.194 9.901 8.614 13.614 19.950 4.329 2.668 7.669 10.811 6.080 5.259 4.251 6.551 4.658 12.400 11.089 11.683 13.267 14.703 14.455 16.690 17.624 27.673 8.975 4.281 5.371 5.493 5.378 5.540 6.396 5.400 7.265 
m2c199r2.htb -0.459 -0.469 -1.106 5.957 6.109 6.138 56.040 54.257 53.168 50.363 51.320 51.122 50.495 49.109 47.492 6.632 6.534 5.774 5.569 6.380 5.506 6.557 5.995 5.025 52.673 54.719 53.498 55.347 54.620 53.498 52.079 50.660 42.475 4.446 5.576 6.313 6.360 7.083 5.863 4.924 6.454 5.627 54.356 55.545 55.248 53.366 51.650 53.201 49.802 46.898 43.234 6.575 5.937 5.949 5.375 6.516 6.479 6.370 6.275 5.868 
m2c200r2.htb 0.587 0.525 1.191 6.410 6.040 6.138 11.518 13.003 13.696 17.030 19.769 17.426 16.436 22.904 28.251 6.334 5.508 6.655 6.188 6.984 5.904 6.319 7.214 11.083 12.508 12.970 15.545 14.884 18.713 16.040 17.591 22.871 32.046 6.466 6.460 6.563 6.050 6.827 5.111 5.647 6.523 7.203 11.452 13.993 15.446 17.954 18.317 17.195 21.782 26.865 37.096 5.689 7.307 5.351 5.842 4.993 6.128 8.377 8.623 9.066 
m2c202r2.htb -0.235 -0.408 -0.401 9.371 7.824 8.033 32.079 33.614 30.965 34.109 32.302 31.163 31.262 29.752 30.223 8.298 11.087 9.299 10.604 9.946 8.109 8.895 8.235 7.238 36.114 41.485 40.668 41.287 38.144 39.728 39.406 36.460 28.787 9.085 8.946 6.453 8.227 7.293 7.835 9.310 7.996 7.807 30.916 35.371 36.634 35.421 33.936 35.668 34.505 31.931 27.797 7.117 9.163 8.359 8.639 7.577 8.123 7.465 6.200 8.163 
m2c214r2.htb -1.417 -2.818 -2.986 8.334 8.601 9.675 49.028 47.411 43.031 45.316 40.404 41.508 37.852 40.404 35.872 8.226 9.222 8.356 7.202 8.695 10.671 6.746 7.029 8.574 80.236 56.816 48.477 47.144 44.136 40.746 37.586 35.110 31.721 10.618 10.274 11.123 7.786 7.726 6.823 9.548 7.737 6.993 96.116 72.772 61.615 61.234 54.303 56.131 49.238 43.184 34.577 10.440 10.520 10.617 12.031 7.165 8.081 10.480 8.655 8.882 
m2c220r2.htb -0.119 -0.718 -0.634 5.147 6.001 5.720 10.297 10.297 12.673 11.386 9.208 14.158 10.693 12.327 12.970 3.820 3.820 5.823 5.901 4.177 4.359 5.476 6.396 5.179 26.089 15.050 15.000 11.337 11.584 12.871 10.644 8.267 7.178 7.864 6.643 6.578 4.660 6.513 6.852 5.403 5.359 4.187 21.683 15.990 11.832 13.911 12.277 13.317 8.960 13.218 10.693 5.393 7.631 5.857 7.244 5.311 5.322 4.866 7.163 5.946 
m2c221r2.htb 1.432 0.170 1.015 10.111 5.060 9.864 31.223 37.694 34.795 33.522 38.225 38.366 39.533 41.443 42.786 9.506 11.887 9.380 10.136 12.082 10.002 8.957 12.704 10.827 12.942 10.325 8.982 10.290 10.644 10.007 9.972 8.204 11.563 6.156 5.137 5.489 4.716 5.039 5.525 4.533 4.156 5.253 19.837 20.898 19.519 21.747 22.136 21.711 24.611 29.809 38.508 4.869 7.167 7.688 11.800 10.993 8.240 10.598 9.044 11.267 
m2c223r2.htb 0.514 -0.281 0.561 6.921 3.328 4.580 13.421 15.897 16.062 14.549 17.794 15.897 17.959 17.932 18.647 4.707 8.185 6.741 6.605 7.564 5.888 7.807 7.810 6.160 7.206 4.675 5.391 5.116 5.446 5.171 3.960 4.235 6.491 3.352 3.539 3.376 3.624 4.250 3.096 2.295 2.534 4.250 7.068 7.398 7.316 6.298 8.966 7.343 9.598 10.946 17.492 3.606 4.348 3.998 4.155 5.489 4.405 4.855 4.821 8.628 
m2c226r2.htb 0.642 0.308 0.156 5.378 7.062 6.331 21.330 21.584 22.801 25.233 24.385 25.714 25.771 29.816 35.191 4.189 4.955 7.512 5.849 4.700 4.578 4.252 7.062 5.710 12.984 17.115 17.482 19.321 20.820 19.349 19.010 20.877 27.864 4.497 5.870 6.308 7.771 7.093 7.189 6.946 6.600 6.071 15.813 18.331 20.622 21.160 19.576 20.622 21.669 28.713 33.720 5.324 5.102 7.040 5.365 6.099 6.613 6.536 6.715 7.646 
m2c231r2.htb 1.415 -0.281 -0.917 9.791 6.569 6.853 30.629 33.184 32.833 31.523 35.356 35.771 37.783 35.164 38.454 7.775 15.257 7.987 9.200 10.394 10.132 11.243 8.120 11.141 30.501 28.553 24.657 25.583 22.708 25.966 23.060 22.293 17.534 7.322 6.386 7.494 7.158 5.589 7.346 5.259 5.698 4.991 28.905 24.273 24.050 23.571 21.335 22.070 20.217 20.632 21.016 6.342 6.715 6.120 6.928 7.720 7.963 5.535 5.345 6.139 
m2c233r2.htb -0.473 -0.044 0.374 7.020 4.213 3.574 24.312 24.679 25.559 23.029 22.956 23.579 22.919 24.166 23.029 6.436 6.053 6.958 6.026 6.898 7.987 7.233 8.170 6.343 6.674 7.481 8.911 9.168 8.801 9.828 8.361 11.074 10.378 2.978 3.183 4.796 3.244 3.935 4.082 5.006 4.612 4.362 7.737 8.728 7.517 8.251 7.224 9.424 8.801 9.424 12.761 2.472 3.330 3.086 3.715 2.878 3.553 4.639 4.711 7.482 
m2c236r2.htb -1.510 0.390 -1.156 8.849 8.680 9.937 43.168 40.691 39.332 38.441 36.015 34.134 33.936 31.634 32.214 9.298 7.886 9.094 8.467 10.475 8.383 7.825 9.138 10.361 34.480 22.265 20.599 19.208 20.396 20.213 22.048 25.272 27.426 9.903 9.131 8.980 8.531 7.863 8.233 9.792 9.310 10.645 54.745 47.573 46.807 45.074 44.120 41.733 42.698 44.796 45.617 13.341 9.440 10.464 8.637 10.391 10.458 9.732 8.374 10.665 
m2c237r2.htb -0.994 -1.968 -1.912 8.803 15.540 16.026 38.834 36.744 39.076 34.675 35.314 34.675 34.103 36.049 34.015 7.205 7.470 8.586 10.878 8.441 8.095 8.017 9.786 9.038 88.273 80.418 74.103 72.739 69.219 68.273 66.494 56.612 41.364 21.918 20.858 19.254 15.288 13.763 14.657 14.737 13.867 9.407 87.019 81.166 71.441 70.891 70.612 67.261 63.696 57.778 39.919 20.379 16.305 16.957 17.639 12.965 17.987 14.580 13.460 10.191 
m2c240r2.htb -0.923 -0.870 -0.122 11.758 13.059 11.977 57.973 62.992 62.430 58.844 58.255 58.121 58.175 59.219 57.024 17.136 13.144 12.417 13.976 9.987 11.413 10.995 8.999 8.658 41.477 36.842 38.587 35.800 36.842 34.914 34.680 33.299 29.208 12.255 10.225 11.735 12.404 11.765 15.605 13.787 12.077 12.563 54.241 50.201 46.588 45.414 46.909 44.841 46.267 44.607 43.511 11.485 11.349 12.065 10.795 10.912 12.439 13.673 12.065 8.154 
m2c241r2.htb 0.728 -0.094 -0.441 11.582 14.192 16.643 37.723 36.139 36.634 34.950 37.574 39.059 38.218 34.703 32.871 13.131 14.296 11.137 12.312 9.799 10.307 14.353 13.807 9.196 22.624 20.198 18.911 18.119 13.812 19.257 17.871 14.950 14.257 13.859 13.324 13.786 15.115 13.278 13.848 14.935 10.349 11.199 26.139 24.703 25.396 26.980 25.347 23.069 25.149 18.317 19.455 19.685 16.795 15.777 18.714 17.264 15.682 15.778 15.215 11.703 
m2c242r2.htb -0.325 -0.824 -1.802 7.874 7.825 7.692 79.564 74.733 71.723 70.257 71.168 70.099 70.178 64.317 57.782 6.817 8.556 6.872 6.595 7.466 9.484 8.954 7.809 7.780 66.495 71.089 70.337 67.762 66.970 66.416 66.891 63.050 50.574 6.958 7.680 10.123 6.966 6.371 6.429 9.235 10.811 8.174 93.743 87.842 87.208 86.535 84.119 81.663 80.634 74.693 60.000 8.143 6.724 5.564 7.376 9.703 9.411 6.404 8.646 7.879 
m2c244r2.htb -0.462 -0.110 0.341 7.903 3.808 6.557 26.293 23.597 30.308 27.558 28.548 28.328 27.613 29.043 28.548 7.922 7.003 9.289 9.637 6.437 7.518 6.636 6.655 7.278 7.591 7.151 5.336 5.501 4.455 4.840 5.116 5.611 6.546 4.375 4.951 3.814 3.815 5.329 2.375 3.709 3.562 5.785 24.587 23.927 21.397 21.892 22.552 23.322 22.387 24.312 23.487 7.995 8.948 5.775 6.884 6.581 6.861 6.682 8.948 9.373 
m2c247r2.htb -0.116 -0.916 -0.605 2.567 4.429 4.889 4.325 5.116 4.455 2.640 3.410 4.125 3.135 2.750 2.915 5.147 3.501 2.455 2.425 3.314 2.407 2.233 2.081 2.597 24.477 15.072 11.606 8.338 9.516 10.946 5.721 4.950 3.080 7.329 6.230 4.592 4.740 3.515 5.299 3.997 2.902 2.628 27.613 12.926 12.926 10.176 9.846 11.056 9.461 6.656 5.501 8.862 5.626 5.211 4.266 4.166 6.666 4.135 3.972 3.450 
m2c252r2.htb -0.179 0.656 0.223 7.777 9.173 7.865 21.729 20.655 18.678 19.160 21.507 19.133 17.795 14.504 16.832 6.513 6.766 6.289 7.856 10.088 6.935 7.717 8.261 5.715 32.398 40.374 44.527 45.490 47.140 47.766 46.668 44.527 44.849 8.160 8.732 8.691 9.396 8.652 8.203 10.924 10.126 8.953 21.507 26.866 24.780 25.020 29.180 24.312 26.251 23.682 20.257 5.882 6.916 7.224 7.864 8.749 6.384 9.103 7.303 6.578 
m2c254r2.htb 0.669 0.176 0.710 3.276 2.936 3.510 5.513 7.446 8.059 8.535 8.693 10.436 10.455 11.279 14.891 2.702 3.035 3.073 3.464 3.484 3.151 3.208 3.855 4.759 6.834 6.277 7.465 7.591 8.057 7.426 8.426 9.998 11.648 3.107 2.414 2.851 2.684 2.828 2.618 3.701 2.629 3.122 4.931 6.574 7.624 8.406 8.600 9.327 10.713 11.030 14.198 2.371 2.869 2.564 4.824 3.115 3.764 3.285 3.556 3.604 
m2c258r2.htb -0.297 -0.297 -0.507 7.555 4.360 7.411 15.914 16.204 17.291 16.252 14.827 15.600 16.131 15.576 17.218 8.607 8.295 8.589 7.544 8.356 7.132 6.152 8.430 8.534 9.708 7.897 5.820 5.433 5.337 5.409 4.347 4.009 4.902 5.419 5.133 4.887 4.816 4.835 3.625 3.637 4.165 3.684 20.164 17.146 16.349 16.759 14.055 15.262 14.562 14.393 15.455 8.049 7.317 7.724 6.818 6.995 7.830 7.689 6.817 6.466 
m2c260r2.htb -0.486 -0.731 -0.659 5.072 5.350 6.534 21.726 20.226 20.093 20.472 18.725 20.501 17.647 19.977 17.909 6.285 5.152 5.431 4.976 5.086 5.058 4.810 5.281 5.190 30.984 24.782 22.103 20.617 20.566 21.520 17.997 18.579 17.997 6.497 6.849 6.063 3.865 5.813 5.495 5.512 4.670 5.420 34.450 32.994 28.072 25.655 26.674 27.461 23.876 23.063 23.850 6.652 8.211 6.824 6.565 6.337 6.783 6.163 6.135 6.027 
m2c262r2.htb -0.715 -0.738 -0.026 8.320 13.653 9.943 25.328 25.601 26.073 26.874 25.904 23.118 24.375 25.558 29.562 8.678 9.328 8.732 7.539 8.219 8.555 8.553 7.676 10.120 47.870 50.825 47.985 45.285 44.767 44.295 44.790 39.345 35.125 10.593 13.840 14.102 11.930 12.229 15.195 14.807 11.524 11.004 31.707 31.777 31.913 32.720 32.367 32.213 32.037 31.542 33.098 10.108 9.207 9.686 8.424 10.288 10.682 10.636 8.762 11.902 
m2c364r2.htb 0.136 -0.614 -0.642 5.796 7.121 7.065 30.556 28.430 28.232 25.743 26.139 29.420 27.072 28.600 28.062 6.298 6.683 7.129 4.650 5.689 5.505 6.008 5.347 6.060 44.781 39.066 36.690 34.851 35.332 33.465 34.314 30.184 25.177 7.260 7.145 6.178 8.241 6.163 7.619 7.401 7.922 4.952 49.788 43.593 38.076 37.935 37.426 37.454 35.106 33.975 28.062 7.258 6.596 6.994 8.342 6.168 6.468 7.352 6.041 4.453 
m2c365r2.htb -0.152 0.214 0.182 4.698 2.417 4.247 7.364 8.208 9.422 7.857 6.993 7.793 8.694 8.509 8.849 4.392 7.704 4.456 5.784 3.373 3.900 5.976 4.966 3.992 4.084 3.258 3.066 2.908 3.806 4.088 3.545 3.354 4.408 2.919 2.791 2.586 2.027 2.320 2.297 2.856 2.616 2.284 9.614 7.793 6.559 6.559 5.910 5.972 7.761 7.985 11.626 5.056 4.677 4.281 3.918 3.851 4.105 5.081 4.713 5.459 
m2c368r2.htb 0.200 -0.347 0.040 10.256 7.363 8.547 40.594 39.682 41.370 40.464 41.504 41.771 41.718 40.969 44.153 9.533 10.337 7.758 11.221 11.502 9.867 10.929 9.777 9.455 27.402 28.088 30.773 29.182 30.667 28.499 29.382 31.710 33.273 7.803 6.641 8.642 7.045 8.311 6.868 5.950 7.763 9.921 33.481 34.279 37.865 37.784 37.865 36.113 38.900 42.053 47.391 11.239 8.761 7.322 9.160 8.467 8.670 9.118 9.036 9.096 
m2c369r2.htb 0.210 0.473 -0.379 9.738 8.088 9.048 30.668 30.198 30.371 31.436 33.243 30.817 31.733 31.312 30.916 9.498 8.713 9.492 8.683 10.270 8.491 11.756 7.923 8.083 35.668 34.926 32.649 34.802 35.446 34.678 35.074 35.495 32.475 7.967 6.436 9.383 7.064 8.719 7.377 7.898 7.973 6.753 45.767 44.530 45.347 43.119 45.000 46.460 41.782 43.713 36.683 9.490 9.026 9.563 7.244 9.620 10.140 8.673 9.216 7.399 
m2c370r2.htb -0.980 -0.381 -1.787 6.078 6.114 5.700 36.931 32.079 32.079 28.812 30.000 29.802 26.683 26.287 26.238 4.733 5.012 7.956 6.278 7.068 4.598 4.491 4.950 6.811 37.574 36.287 32.624 34.109 30.396 31.188 32.178 31.832 32.327 3.739 4.512 5.605 5.084 8.178 5.751 5.954 5.202 3.552 40.792 39.802 38.168 35.396 33.861 33.366 30.248 31.188 31.584 6.588 5.954 4.950 6.519 6.184 6.654 4.194 4.304 5.345 
m2c372r2.htb -0.000 -0.370 -0.267 4.453 5.502 4.853 17.822 17.657 17.789 16.766 17.558 15.842 18.251 16.535 17.393 4.830 3.659 5.151 4.044 3.686 4.787 4.598 3.875 3.756 42.640 39.175 38.350 38.152 37.954 37.162 36.997 36.436 34.422 6.531 4.671 6.136 4.569 6.127 6.628 4.049 4.762 5.026 38.152 37.888 35.743 34.917 34.950 34.818 34.455 32.805 31.386 4.635 4.987 4.551 4.555 4.710 5.297 5.151 4.700 6.021 
m2c374r2.htb -0.743 -0.750 -1.327 4.786 5.414 5.284 23.490 21.287 19.530 18.094 18.020 16.807 16.460 16.485 14.604 4.649 4.266 4.336 4.850 5.761 4.537 4.443 3.506 4.572 18.837 19.604 21.015 19.975 19.802 18.267 18.119 18.837 22.129 4.971 5.629 5.683 4.341 7.463 4.134 5.447 3.775 5.076 22.772 25.866 26.213 25.421 23.317 22.252 21.163 22.178 25.990 4.254 4.846 5.167 4.630 5.181 6.132 5.309 5.018 4.885 
m2c376r2.htb 0.285 0.539 -2.507 21.268 26.791 29.115 38.693 37.941 33.267 40.000 31.683 35.881 36.752 36.000 37.228 24.724 22.624 22.462 20.872 20.293 21.110 21.604 20.042 26.693 56.950 45.901 45.584 47.842 45.901 51.010 46.693 36.396 36.713 29.751 25.912 22.647 25.998 29.497 29.240 26.571 23.678 25.885 64.990 52.752 58.891 49.465 50.851 51.010 45.584 44.832 41.822 35.257 29.299 33.271 29.366 27.656 28.989 26.291 25.835 26.555 
m2c378r2.htb 0.084 -1.000 -1.032 9.343 6.954 8.302 24.678 27.030 26.139 25.668 25.347 26.510 26.139 27.252 30.693 9.006 10.631 8.018 10.534 7.132 10.861 10.171 10.127 9.858 49.827 29.752 24.530 23.069 23.119 19.604 21.262 19.084 19.134 9.227 10.070 6.934 6.805 7.526 6.716 6.790 6.914 6.941 61.757 46.188 37.871 35.743 31.411 32.896 34.134 28.837 30.347 11.823 7.846 8.418 8.906 7.368 9.700 7.119 9.696 8.607 
m2c382r2.htb 0.095 0.377 0.110 3.787 3.720 3.881 10.288 11.042 10.461 10.009 10.633 10.095 10.891 9.514 10.719 3.471 4.262 3.258 3.671 4.023 4.306 3.675 4.219 4.087 9.427 10.116 9.191 10.848 10.805 11.515 10.740 12.462 20.534 2.868 3.542 3.245 3.442 4.210 3.653 4.047 4.656 5.913 8.050 10.331 10.052 10.224 9.578 10.590 10.418 11.171 17.219 3.497 3.936 3.774 4.032 3.757 4.313 3.528 4.286 4.730 
m2c392r2.htb -0.674 -0.232 -1.778 9.794 11.128 8.688 62.605 53.199 51.866 52.094 45.430 51.142 48.972 43.564 40.975 11.283 9.064 11.209 8.618 10.844 9.729 8.569 7.151 9.794 60.244 60.244 56.283 58.302 57.807 54.227 57.159 54.113 48.819 9.012 11.680 9.832 11.178 12.165 10.363 12.102 11.254 8.969 77.113 67.289 64.623 65.727 60.586 62.338 57.426 62.186 58.568 8.958 11.991 7.225 12.149 8.359 8.733 6.973 9.389 9.756 
m2c403r2.htb -0.795 0.048 -0.009 4.068 3.528 2.625 23.267 25.102 23.732 22.262 21.782 21.122 20.326 21.392 19.652 3.199 4.675 3.583 4.497 3.330 4.694 4.237 3.569 3.771 10.831 12.121 12.541 13.171 11.851 12.871 12.931 14.153 17.414 3.179 4.463 3.911 3.380 3.175 3.293 3.882 3.320 6.205 9.451 9.631 9.961 10.561 10.381 10.111 10.141 10.771 14.269 2.256 2.803 2.560 2.662 2.310 3.129 2.463 2.007 3.271 
m2c409r2.htb -0.122 -0.198 0.020 5.558 7.542 10.124 12.266 11.590 11.532 16.249 12.231 13.512 12.289 9.785 8.911 5.654 6.603 3.090 7.983 5.422 6.103 5.193 4.887 3.430 19.220 25.335 23.704 23.413 23.588 21.782 23.529 24.985 21.549 7.484 8.210 6.970 5.804 7.899 10.631 6.403 7.397 6.702 24.287 26.843 29.470 27.833 29.121 29.318 28.829 24.697 26.034 7.226 7.493 8.361 12.049 10.858 10.561 8.792 7.436 8.840 
m2c417r2.htb 0.421 0.334 0.128 3.996 4.280 4.967 21.062 22.232 22.678 22.997 23.852 23.149 24.707 24.347 21.499 4.067 3.837 4.416 4.222 3.912 3.941 3.490 2.988 3.516 14.616 17.957 16.549 17.912 18.246 17.012 18.670 18.947 16.877 4.758 6.668 4.295 6.595 4.149 3.438 2.925 5.374 3.596 20.162 21.062 21.197 19.397 19.217 19.142 21.962 19.982 18.002 6.062 7.379 6.544 5.073 4.876 3.391 4.952 7.299 3.228 
m2c423r2.htb -0.009 -0.588 -0.648 3.359 4.699 4.559 9.578 9.664 9.298 9.255 8.825 9.944 8.911 8.136 8.394 3.261 3.967 3.483 3.167 2.791 3.480 3.871 3.253 4.089 21.266 23.956 21.502 21.029 21.438 20.319 18.920 20.512 19.780 4.073 5.446 4.862 4.512 4.905 4.292 4.923 4.528 5.524 18.661 16.100 17.348 16.746 14.895 14.744 15.110 12.398 12.419 4.882 3.924 4.685 4.047 5.214 4.668 4.182 3.571 3.601 
m2c427r2.htb 0.399 0.030 0.020 3.846 2.488 2.176 5.842 5.050 7.096 6.700 7.690 8.449 8.218 9.109 7.690 3.282 3.135 3.669 3.327 4.222 3.915 4.096 4.977 4.009 2.970 2.277 2.673 2.805 3.069 2.376 3.036 3.102 6.040 3.258 1.747 2.469 2.495 3.262 2.024 2.190 2.517 3.453 5.116 2.211 1.848 2.343 3.234 2.343 1.947 2.376 8.449 19.877 2.321 1.870 2.554 2.586 2.039 1.829 2.290 5.244 
m2c429r2.htb 0.429 0.026 0.880 5.307 4.057 4.661 17.895 19.912 21.819 20.975 20.682 21.085 23.909 22.112 25.926 4.298 3.983 4.440 5.451 5.404 4.577 6.663 6.201 5.648 4.474 6.527 7.847 10.341 8.287 8.031 9.131 10.378 11.955 2.477 2.804 3.950 4.869 4.247 3.954 3.265 4.884 3.960 4.584 8.251 13.715 14.265 14.558 15.292 17.602 18.555 18.262 2.829 3.570 3.919 4.283 5.158 5.176 4.767 4.051 4.655 
m2c436r2.htb -1.003 -1.509 -1.604 6.218 5.801 6.428 29.373 28.119 27.415 24.312 24.422 23.960 22.574 19.054 15.666 6.843 6.589 5.849 6.799 6.571 5.401 6.471 5.645 5.638 24.840 24.312 19.362 16.964 14.653 14.631 12.981 8.669 7.283 6.172 6.806 5.539 6.717 5.995 5.703 5.050 4.233 3.405 35.006 36.084 31.991 30.979 29.659 29.153 24.884 21.606 15.424 5.816 6.289 6.878 7.414 5.589 6.809 5.450 6.123 4.495 
m2c441r2.htb 1.337 1.371 1.770 4.757 7.728 5.811 13.762 18.985 22.748 23.589 25.347 26.658 27.896 29.728 34.059 4.277 3.656 3.667 5.995 4.489 5.115 4.517 5.308 5.028 15.248 22.847 32.054 33.243 33.713 34.728 38.168 45.545 49.604 4.522 5.207 9.018 7.715 6.502 7.455 7.952 8.287 7.419 18.416 27.673 32.030 38.589 37.574 38.317 41.015 45.173 50.173 3.294 4.617 5.545 5.823 6.258 5.912 5.519 6.415 9.741 
m2c443r2.htb 0.097 0.094 0.077 4.663 6.120 6.764 9.827 10.545 10.718 11.064 11.708 10.891 11.287 10.866 10.248 3.925 4.414 3.934 4.512 4.777 5.432 4.659 4.981 4.853 18.787 19.579 18.936 19.604 21.040 18.960 19.728 23.936 26.188 6.430 5.351 6.549 6.787 5.228 6.048 5.989 7.026 7.780 20.644 19.876 18.837 18.267 19.579 19.530 18.589 19.926 24.059 6.352 6.776 6.508 6.310 6.450 7.161 7.394 6.287 8.879 
m2c445r2.htb -0.607 0.142 -0.603 4.759 6.247 4.468 25.484 21.524 21.567 18.812 22.170 18.941 18.467 16.746 19.802 3.420 3.162 4.487 4.387 5.388 5.242 4.291 4.986 5.256 20.362 22.600 25.613 23.375 21.610 24.968 25.527 25.097 32.458 5.984 6.565 6.307 6.620 6.108 5.512 6.688 7.100 5.925 27.034 22.342 21.438 20.749 18.812 18.941 19.328 19.156 24.580 3.370 4.803 4.920 4.571 4.418 3.896 4.536 4.819 6.094 
m2c450r2.htb -0.245 0.934 0.236 3.353 4.435 3.652 11.787 9.430 7.308 6.836 6.554 7.214 5.893 7.968 7.968 4.601 3.830 3.169 2.952 3.200 3.613 3.828 3.631 3.866 5.563 9.241 10.278 12.023 13.201 12.400 14.757 19.095 28.006 2.394 3.696 3.261 3.825 4.854 5.132 5.106 5.505 5.834 3.583 5.799 8.298 9.241 9.335 9.052 9.571 13.390 23.102 2.702 2.662 3.350 3.927 3.438 3.902 3.642 3.263 4.944 
m5c25r2.htb -0.037 0.339 0.568 2.189 5.427 4.422 3.256 2.508 2.310 2.464 2.310 2.222 2.244 1.584 2.200 2.573 2.179 2.047 2.708 2.234 1.993 1.962 1.694 2.359 7.591 8.735 9.967 10.099 10.451 11.023 11.199 11.287 14.125 4.367 4.534 4.774 5.259 6.025 5.309 5.769 5.606 6.373 8.295 7.569 7.591 9.329 8.757 9.021 10.583 10.231 15.710 3.652 3.167 4.692 4.608 4.295 3.584 4.932 4.696 6.757 
m5c29r2.htb -0.032 0.273 0.018 2.898 6.091 4.866 4.238 4.396 4.535 3.782 3.228 3.703 4.416 4.079 3.624 3.407 4.163 3.700 2.347 2.279 2.513 3.651 3.167 2.405 12.257 15.861 15.980 18.396 16.772 18.475 17.307 14.535 10.495 5.348 4.794 5.825 6.553 5.133 6.302 6.644 4.873 4.119 9.861 11.921 13.050 12.218 13.723 13.307 12.594 10.416 13.030 4.267 4.432 5.667 3.948 6.165 4.333 4.215 3.727 4.217 
m5c30r2.htb -0.099 0.007 -0.832 9.128 5.951 11.202 23.564 21.650 20.066 18.284 14.587 19.670 18.878 17.096 18.482 9.153 7.322 11.180 7.361 7.404 7.804 11.890 4.799 4.802 9.703 8.515 9.769 7.393 7.129 7.987 9.505 7.723 11.749 8.361 6.043 9.963 4.394 4.617 4.107 6.671 5.037 6.193 27.855 23.234 21.518 19.406 18.482 19.406 17.360 21.914 33.399 12.545 9.496 10.977 11.750 11.478 11.551 10.254 11.594 8.804 
m5c35r2.htb 0.112 0.052 0.336 5.965 4.355 7.178 12.431 12.164 14.521 13.614 12.395 13.190 15.292 16.172 16.832 6.756 6.922 7.001 6.131 4.515 5.595 6.581 5.289 4.811 10.818 9.194 10.561 10.928 10.671 9.760 11.404 10.708 13.421 4.367 4.285 3.664 4.916 4.565 4.084 4.549 3.375 2.430 16.301 14.392 16.098 15.594 14.427 15.732 17.712 17.382 18.706 8.131 7.228 7.966 7.615 6.819 6.529 6.960 5.522 6.350 
m5c37r2.htb -0.183 0.079 -0.345 9.074 5.015 8.726 35.025 35.569 32.376 32.871 33.317 30.743 32.525 30.248 28.614 9.320 9.616 7.918 8.893 6.743 11.728 10.088 8.884 11.373 21.386 21.609 20.272 21.040 21.881 21.337 20.520 20.842 19.604 3.757 4.740 4.719 5.532 5.733 4.622 4.467 4.399 4.395 33.688 31.040 28.317 29.059 27.104 27.970 27.139 25.371 24.134 10.368 9.400 8.398 9.104 7.840 9.674 8.616 6.188 7.442 
m5c38r2.htb 0.271 -0.528 -1.284 11.574 7.861 9.717 37.783 37.528 33.795 37.030 34.290 36.997 35.164 33.472 35.512 8.948 11.502 12.214 12.183 10.075 11.667 11.731 12.111 10.321 14.092 17.162 18.716 18.972 16.257 17.195 16.964 17.195 20.858 6.255 6.100 5.964 8.819 7.333 7.480 9.707 5.723 7.916 30.821 35.842 38.482 36.898 32.838 34.973 33.025 41.712 50.000 7.604 8.096 9.232 8.901 11.738 8.934 9.777 11.030 10.266 
m5c40r2.htb 0.069 -0.166 -0.116 3.314 3.505 3.509 5.718 6.064 5.842 6.460 7.079 6.213 6.312 6.807 10.000 4.470 3.617 2.679 3.509 3.315 3.670 3.398 4.372 4.294 11.213 7.624 7.327 6.757 6.188 6.782 6.485 5.866 7.450 3.653 3.108 3.750 3.194 2.904 3.970 3.704 3.562 3.877 8.985 6.832 7.550 7.475 8.490 6.460 7.475 8.713 10.817 4.221 3.073 3.293 3.985 3.256 3.657 3.355 3.813 3.142 
m5c42r2.htb -0.842 0.465 0.685 5.267 3.528 4.103 12.262 15.842 22.937 20.627 22.360 19.142 19.472 20.875 24.219 4.419 2.858 4.343 5.630 5.857 4.312 6.195 4.556 8.378 9.216 7.261 6.683 8.251 7.464 7.838 9.216 8.416 8.498 3.089 2.811 3.163 3.083 3.973 3.390 4.030 4.748 4.315 13.201 14.439 15.842 18.647 20.132 18.729 19.224 19.884 27.228 4.573 4.335 3.270 3.934 3.112 4.356 5.842 5.703 4.932 
m5c46r2.htb -0.208 0.214 -0.535 4.766 6.444 7.207 20.891 21.802 20.950 22.455 20.079 20.297 20.990 20.059 19.822 4.022 5.027 4.868 4.043 5.594 4.974 4.350 5.492 5.523 18.574 18.832 19.366 19.921 19.366 20.000 20.396 19.386 17.208 5.733 5.830 6.335 6.238 7.717 5.927 6.004 6.028 4.792 24.020 23.426 26.277 26.396 25.347 23.941 24.832 23.723 21.465 6.463 6.321 7.279 8.297 6.792 7.577 6.090 5.021 5.617 
m5c49r2.htb -0.173 0.096 -0.011 6.196 6.656 6.730 15.219 14.682 14.738 14.767 13.465 14.173 14.173 12.390 13.126 6.221 5.340 7.905 5.981 5.883 6.007 5.205 4.210 5.898 20.453 17.709 15.163 16.662 14.908 16.040 15.955 19.123 20.000 6.672 6.649 6.483 7.170 6.510 6.680 6.438 5.564 8.332 20.707 19.972 21.103 19.943 20.990 19.547 21.245 22.405 22.829 5.608 5.302 7.597 5.883 7.547 6.630 5.995 5.917 6.371 
m5c54r2.htb -0.385 1.474 1.713 3.824 5.764 5.366 6.124 6.816 8.508 6.436 7.444 6.398 6.601 7.388 6.051 3.250 3.479 4.413 3.084 4.767 3.643 3.214 4.376 5.670 4.303 8.492 12.757 13.214 14.928 17.441 18.012 22.201 24.676 1.898 3.952 4.705 5.725 5.328 6.231 6.831 7.827 7.674 6.017 13.404 13.715 17.479 17.974 20.069 20.982 22.809 28.027 2.923 4.483 3.772 5.487 6.004 5.584 5.980 7.894 10.383 
m5c60r2.htb 0.859 -0.591 -0.708 5.248 3.059 4.955 17.822 12.930 13.774 13.425 15.609 15.143 17.210 18.870 29.645 5.335 5.170 5.576 5.014 4.839 5.139 5.669 5.915 6.626 17.676 10.221 6.698 5.358 4.863 4.222 4.310 3.640 3.174 4.567 3.175 3.289 2.966 3.019 2.417 3.606 2.542 2.398 28.363 16.977 14.531 13.512 12.464 12.784 11.357 13.017 19.977 6.549 6.357 5.232 3.830 4.814 5.359 5.538 5.484 7.455 
m5c63r2.htb -0.910 -0.811 -3.502 8.185 9.588 8.216 54.332 53.032 48.639 48.824 47.587 45.668 45.668 43.255 42.203 7.870 6.365 3.720 5.335 9.937 10.212 11.720 10.946 6.177 35.705 34.777 30.631 30.569 29.455 27.785 27.970 24.505 22.834 6.552 6.704 11.452 8.972 11.527 7.999 7.991 5.307 4.950 55.941 59.715 60.644 62.314 55.817 52.537 48.020 43.874 37.314 10.277 10.351 7.271 10.337 5.692 7.015 10.767 9.094 8.344 
m5c66r2.htb -0.757 -0.332 -1.307 6.019 3.888 5.084 40.959 36.972 32.647 30.747 30.158 29.917 29.275 26.786 24.485 8.406 5.251 6.025 5.591 5.446 6.539 6.495 5.244 4.700 16.136 8.804 8.643 9.767 8.509 7.894 7.921 7.439 8.563 3.834 4.014 3.985 4.721 3.915 3.296 3.524 3.387 3.367 37.811 30.265 26.438 23.869 22.451 21.339 21.167 19.668 18.063 5.512 5.110 5.218 5.259 4.789 4.881 5.272 4.795 4.350 
m5c67r2.htb 0.009 0.328 0.130 3.791 3.716 2.539 16.590 17.426 17.580 17.870 17.624 17.723 17.701 17.450 17.921 3.385 3.790 3.846 4.691 3.402 3.443 3.571 3.823 4.300 9.563 11.422 11.881 12.823 11.857 12.292 13.789 12.509 15.446 2.925 3.867 2.737 3.563 3.332 4.136 4.812 3.176 3.757 6.980 6.757 6.665 6.834 6.535 7.027 7.220 7.327 7.245 2.404 2.350 2.712 2.807 2.535 2.133 2.507 2.698 2.679 
m5c69r2.htb -0.416 0.205 -0.022 2.171 2.535 1.226 19.455 7.153 3.861 2.277 2.426 2.228 1.807 2.054 2.946 5.888 3.938 3.073 2.222 1.941 2.002 1.615 1.972 4.125 1.262 1.782 2.624 3.020 3.639 3.342 3.490 4.950 10.644 1.382 1.524 1.910 2.746 2.795 3.184 2.043 2.800 5.027 6.510 0.817 0.421 0.668 0.297 0.396 0.446 0.619 0.767 3.857 1.119 0.805 2.986 0.750 0.540 1.050 1.262 2.236 
m5c70r2.htb -0.042 0.337 0.244 6.851 3.466 6.319 24.713 21.624 20.099 20.139 19.287 19.881 20.020 18.158 15.683 6.810 7.375 7.027 6.994 5.901 7.556 6.775 6.873 6.846 6.673 6.891 6.535 6.535 6.832 8.079 7.446 7.267 5.228 2.959 3.578 3.275 2.836 3.390 4.329 3.500 3.031 2.624 12.218 11.010 12.515 12.356 11.465 12.772 13.525 12.970 8.752 3.877 4.270 6.487 7.109 5.128 6.559 6.312 5.361 4.101 
m5c71r2.htb 0.178 0.535 0.851 6.645 7.989 8.092 7.287 8.851 11.109 10.337 10.792 10.614 11.861 12.495 13.861 6.952 5.328 6.999 6.935 6.417 5.096 7.777 4.940 5.419 3.366 4.713 5.168 6.059 5.901 5.386 8.178 8.733 12.099 4.491 6.406 6.218 8.801 6.745 6.291 11.889 9.307 9.033 5.584 8.950 10.871 12.317 12.218 13.347 14.614 18.356 27.287 6.774 6.643 7.054 6.775 7.214 7.992 11.427 8.344 15.640 
m5c74r2.htb -0.234 0.948 0.571 3.319 6.307 5.501 12.871 10.943 10.735 10.839 11.516 10.370 9.797 9.693 11.464 4.060 3.754 3.127 3.105 4.334 3.365 2.663 4.080 3.794 30.459 35.539 35.722 38.431 37.702 39.265 40.047 41.376 47.290 4.023 6.154 5.541 6.679 6.991 5.640 6.686 6.313 6.238 20.063 22.876 22.642 23.345 24.492 24.362 24.987 26.524 31.084 3.731 5.068 5.138 6.749 4.562 5.702 5.356 5.838 6.713 
m5c75r2.htb 0.498 -1.182 -0.025 3.624 3.933 4.353 7.371 7.440 9.618 9.533 9.873 9.873 11.938 12.871 23.225 3.700 2.635 3.358 3.895 3.838 3.314 3.712 5.518 5.404 34.569 20.000 14.961 14.399 12.306 11.004 10.750 9.279 6.280 7.068 4.267 4.084 4.689 4.277 2.777 3.836 3.113 3.521 19.293 13.013 11.598 10.974 10.778 11.344 11.287 12.321 16.419 4.224 4.986 3.763 4.604 4.387 4.720 4.290 4.068 5.012 
m5c79r2.htb -0.577 -0.166 0.221 9.745 5.040 8.445 23.479 21.697 22.306 24.490 21.870 20.763 21.287 22.044 20.122 7.638 9.723 9.902 11.909 9.625 9.432 7.858 7.002 7.649 13.239 13.512 14.444 13.192 13.221 13.395 13.512 12.202 11.736 5.739 3.891 4.632 5.432 5.334 4.690 5.112 5.994 4.152 23.850 24.199 21.258 22.219 22.889 21.928 22.510 21.462 22.889 8.473 9.346 7.963 8.493 10.438 7.194 8.137 6.415 10.796 
m5c81r2.htb 0.498 -0.256 -0.516 4.545 4.098 3.114 8.535 8.843 10.311 10.618 10.106 11.642 12.291 11.198 11.267 3.495 3.141 5.141 4.216 4.439 4.289 4.640 4.185 3.180 20.109 15.261 10.652 11.267 10.481 10.072 9.969 9.969 8.706 3.881 3.681 3.497 4.145 3.643 4.218 4.985 4.836 3.403 12.940 9.218 8.330 7.921 6.589 7.340 6.043 6.077 7.340 3.579 4.607 3.214 3.898 2.265 3.363 2.830 3.376 2.769 
m5c82r2.htb 1.371 -1.292 0.396 7.699 5.551 7.048 16.683 13.614 14.257 14.455 16.733 16.584 20.050 19.901 19.851 8.391 6.416 8.634 5.650 7.225 7.855 9.130 7.225 5.124 16.040 14.901 15.891 12.376 11.881 10.149 10.545 11.287 13.812 9.089 5.302 5.322 4.120 5.914 6.253 6.148 5.253 7.063 12.327 13.218 15.446 14.158 14.653 16.436 16.287 17.673 22.178 5.293 6.313 7.865 6.230 5.381 8.870 6.893 5.281 8.217 
m5c83r2.htb 0.103 0.202 0.677 6.242 3.369 6.232 22.360 20.833 19.513 19.513 20.998 18.482 20.545 22.937 25.578 6.676 8.250 6.492 5.235 7.969 4.821 6.691 5.498 6.882 7.880 8.292 9.530 8.663 8.746 9.695 10.025 11.015 9.447 3.165 3.621 2.873 2.952 3.350 3.795 3.877 2.681 4.045 21.741 22.277 18.853 19.596 22.607 21.493 21.287 25.330 25.949 7.034 7.276 7.137 5.714 7.487 7.308 3.516 11.037 6.228 
m5c87r2.htb -0.461 -0.122 -0.020 5.067 2.346 4.289 16.641 17.251 19.040 16.451 15.537 15.956 16.984 14.585 10.358 5.202 5.417 4.613 4.915 4.751 5.850 5.207 4.757 5.588 2.589 2.551 3.199 2.704 2.437 1.714 3.085 2.818 4.494 2.911 2.346 3.020 2.233 2.279 1.848 2.348 2.682 2.600 10.929 9.749 10.967 11.129 10.472 10.548 11.158 9.505 8.835 3.688 4.944 4.265 3.963 5.489 3.618 4.112 4.670 3.970 
m5c92r2.htb -0.339 0.207 0.057 6.427 4.309 5.024 20.934 17.492 17.162 15.983 16.313 14.757 16.077 15.040 17.256 6.319 6.797 7.210 8.610 6.180 5.134 4.999 5.112 6.489 12.447 13.720 13.814 14.663 14.946 14.851 14.757 16.926 13.060 4.445 5.371 3.904 4.806 5.678 3.162 3.996 4.590 4.907 15.182 16.360 14.899 16.360 14.899 16.643 15.040 16.077 16.785 4.274 4.243 5.053 5.264 5.318 4.847 4.640 4.405 4.607 
m5c94r2.htb -0.178 -0.005 0.153 10.345 5.078 9.880 25.790 22.178 19.307 19.752 23.861 20.644 17.970 23.317 21.876 11.696 12.488 9.268 8.616 13.068 10.291 10.480 12.251 14.099 6.337 6.436 8.515 7.030 7.079 8.168 7.921 9.851 8.062 4.736 3.220 6.030 3.907 3.951 6.881 4.622 4.834 3.761 19.653 21.238 21.832 20.347 19.283 20.792 22.376 30.891 40.545 11.064 10.216 10.377 9.521 9.281 10.936 9.285 13.336 16.862 
m5c95r2.htb 0.066 -0.154 -0.081 4.107 4.648 3.126 18.775 19.729 19.509 19.619 19.179 19.399 19.949 20.755 18.335 4.901 5.324 3.395 4.733 4.028 3.798 4.584 3.335 3.906 7.261 8.104 8.544 8.287 8.177 7.701 8.067 7.077 7.664 4.587 4.966 5.354 4.102 5.279 4.498 4.005 4.365 4.424 15.035 15.842 14.961 14.338 14.375 13.898 14.778 15.035 14.631 3.517 3.559 3.288 3.111 3.218 3.266 2.745 3.375 2.910 
m5c100r2.htb 0.323 0.215 0.828 5.355 5.637 6.448 10.252 9.901 11.254 11.815 10.363 13.333 12.112 13.960 14.191 6.074 5.744 6.281 5.819 4.207 5.270 5.198 6.392 8.195 15.512 10.132 9.901 10.429 9.307 11.914 10.231 11.716 14.620 7.658 6.173 4.954 5.396 4.713 6.808 6.312 6.589 8.708 15.578 11.089 11.419 12.442 12.937 14.521 14.521 15.545 18.449 7.106 5.705 6.085 6.195 6.053 6.038 7.867 8.390 5.782 
m5c103r2.htb 0.495 0.040 1.362 3.492 1.490 3.205 9.736 10.801 14.491 11.971 13.681 14.401 15.752 19.622 29.523 3.126 3.385 4.041 2.781 4.907 2.949 2.781 3.726 5.122 2.610 0.900 1.260 1.530 0.990 1.568 1.440 1.890 2.970 1.419 0.694 2.305 1.493 0.990 0.986 1.678 1.563 2.768 6.121 6.518 3.330 5.311 7.471 7.111 9.241 12.511 24.032 2.115 6.748 2.181 1.730 3.235 2.293 6.586 4.016 4.156 
m5c107r2.htb 0.022 -0.186 -0.240 6.481 6.008 6.513 15.198 15.891 15.050 15.495 16.510 14.827 15.495 16.040 16.485 5.332 6.083 6.005 6.554 6.683 6.492 6.672 7.144 6.836 20.347 20.223 21.213 21.213 21.139 20.941 20.421 21.931 19.554 5.919 4.912 5.910 6.057 6.391 6.196 5.486 6.383 7.036 21.757 19.851 21.584 23.144 20.520 21.040 21.436 22.277 22.698 7.519 6.640 5.783 6.910 5.510 7.685 6.680 8.395 9.856 
m5c108r3.htb 0.046 -0.043 -0.533 9.674 5.822 7.502 42.781 41.154 44.038 45.668 45.200 44.926 44.637 44.059 41.584 9.635 10.915 8.485 11.665 10.670 9.518 8.033 9.780 9.163 5.611 9.341 9.858 9.282 8.746 9.341 9.612 6.802 4.994 2.987 5.969 5.861 5.414 4.539 5.615 7.683 2.899 2.283 23.074 29.620 28.177 29.084 27.517 25.872 27.120 24.537 20.462 7.042 8.232 7.948 7.145 9.497 4.391 8.531 8.454 9.021 
m5c109r2.htb -0.071 0.356 0.171 5.480 3.811 4.281 5.969 5.941 6.337 7.072 6.139 5.460 6.789 6.552 9.144 3.306 4.093 6.156 7.205 5.930 2.635 5.477 2.853 5.617 9.406 5.007 4.187 5.120 4.426 5.177 5.941 6.195 7.496 6.998 3.923 2.812 4.218 3.281 4.626 4.117 4.085 3.911 10.042 6.393 5.766 6.167 5.999 6.959 6.223 8.430 11.400 7.051 6.231 5.270 3.554 4.078 4.769 3.732 4.923 4.007 
m5c111r2.htb 0.292 0.797 0.139 7.327 5.219 8.297 16.931 14.455 16.089 14.752 15.050 13.218 18.317 15.545 17.921 7.395 7.279 8.480 6.707 6.596 6.966 7.885 8.955 7.450 9.802 7.673 8.713 8.663 8.416 10.099 11.980 10.248 12.277 10.061 4.709 4.684 3.661 2.918 6.217 8.613 4.811 5.741 16.040 14.703 12.822 16.980 16.634 15.198 14.406 15.594 18.614 8.906 10.742 6.014 11.699 8.067 8.415 7.293 7.345 8.429 
m5c118r2.htb -0.452 0.327 -0.315 7.211 4.131 6.607 42.650 40.873 40.619 39.452 39.502 37.878 39.147 35.593 29.424 4.952 6.949 7.671 5.426 8.592 6.791 7.574 6.927 6.638 9.825 9.571 8.936 8.708 11.297 10.104 9.876 9.901 10.409 4.545 3.543 4.413 3.099 4.308 4.196 4.641 4.520 4.542 35.060 35.669 35.212 34.653 33.536 32.927 34.501 31.658 25.006 5.723 6.370 7.139 7.041 5.666 6.578 6.613 6.325 5.918 
m5c125r2.htb -1.327 0.224 -0.035 6.684 4.390 5.106 28.031 22.728 18.900 17.294 16.832 14.103 13.861 10.781 11.353 8.779 10.697 7.385 6.617 6.960 5.873 6.585 5.997 4.365 4.378 6.931 7.459 8.361 7.943 8.405 8.559 8.955 12.673 3.328 4.387 4.156 4.436 4.530 4.671 4.159 4.748 4.314 15.996 11.617 10.121 9.263 10.077 9.967 9.593 9.153 10.957 6.396 5.794 4.905 4.523 5.176 5.681 5.243 4.474 5.241 
m5c128r2.htb 0.000 -0.865 -1.056 5.055 6.716 7.871 11.881 13.267 13.498 14.389 14.158 14.719 13.333 12.310 13.927 4.892 5.345 4.784 4.993 5.774 4.239 5.483 4.230 5.239 29.109 23.333 18.911 16.403 17.195 16.865 14.356 14.983 15.908 8.496 8.229 7.207 6.373 7.095 6.803 6.102 6.217 6.903 28.086 24.653 24.785 24.191 24.356 19.109 22.046 20.924 16.502 7.746 7.693 7.798 8.130 8.384 6.691 8.353 5.483 5.235 
m5c129r2.htb -0.399 0.558 -0.246 3.439 4.102 3.280 13.471 11.731 9.391 9.241 8.641 8.431 7.801 7.981 5.191 3.456 3.475 3.063 3.058 3.682 3.946 3.445 3.447 2.608 9.241 11.101 10.201 12.361 11.521 12.121 13.111 15.422 21.092 3.669 3.927 4.739 4.172 4.111 3.474 4.014 3.875 5.526 14.881 11.701 10.411 8.611 8.971 9.031 8.971 9.391 11.791 4.003 3.380 3.836 3.316 3.384 2.968 2.897 3.304 4.633 
m5c135r2.htb 0.111 -0.730 -0.316 5.969 4.894 5.293 25.866 22.710 19.307 22.277 18.812 21.658 20.173 17.946 13.614 7.139 5.548 4.587 7.213 5.087 5.994 6.962 5.034 3.748 8.292 11.015 10.705 7.983 9.901 7.364 7.364 6.621 8.663 4.367 5.884 7.481 4.665 5.519 3.826 2.981 3.248 4.130 19.183 18.502 17.760 19.616 18.007 18.564 16.708 16.708 10.458 6.743 5.480 4.636 6.275 5.353 6.278 3.925 5.481 5.350 
m5c140r2.htb -0.179 -0.215 -0.102 8.715 4.929 6.577 50.045 50.315 52.877 53.527 52.865 52.355 52.568 53.855 51.125 8.727 9.642 11.042 9.274 8.032 6.314 8.914 7.442 10.715 17.762 19.772 18.122 19.142 19.678 19.262 16.986 14.671 13.181 5.239 4.086 4.554 4.924 5.966 4.807 4.393 4.247 4.264 37.414 39.064 41.429 41.646 42.064 42.234 40.625 41.275 38.734 6.881 5.145 5.994 5.584 6.944 6.295 8.069 6.871 5.950 
m5c152r2.htb 0.086 0.056 -0.065 10.911 6.992 10.471 41.541 41.154 39.260 34.180 36.892 37.882 37.839 36.763 32.501 10.086 12.696 9.565 9.700 13.017 10.247 12.026 10.810 11.287 14.679 18.381 20.448 18.080 18.726 20.189 19.673 19.415 18.252 6.785 5.694 8.003 6.623 5.780 7.432 7.123 5.709 5.871 37.064 34.481 36.677 37.193 35.170 36.117 36.892 32.114 33.276 9.510 9.248 9.611 14.857 10.127 9.054 8.705 11.053 9.344 
m5c154r2.htb -0.465 -0.126 -0.847 5.466 5.097 5.067 33.441 32.401 30.619 29.703 29.827 29.307 28.490 27.550 29.233 4.374 5.791 5.661 5.601 5.114 5.855 5.100 5.267 6.008 25.693 22.450 22.401 19.579 20.520 21.832 20.644 18.416 19.233 4.958 4.873 5.841 4.874 4.122 5.310 5.337 4.870 4.681 29.109 26.609 25.297 25.099 24.208 23.465 21.881 21.114 23.416 5.146 4.903 4.681 4.966 5.343 5.172 5.171 5.476 4.403 
m5c156r2.htb -0.470 -0.270 0.815 7.988 8.273 9.151 26.643 21.782 20.702 22.232 23.357 22.637 18.152 20.522 20.509 6.832 9.497 5.764 9.890 7.363 9.978 6.947 8.529 8.632 24.482 23.447 25.473 29.208 26.193 25.608 25.923 27.093 29.028 9.668 6.137 6.806 11.058 8.565 7.846 7.091 8.253 9.265 29.703 25.563 27.228 27.363 24.662 31.818 29.073 26.238 30.873 10.185 10.123 8.812 10.490 9.115 7.993 9.346 7.984 8.716 
m5c159r2.htb -0.545 0.114 -0.134 2.762 1.635 1.191 3.911 3.515 4.257 3.366 4.257 2.574 1.931 3.515 3.020 2.349 3.821 3.579 2.657 4.026 1.991 1.556 4.182 2.599 1.089 1.683 1.139 0.842 0.990 1.287 1.485 1.188 0.446 0.844 2.784 1.410 0.924 1.400 1.762 2.678 1.227 0.599 3.020 1.139 1.634 0.644 0.792 0.990 0.792 0.594 0.693 3.283 1.516 1.908 0.866 1.385 0.909 0.886 0.874 0.856 
m5c163r2.htb -0.463 -0.269 -0.120 6.324 7.099 5.276 20.191 15.736 16.938 17.433 14.958 16.407 15.134 18.352 24.434 6.771 5.838 5.015 7.489 5.029 6.696 7.389 7.248 8.003 31.426 28.607 23.444 24.752 22.454 23.621 22.666 21.393 18.777 5.893 8.081 7.468 7.966 6.764 7.582 5.712 5.900 5.386 19.554 18.352 18.847 17.221 16.195 18.352 17.680 17.645 21.464 6.219 7.055 4.847 3.973 5.837 5.578 6.143 6.062 7.053 
m5c164r3.htb 0.104 -0.515 -0.238 2.206 3.890 2.599 0.248 1.337 2.228 2.376 2.327 3.020 2.426 3.515 4.455 0.545 1.373 2.079 2.325 1.935 3.072 1.621 3.106 2.754 23.069 18.317 16.980 15.198 14.901 15.099 14.455 11.436 8.911 5.528 4.661 3.805 3.872 4.351 4.403 3.020 3.940 4.101 4.604 3.465 4.356 3.614 3.218 3.416 3.267 3.614 4.455 2.255 2.639 3.170 2.300 3.382 2.237 1.903 3.168 2.918 
m5c166r2.htb 0.124 0.437 1.007 4.059 4.337 4.316 5.734 6.889 6.931 7.797 8.333 7.880 7.508 7.013 7.343 2.707 3.013 4.087 4.554 4.087 3.386 4.179 3.575 4.300 8.581 7.715 9.241 9.571 9.530 11.056 10.685 11.799 9.530 4.659 2.707 3.701 4.576 4.239 4.453 4.717 6.289 4.661 5.899 9.200 7.302 9.117 9.282 11.757 11.015 12.211 9.571 3.473 3.386 3.017 3.587 4.742 5.386 4.844 4.995 4.874 
m5c167r2.htb 0.403 -0.365 0.087 5.783 9.232 10.339 31.589 35.842 35.596 39.703 37.058 37.199 38.861 37.577 40.149 5.358 5.588 6.834 6.035 5.727 5.141 5.178 9.312 6.412 71.188 66.997 66.620 66.007 68.411 64.901 65.347 67.374 65.347 9.271 12.474 10.738 10.545 8.086 8.818 7.973 13.103 7.169 80.387 76.426 76.089 77.699 75.012 74.604 78.069 78.614 78.359 10.694 11.489 10.088 9.029 11.060 11.588 9.928 8.236 10.142 
m5c170r2.htb -1.221 0.627 -0.865 6.351 5.674 5.996 37.822 25.677 19.406 16.700 17.162 16.634 13.333 10.583 7.349 8.376 7.075 7.488 6.193 7.282 5.421 5.372 5.217 3.814 27.173 26.183 25.721 25.171 25.853 26.337 28.273 31.727 41.562 6.477 6.210 5.233 4.971 5.598 6.942 5.627 5.621 6.773 44.378 33.619 28.273 25.875 25.743 24.708 24.532 25.809 31.287 6.703 5.815 5.190 6.032 6.319 6.547 5.891 5.809 6.521 
m5c222r5.htb -0.317 -0.109 -0.866 6.523 5.092 7.014 29.059 25.248 24.059 20.446 18.465 20.842 22.277 18.762 18.317 9.813 7.461 7.458 5.445 4.105 8.934 6.673 8.658 5.733 22.129 20.198 18.218 18.317 17.772 17.228 18.218 15.396 17.723 6.411 6.022 6.107 5.605 4.120 5.436 4.193 4.315 5.365 45.396 39.257 32.030 35.396 33.119 30.396 30.198 31.535 33.020 10.694 7.306 7.453 7.635 6.208 7.347 6.429 7.376 7.411 
m2c162r2.htb -0.312 -1.446 1.022 23.408 14.849 19.010 100.121 93.663 96.160 92.876 93.193 97.921 92.079 101.411 104.233 34.127 24.920 24.826 23.603 20.806 24.909 22.896 31.174 24.691 58.837 47.597 42.961 41.337 37.772 37.302 37.748 38.441 46.163 16.700 17.401 18.739 12.161 14.448 13.519 15.376 13.772 14.307 52.451 54.233 55.545 55.904 59.752 59.792 58.713 65.564 66.844 18.206 14.907 18.112 18.100 18.628 19.716 20.492 25.009 16.731 
m2c163r2.htb -3.593 0.510 1.062 44.766 24.218 28.606 94.975 87.636 91.724 83.861 84.108 78.802 76.287 87.054 85.098 49.137 41.306 62.890 41.994 42.028 35.123 41.793 44.554 31.439 48.663 43.094 42.930 46.738 47.601 46.865 45.418 51.384 59.579 28.084 22.362 22.450 24.970 28.690 27.360 17.621 28.537 26.039 63.265 54.735 52.221 53.837 56.182 55.166 56.867 64.010 71.955 33.844 28.871 25.165 28.707 28.009 28.841 32.309 53.109 30.050 
m2c168r3.htb -0.109 -0.658 0.495 4.767 6.907 6.588 6.082 8.020 9.703 8.722 6.782 8.465 9.288 8.713 5.045 4.963 5.544 5.274 4.323 3.912 4.748 5.579 5.274 5.303 12.822 17.162 18.861 17.376 16.188 15.446 16.535 16.926 15.323 5.857 4.541 8.268 6.364 7.084 6.396 6.425 5.294 7.756 12.475 16.238 16.238 18.663 16.337 18.168 18.960 16.832 10.941 6.290 7.264 4.981 6.097 6.332 8.728 6.801 7.855 7.027 
m2c170r2.htb -0.653 0.995 -0.193 17.456 12.977 13.376 71.337 64.802 60.248 61.436 60.099 54.703 60.347 56.485 58.515 25.812 17.081 14.172 20.444 18.138 17.790 16.739 21.420 19.542 37.129 43.119 36.584 35.446 35.495 40.644 38.960 35.594 49.703 11.629 15.028 10.322 13.263 13.535 16.079 11.685 13.374 19.310 58.069 52.178 45.743 50.446 39.901 44.851 47.574 47.921 57.525 13.784 19.145 12.920 15.323 15.258 10.927 12.451 17.380 16.818 
m2c172r2.htb -2.394 0.902 -1.768 38.184 36.458 41.637 77.637 71.818 76.238 72.277 69.484 70.474 65.170 65.594 66.443 42.896 38.556 44.528 39.183 37.762 35.824 33.621 36.277 33.567 70.934 72.489 77.016 75.919 75.601 78.996 79.986 80.446 86.669 34.745 30.294 36.538 34.990 38.182 36.701 35.877 37.086 42.004 75.955 77.016 80.092 79.880 73.833 71.464 75.460 72.383 74.752 41.210 42.537 46.677 42.487 38.528 38.510 41.984 37.527 39.389 
m2c174r2.htb 0.413 0.202 -2.306 18.408 32.555 23.881 54.495 45.586 47.112 50.784 47.129 48.969 50.083 44.678 46.988 26.210 15.748 18.249 18.918 15.639 17.697 21.534 16.369 16.156 77.145 70.957 87.211 78.919 80.911 93.729 80.817 81.353 75.495 33.271 25.091 29.983 25.690 35.915 39.662 31.526 27.675 22.654 68.193 70.503 77.475 66.460 66.667 60.974 68.688 73.350 65.759 22.213 26.186 33.013 21.350 24.945 21.413 18.683 28.113 20.698 
m2c175r2.htb -1.291 -0.003 -0.522 10.527 8.509 10.827 59.525 59.777 58.498 58.086 53.053 53.177 54.497 60.314 54.579 10.722 15.165 8.451 14.041 10.285 9.526 10.333 9.740 10.625 41.295 41.543 39.068 37.005 39.521 37.087 39.010 35.762 39.851 12.149 6.058 9.832 7.414 7.529 9.205 8.565 7.735 11.297 56.271 54.785 53.424 48.804 45.545 48.040 51.196 49.794 46.205 12.341 12.468 14.125 8.683 12.833 8.338 10.154 14.447 10.570 
m2c176r2.htb -0.027 1.116 3.231 37.749 33.627 32.423 73.440 68.407 62.691 69.442 62.736 64.941 64.806 65.842 86.094 47.141 33.053 39.395 38.314 37.044 30.467 43.524 29.078 37.773 66.292 61.116 63.456 59.316 62.646 52.745 72.320 59.856 72.187 35.660 36.772 34.643 24.030 34.041 29.766 45.654 40.050 39.619 69.262 63.006 56.976 65.932 73.698 76.103 68.047 72.772 80.243 36.695 27.495 34.393 32.156 33.820 35.026 26.718 40.486 33.699 
m2c177r2.htb -2.175 1.005 -0.630 25.396 32.564 30.266 50.291 46.925 48.095 45.335 44.074 37.144 41.314 43.894 45.005 29.288 27.275 27.160 28.206 24.704 22.617 24.294 23.848 26.561 51.905 53.195 51.005 51.695 55.716 50.885 56.436 49.835 64.386 31.429 31.430 34.479 30.932 34.413 30.959 32.036 31.978 41.522 53.315 56.856 57.156 55.896 57.756 58.356 52.775 56.346 60.426 32.393 35.151 30.715 30.070 32.297 30.059 28.190 33.572 33.925 
m2c178r2.htb -1.591 -2.013 -6.396 12.422 18.983 18.809 61.683 61.188 64.290 63.762 61.716 59.010 58.713 57.261 50.165 13.102 10.198 11.007 14.829 9.970 13.589 12.717 13.342 12.471 72.376 71.914 75.083 71.815 75.017 64.224 68.812 54.323 39.406 18.725 19.125 21.342 19.115 13.273 21.211 19.973 13.649 12.630 132.970 140.264 134.455 123.663 124.092 120.891 103.861 95.875 62.376 17.236 14.847 24.849 18.140 22.794 15.999 12.260 16.071 12.912 
m2c179r2.htb 0.076 0.408 -1.101 32.717 42.717 30.241 44.700 44.787 42.836 43.390 40.204 41.642 44.089 39.604 44.321 34.183 37.281 32.752 35.702 30.571 31.529 33.031 29.370 32.742 52.475 51.665 48.806 49.913 57.456 50.495 50.553 48.365 49.825 42.955 40.515 38.504 42.928 48.461 41.996 41.697 32.983 39.414 36.724 41.351 40.973 40.769 41.176 38.556 36.575 41.439 39.575 29.682 32.257 35.030 28.974 30.675 28.927 27.600 31.937 29.607 
m2c180r2.htb 0.297 0.269 -0.132 17.500 8.425 10.131 54.031 57.001 50.684 49.646 52.334 48.656 52.664 53.230 54.691 14.077 13.370 15.890 17.740 25.587 11.787 16.495 16.892 16.511 39.651 25.837 25.884 22.914 28.194 28.241 24.564 30.835 34.276 73.397 8.833 6.419 6.009 13.750 8.635 7.313 10.300 11.395 38.472 27.770 32.626 29.609 30.080 32.249 30.646 34.795 44.696 13.136 8.298 11.883 9.776 9.039 11.023 8.935 7.690 12.777 
m2c181r2.htb -1.455 -1.590 -1.584 44.379 33.002 41.063 101.885 92.365 89.166 87.452 84.292 85.929 82.654 75.857 71.154 53.373 48.133 44.236 45.838 43.081 44.048 44.691 41.027 39.417 60.041 50.209 48.401 47.715 46.630 43.736 42.441 44.516 41.790 39.205 35.062 35.291 37.800 31.509 31.252 29.160 35.854 38.226 81.550 82.273 70.830 62.091 62.471 62.205 62.852 58.073 49.886 48.943 99.361 54.668 38.899 37.722 35.293 38.733 39.469 33.543 
m2c182r2.htb -0.089 -1.469 0.525 17.099 24.975 16.012 40.116 39.026 39.257 40.990 39.554 40.198 39.208 40.347 43.399 20.723 14.986 13.871 23.225 16.477 15.569 16.354 14.858 15.658 53.366 52.657 55.875 52.244 55.413 51.353 48.977 54.637 56.601 25.090 18.911 28.327 23.821 25.612 25.713 21.402 23.220 26.008 41.436 35.545 34.950 34.092 38.218 36.799 36.221 36.535 40.594 26.352 16.404 13.999 12.643 15.985 20.833 16.602 16.697 16.218 
m2c183r2.htb 0.416 -0.703 -0.386 10.820 10.023 13.455 44.158 47.129 51.386 51.518 50.330 52.046 53.201 51.947 57.228 8.938 10.202 8.257 9.569 13.312 13.311 9.652 9.214 10.492 58.713 55.083 52.805 48.350 48.020 48.119 49.406 50.231 48.614 10.793 13.338 8.853 9.722 7.915 12.832 10.794 11.268 10.201 47.261 53.300 57.888 55.314 57.558 61.881 52.673 56.634 55.908 10.394 9.891 12.927 10.647 13.662 18.426 11.612 11.777 10.500 
m2c184r2.htb -1.897 -1.140 -1.599 36.751 26.725 32.876 85.591 82.927 76.785 80.305 75.756 70.404 72.250 70.029 68.665 40.007 40.894 39.342 40.019 34.344 36.783 33.266 37.571 33.798 70.458 58.155 52.397 52.957 50.923 50.782 47.785 50.201 51.378 36.064 28.120 27.842 28.895 28.181 23.818 24.886 27.313 25.135 74.712 69.333 68.108 65.641 61.933 62.162 61.855 60.209 59.224 37.797 38.021 32.457 37.567 32.074 30.830 31.450 30.214 32.811 
m2c185r2.htb -0.597 0.203 -2.032 20.614 17.715 17.203 74.975 67.946 66.782 65.198 61.386 63.391 64.703 64.554 59.950 19.858 19.513 24.033 22.377 15.036 18.333 23.291 28.141 16.908 61.139 55.767 52.599 54.950 54.035 55.792 53.193 50.173 51.906 21.700 18.492 15.350 18.557 19.317 19.339 16.012 16.609 17.369 69.876 58.936 54.183 51.881 56.040 51.064 44.431 51.287 47.946 25.171 18.615 25.367 14.369 17.854 15.561 12.867 16.634 13.374 
m2c186r2.htb 0.551 -1.125 -0.495 21.056 18.010 18.079 56.436 55.446 53.333 47.954 51.122 52.409 53.861 53.762 57.129 21.492 19.522 21.858 21.662 18.489 21.254 22.016 19.864 21.280 51.452 50.462 46.898 46.799 45.446 43.795 42.772 47.690 45.083 16.838 17.649 15.690 29.014 16.199 16.448 12.697 16.702 14.843 53.630 50.429 47.525 47.129 43.861 44.290 46.469 47.690 49.637 19.250 19.551 18.249 15.762 16.680 16.144 23.562 19.472 19.647 
m2c187r2.htb 0.215 0.927 1.031 61.806 49.531 63.202 97.670 107.921 96.490 97.240 97.630 104.426 93.969 100.660 95.140 65.820 63.873 62.038 64.162 62.304 62.271 58.255 68.878 62.107 84.368 80.918 75.188 78.608 80.648 84.578 76.838 79.898 74.887 57.414 53.499 46.079 46.467 57.032 53.045 45.031 55.456 42.504 129.193 121.452 123.151 113.471 116.742 121.602 124.242 119.322 124.212 68.067 65.472 64.576 52.364 62.072 64.708 72.290 63.194 72.295 
m2c189r2.htb 1.646 0.789 -0.529 25.586 23.123 16.220 33.818 36.665 30.662 37.005 33.756 35.025 39.882 34.623 34.251 22.487 22.381 21.212 25.158 23.975 26.161 31.424 22.331 24.484 31.343 28.249 33.292 28.342 25.619 35.365 33.725 34.035 33.663 24.634 20.970 26.287 21.006 18.787 26.054 23.480 24.077 24.604 21.689 21.999 25.681 21.751 20.483 22.710 22.556 22.679 24.783 14.437 15.753 17.501 15.044 14.502 16.485 17.568 12.444 14.247 
m2c190r2.htb -0.407 -3.437 -1.386 38.740 62.234 60.089 50.908 53.494 51.089 59.598 50.071 52.588 52.560 49.109 59.708 45.129 37.196 37.073 44.192 38.234 33.918 40.283 26.696 51.252 140.339 118.246 109.816 102.207 109.081 95.728 95.870 82.235 88.175 56.337 60.178 67.813 60.550 65.913 60.266 56.629 51.934 54.818 144.747 119.632 103.338 111.964 102.235 105.969 99.406 98.416 76.662 61.623 63.488 60.941 61.988 57.247 62.643 57.627 65.255 45.270 
m2c191r2.htb 0.462 -0.516 0.177 19.462 19.000 22.342 40.539 38.256 33.113 35.389 31.573 35.446 35.396 35.836 33.223 23.635 21.516 18.831 16.945 17.769 21.292 22.470 21.992 19.766 40.170 40.374 36.689 37.156 35.396 36.799 34.286 32.811 32.893 26.301 22.614 18.701 20.634 20.380 18.575 16.713 18.384 15.753 49.222 47.965 43.960 44.441 42.822 45.242 44.444 45.215 42.574 25.694 25.448 21.688 23.584 21.885 21.365 23.188 22.486 22.536 
m2c193r2.htb -0.383 0.027 -0.724 92.220 48.106 78.287 97.296 97.563 103.618 98.382 100.209 99.200 101.295 101.942 101.637 86.300 92.505 92.130 90.846 93.753 90.559 93.814 90.808 92.358 48.915 50.381 46.592 45.659 49.810 46.801 46.154 47.030 49.886 50.461 51.413 48.960 42.921 50.489 49.995 48.166 46.357 49.280 79.436 85.586 81.740 85.339 80.560 81.645 79.970 89.928 79.246 76.662 83.975 76.666 80.977 78.102 78.700 76.992 86.387 74.683 
m2c195r2.htb -0.792 -0.855 -1.310 40.943 21.836 27.624 93.795 93.630 92.937 89.604 92.871 91.386 88.086 91.551 85.875 44.464 39.811 40.112 41.017 36.863 42.841 43.883 40.516 36.251 50.891 45.182 41.188 41.518 42.838 39.109 38.119 38.449 37.393 24.879 25.204 22.184 22.806 23.904 22.168 18.119 21.108 16.393 77.162 64.950 61.254 60.528 56.337 60.363 54.785 59.076 59.010 37.689 27.721 26.035 31.414 24.944 28.381 27.345 28.688 25.135 
m2c197r2.htb 0.639 2.868 0.243 26.194 34.265 33.540 42.620 48.161 44.884 47.996 48.939 45.568 49.293 48.279 49.552 25.524 24.859 23.535 25.665 28.155 27.783 25.834 22.264 23.734 61.975 72.899 74.988 76.945 80.935 81.580 87.011 89.769 102.428 29.814 32.158 31.261 35.057 35.260 34.600 35.149 37.055 37.388 64.969 72.937 81.377 81.070 87.742 82.933 81.660 90.665 101.697 26.783 28.598 34.984 31.558 34.038 30.620 36.497 32.908 35.965 
m2c198r2.htb -0.304 -3.728 7.542 54.880 72.120 72.062 70.792 84.901 84.851 96.605 98.762 82.970 90.149 100.941 115.891 45.762 37.849 57.157 79.784 61.008 32.793 43.656 50.276 70.353 98.586 83.828 89.505 95.891 100.189 84.752 76.436 88.812 121.485 87.632 66.834 76.214 83.203 93.681 60.294 47.210 49.847 57.345 113.154 89.406 87.426 106.535 89.604 105.792 125.507 101.634 134.059 72.522 69.757 49.824 69.619 52.670 76.521 111.675 52.353 46.926 
m2c199r2.htb -0.597 -0.109 -0.894 10.792 12.136 13.920 36.931 32.640 34.290 33.300 34.158 30.891 32.508 33.597 29.043 8.726 9.991 12.678 10.109 10.445 10.829 9.901 13.448 11.839 35.941 37.492 35.644 35.248 37.723 36.139 34.653 30.429 26.139 10.828 12.785 11.810 12.692 10.853 13.691 11.634 7.804 8.915 44.092 42.739 40.165 39.373 38.086 39.076 35.842 31.023 27.228 13.293 11.738 13.773 13.890 16.614 13.630 11.696 9.358 10.445 
m2c200r2.htb -2.119 0.426 -0.406 14.992 11.698 18.132 30.363 33.366 37.855 41.188 37.756 35.974 29.868 36.667 46.436 13.589 13.187 16.204 17.584 13.736 14.316 13.122 14.441 23.111 17.393 17.888 20.264 20.198 19.670 20.033 22.475 24.653 31.188 9.842 13.408 13.997 13.044 9.499 10.484 11.468 13.020 15.245 29.637 30.462 37.096 40.957 36.436 35.314 37.888 43.333 50.330 12.036 12.396 25.732 18.819 16.530 13.843 15.739 18.619 15.468 
m2c202r2.htb -0.579 -0.812 -0.257 15.304 11.824 13.880 51.535 51.559 51.832 53.441 49.109 50.322 50.495 49.406 52.946 15.325 18.402 13.401 17.574 13.213 17.494 14.835 13.482 14.615 38.936 38.837 38.787 36.312 35.396 36.064 34.851 37.129 38.119 11.434 10.717 12.116 11.359 13.161 11.380 11.103 11.672 11.518 42.005 41.411 39.728 40.891 38.540 41.188 38.292 40.668 48.243 13.961 13.445 13.162 16.864 13.322 12.742 13.307 12.684 14.316 
m2c214r2.htb 0.000 -1.371 -1.630 12.580 6.800 10.560 46.351 43.793 40.632 38.728 40.099 40.632 39.680 43.145 39.718 13.081 12.020 10.790 12.791 13.148 11.820 14.353 12.294 11.510 39.071 29.665 25.209 23.991 23.724 21.021 19.840 20.107 18.050 9.049 9.449 7.981 6.658 7.778 5.128 6.456 6.726 5.596 61.881 47.982 37.700 35.758 33.359 35.529 29.665 29.703 28.408 14.724 16.076 10.656 10.665 13.134 9.015 9.328 10.144 8.396 
m2c220r2.htb -4.099 -0.955 -2.064 39.120 23.149 25.477 53.069 48.119 67.277 62.030 50.000 58.069 48.762 60.495 61.188 29.310 30.018 62.837 44.046 32.780 25.558 30.379 27.035 28.007 54.158 33.564 36.535 31.931 33.317 33.861 30.792 27.129 25.495 28.705 20.037 21.032 23.801 22.749 25.914 22.251 19.060 19.193 54.950 50.198 40.545 46.485 37.871 44.653 31.139 57.079 47.079 26.477 29.232 23.252 29.125 24.043 30.866 20.098 54.851 26.484 
m2c221r2.htb 2.850 0.134 0.371 40.829 24.391 34.105 61.351 73.904 73.197 72.949 78.501 81.719 83.062 90.205 98.444 33.510 37.278 36.635 43.084 38.450 45.977 39.997 43.313 50.093 64.215 45.545 40.523 42.963 39.993 43.175 41.089 34.936 43.246 33.963 25.061 22.371 25.548 21.614 25.927 26.495 21.385 25.795 70.792 59.724 61.139 59.088 61.917 60.467 62.306 71.641 78.182 34.451 33.320 38.265 33.229 32.143 32.717 34.172 36.230 39.545 
m2c223r2.htb -0.074 -1.793 1.337 41.177 18.712 25.016 94.554 106.821 115.484 105.528 113.779 106.601 114.576 121.782 106.353 35.817 42.425 37.632 39.312 46.389 38.632 43.922 45.145 31.311 61.689 37.046 42.409 41.942 44.224 40.622 34.103 35.534 47.167 23.588 17.053 17.849 19.871 25.176 17.709 12.956 13.017 20.725 60.726 57.041 55.446 52.310 66.832 51.045 62.761 72.332 95.572 17.358 27.314 19.786 31.132 27.407 19.586 27.169 33.915 44.596 
m2c226r2.htb -2.226 -0.059 -0.274 43.450 12.510 20.254 96.096 89.505 81.018 97.709 80.198 82.914 77.284 83.678 83.649 45.994 44.348 38.470 67.758 36.679 40.056 34.289 41.896 42.938 40.764 57.030 36.436 41.245 38.331 38.614 37.454 40.085 48.289 14.993 125.624 9.352 13.091 12.541 13.111 14.453 17.830 16.730 60.905 52.362 48.317 44.498 47.016 43.338 47.525 47.864 49.929 30.435 27.480 18.954 16.235 24.112 20.067 21.904 18.532 23.914 
m2c231r2.htb -0.045 -0.335 1.686 13.212 8.809 19.714 43.085 62.536 42.958 41.712 44.778 41.456 42.862 51.485 47.589 8.870 100.092 11.372 18.549 13.882 10.842 11.416 49.615 13.142 38.294 36.282 34.015 37.879 35.356 34.909 33.823 32.354 28.585 8.515 8.806 10.044 9.361 8.456 8.513 7.670 7.407 8.462 35.899 34.238 31.619 27.978 31.044 30.981 38.550 30.725 29.160 13.157 23.545 8.555 7.329 16.009 9.974 56.701 8.364 10.019 
m2c233r2.htb -0.568 -0.216 0.708 26.379 13.060 15.480 58.819 66.483 65.457 66.190 64.650 66.447 62.486 70.554 75.761 22.867 29.215 34.354 22.929 27.665 25.416 21.529 30.437 37.856 24.202 27.173 27.026 24.716 21.782 28.933 23.836 28.420 30.106 11.297 15.300 17.182 12.576 10.674 13.911 10.956 14.112 16.986 27.979 24.606 26.513 28.126 24.899 33.737 27.246 29.116 41.107 15.147 9.758 12.005 14.362 12.209 24.307 14.519 16.050 36.540 
m2c236r2.htb -0.918 0.401 -0.369 50.485 14.967 17.020 50.569 46.028 46.460 44.975 71.262 45.396 41.658 38.868 39.362 18.382 16.507 20.652 16.595 183.343 17.322 14.512 16.074 15.654 40.668 31.200 30.403 31.807 30.767 29.534 33.543 34.876 36.361 17.282 14.288 15.476 14.574 14.108 12.883 17.792 14.938 16.190 52.089 50.833 47.178 46.510 44.482 45.792 45.693 48.974 50.350 17.396 19.899 17.527 17.173 15.659 18.042 16.700 19.089 19.734 
m2c237r2.htb 1.463 -1.558 -2.834 38.209 31.787 39.510 82.728 72.321 74.631 75.182 76.216 75.776 81.650 78.555 72.585 32.189 29.467 23.234 28.864 30.137 45.479 63.330 48.725 29.073 114.125 94.169 86.227 87.129 87.789 82.838 80.581 71.507 66.535 37.324 32.281 33.604 32.180 32.137 29.512 31.502 29.004 29.996 134.015 108.843 103.410 121.408 101.193 104.290 97.800 89.417 85.104 40.353 31.645 32.559 54.492 33.126 42.480 34.895 33.375 31.689 
m2c240r2.htb -0.709 -2.541 -0.607 56.141 74.556 76.024 135.096 152.208 147.766 141.183 147.926 137.651 145.987 143.805 134.092 52.721 59.569 61.794 48.234 60.870 54.609 55.197 44.602 57.614 125.421 112.689 108.402 103.022 105.576 100.782 96.816 96.352 79.468 94.208 86.348 74.765 75.794 74.068 79.562 68.589 67.472 53.684 136.553 140.781 120.096 129.651 124.271 126.628 118.571 119.411 109.847 77.992 84.325 77.212 78.124 74.068 78.658 72.058 71.415 58.133 
m2c241r2.htb 2.525 -1.144 -0.678 53.590 60.913 66.057 68.911 64.109 59.851 72.772 72.277 70.297 73.713 74.851 76.337 49.677 51.960 43.774 57.041 55.120 54.837 57.176 54.002 67.066 71.980 70.446 73.218 69.208 65.594 68.762 67.723 69.752 58.119 50.150 64.352 62.088 64.080 60.656 57.411 60.330 68.439 54.345 82.970 85.644 79.356 78.713 73.069 85.000 72.822 83.119 73.614 70.107 72.804 67.558 70.893 62.171 72.471 57.192 79.865 67.987 
m2c252r2.htb -0.056 -0.594 0.091 32.652 31.122 30.867 77.549 76.375 73.214 83.168 77.943 74.579 77.228 79.797 87.899 38.156 34.035 29.516 36.689 34.426 33.293 29.335 34.279 35.789 56.876 61.249 59.736 64.631 65.374 61.386 58.389 61.029 61.948 29.774 29.188 28.586 30.655 32.601 33.883 29.887 34.043 29.036 75.743 67.648 66.804 73.000 68.839 70.352 68.584 70.404 80.064 30.320 33.551 31.166 31.903 33.206 28.856 29.202 30.480 33.271 
m2c254r2.htb 1.022 0.694 -0.968 41.595 36.532 40.331 44.127 46.634 48.634 54.752 53.762 51.861 55.188 62.997 68.970 38.214 39.816 39.762 45.078 43.476 40.715 38.943 48.201 48.391 39.255 41.366 38.218 39.973 41.060 42.198 40.575 47.874 49.602 32.282 42.679 35.283 35.497 37.355 38.743 35.779 44.244 29.215 37.366 41.743 49.703 39.720 42.924 42.515 43.465 47.446 58.634 33.278 36.967 75.821 28.895 34.583 33.104 29.252 30.959 37.842 
m2c258r2.htb -2.369 -0.321 -3.506 73.942 59.622 67.526 101.087 98.189 89.447 95.098 94.542 93.383 78.459 83.386 75.561 92.969 78.903 81.076 81.830 78.719 84.098 43.989 52.658 37.411 96.643 91.379 82.661 76.624 79.353 80.464 79.135 83.362 78.966 44.352 62.617 64.041 41.883 55.360 67.740 69.086 107.053 64.810 98.648 94.567 93.432 87.660 82.420 85.100 77.179 81.985 75.827 52.905 76.290 72.208 74.131 66.197 75.484 49.612 71.691 71.836 
m2c260r2.htb -0.082 -1.214 -2.357 32.169 34.572 38.525 65.714 59.095 56.203 59.377 58.678 60.949 55.009 55.911 55.679 41.912 31.439 30.378 33.480 32.642 32.396 31.949 30.950 36.016 93.710 81.363 68.492 70.646 65.573 67.472 64.007 63.017 59.522 48.921 41.071 32.607 38.509 32.084 36.687 32.973 29.719 30.785 103.087 88.934 84.333 76.966 80.082 76.209 72.928 69.511 68.055 56.723 38.983 40.087 37.648 39.875 42.111 32.901 28.520 33.829 
m2c364r2.htb -3.934 -0.255 -1.471 29.237 9.937 9.797 55.143 51.627 68.373 52.038 51.372 51.740 48.854 50.042 49.392 9.266 8.336 105.612 10.833 12.270 10.067 7.401 9.446 10.053 51.513 48.656 46.280 47.893 45.007 44.385 46.761 42.433 39.830 7.473 9.695 10.355 9.122 8.752 8.971 12.487 11.271 8.484 67.893 61.075 63.281 60.057 60.792 58.925 56.492 53.861 52.192 10.186 10.068 9.152 10.609 10.284 9.618 9.322 7.406 11.382 
m2c365r2.htb 2.164 1.262 0.421 45.897 48.835 38.735 62.283 80.773 73.906 76.429 65.532 77.260 84.313 91.213 110.582 32.350 90.232 42.521 54.076 34.385 37.544 60.961 55.782 50.212 68.100 63.239 59.406 59.653 73.453 69.658 60.715 91.089 83.807 47.163 48.484 44.326 59.476 56.977 45.442 37.954 69.968 52.136 61.450 69.307 70.483 76.980 70.266 59.839 81.156 78.346 114.117 29.106 35.879 46.563 48.592 34.765 25.656 38.098 38.067 52.487 
m2c368r2.htb 0.184 -0.503 0.041 13.005 11.907 10.288 25.612 24.049 21.086 22.355 21.220 22.057 22.157 23.495 23.120 10.846 20.978 10.737 16.469 12.297 13.231 12.290 15.042 11.200 17.260 18.447 16.323 16.701 17.301 14.343 14.985 15.494 18.551 11.557 14.258 13.470 11.922 12.876 9.166 12.102 10.319 16.387 19.984 18.143 19.802 18.999 18.491 19.151 19.932 21.704 21.327 14.119 10.738 8.195 10.901 12.043 10.771 9.533 16.659 13.030 
m2c369r2.htb -0.233 -0.394 -1.658 20.091 18.219 21.832 50.644 48.861 49.208 48.094 51.213 46.114 49.035 49.653 50.668 27.569 22.750 20.188 21.932 20.674 18.389 19.272 21.356 20.291 52.599 48.639 52.995 45.545 51.411 48.738 49.431 56.213 48.342 19.387 17.623 21.056 15.565 18.733 18.473 17.268 17.674 16.834 61.782 60.792 61.733 60.272 63.738 56.708 55.223 57.673 53.144 21.490 18.406 24.897 20.533 23.501 20.221 20.008 19.150 18.184 
m2c370r2.htb 2.198 -0.292 7.896 51.070 8.155 47.539 28.515 24.752 25.941 22.376 62.723 24.059 36.089 22.970 27.624 6.735 5.773 7.585 6.098 179.253 6.830 55.581 6.429 17.816 50.297 43.911 42.624 43.762 42.314 41.436 42.327 40.297 39.752 11.901 10.781 8.274 7.434 9.555 6.038 9.474 9.437 7.355 41.980 41.436 41.386 41.089 37.822 37.178 82.822 38.911 34.059 8.823 9.345 8.225 10.382 7.093 8.870 203.123 9.675 6.825 
m2c372r2.htb 0.069 -2.066 -1.003 33.406 38.206 39.863 66.238 68.581 67.459 67.063 67.162 65.644 68.515 74.653 70.561 33.271 31.150 32.404 33.930 34.574 33.168 32.955 37.481 31.542 101.848 96.337 94.224 95.083 94.323 89.802 86.535 89.439 85.413 35.971 40.677 41.279 38.186 36.976 39.448 35.139 40.939 36.042 93.729 97.855 92.409 85.479 89.076 90.429 84.917 87.063 87.888 40.916 42.436 43.930 35.232 40.740 40.175 39.240 35.663 41.143 
m2c374r2.htb -0.740 -1.723 -1.641 31.346 50.609 44.695 46.807 50.891 45.965 47.351 46.708 41.188 45.347 41.634 34.901 26.143 26.427 29.051 33.272 29.970 26.525 37.912 22.106 23.837 54.579 62.054 76.262 74.233 75.050 67.847 70.842 78.069 93.985 39.127 45.647 52.478 50.622 57.461 39.292 53.192 53.462 59.575 57.203 72.030 77.054 74.134 70.248 69.059 71.386 76.312 84.134 37.341 39.278 45.235 41.411 47.481 44.028 45.319 45.861 49.184 
m2c376r2.htb 0.689 -2.475 -2.345 23.716 30.442 30.002 39.842 39.485 36.752 41.465 36.238 41.069 40.396 42.020 43.683 24.332 23.577 22.380 23.001 21.747 23.484 27.966 23.559 28.782 85.465 54.891 58.970 50.693 53.109 50.099 46.891 56.634 41.822 48.537 30.064 36.007 28.057 33.657 26.469 28.019 78.389 28.185 94.376 66.376 60.752 48.079 51.762 47.762 49.188 43.525 39.683 58.439 38.195 29.877 27.880 31.603 30.843 29.806 27.746 26.873 
m2c378r2.htb 0.923 -0.800 -0.158 15.452 16.756 19.200 68.960 64.480 64.158 69.480 67.574 70.792 68.119 69.010 71.906 13.171 17.151 15.948 13.482 16.594 13.492 17.744 15.650 16.296 71.708 58.391 58.663 58.218 57.351 59.183 54.183 59.480 61.782 20.519 21.293 16.369 16.385 17.038 15.820 18.168 14.941 14.641 71.238 63.416 60.792 60.619 61.015 59.579 60.520 61.361 67.426 22.337 19.221 20.685 21.608 17.368 16.468 19.872 17.422 17.790 
m2c382r2.htb 0.497 1.604 1.599 13.626 14.167 12.385 33.082 32.049 31.791 31.489 32.609 32.200 33.922 32.200 32.372 14.692 13.182 12.673 12.231 14.574 14.620 14.034 13.130 12.464 33.341 38.140 44.232 44.791 47.374 50.538 49.376 58.007 83.900 13.780 13.768 11.743 13.646 15.302 14.711 15.433 15.564 23.235 27.766 37.064 40.099 43.435 43.349 44.146 47.740 55.790 83.556 9.914 15.684 11.957 12.344 12.887 11.775 12.961 12.933 22.506 
m2c392r2.htb -2.719 -2.395 -0.480 17.281 24.210 14.521 74.334 65.765 75.590 70.792 63.328 64.014 65.385 64.585 64.547 24.186 9.238 28.140 13.118 13.250 14.304 17.593 14.258 13.387 86.329 84.844 80.731 89.794 78.865 77.113 75.095 73.382 73.915 19.875 16.652 16.523 55.527 17.417 17.939 13.644 13.130 16.636 91.241 89.604 78.027 79.703 81.379 80.388 75.286 80.274 76.200 14.580 25.986 12.471 14.031 14.643 14.648 16.811 9.296 12.825 
m2c403r2.htb -0.451 1.176 2.118 8.183 7.114 8.989 23.063 23.413 25.953 25.503 25.923 23.912 24.490 24.722 25.653 8.152 6.710 9.669 7.745 8.605 7.777 7.120 8.494 11.598 13.741 16.292 20.012 24.932 25.743 24.872 25.923 38.876 71.607 3.282 6.407 6.557 6.857 8.317 6.590 7.248 11.232 16.077 15.062 19.802 25.983 30.393 32.043 31.473 36.034 49.295 75.655 4.855 5.951 8.142 9.049 8.276 9.900 9.580 13.940 15.995 
m2c409r2.htb -2.702 -0.663 -0.296 36.669 29.828 17.914 41.034 40.186 41.409 62.726 44.438 38.963 39.779 36.867 42.865 17.307 17.149 20.989 97.095 32.148 17.432 15.679 19.069 16.075 62.027 55.154 64.648 58.066 53.931 61.221 59.755 67.385 64.182 31.739 22.485 38.796 27.568 21.137 30.801 30.838 37.706 31.070 44.147 44.554 43.098 43.234 47.699 40.154 43.157 43.784 44.438 23.265 20.506 19.981 19.002 18.284 16.188 16.114 20.301 19.064 
m2c417r2.htb 0.137 1.437 1.208 21.078 31.287 30.552 33.528 31.683 33.616 33.168 33.348 33.993 33.888 37.174 39.321 22.675 20.739 23.479 20.887 22.494 18.025 20.506 24.605 27.159 54.785 49.955 51.627 47.075 59.217 57.201 53.748 59.586 61.476 33.054 31.067 28.666 28.734 32.760 33.900 32.378 34.504 35.941 47.660 46.490 48.020 44.959 52.025 52.994 50.045 45.545 58.596 31.994 27.828 27.195 26.895 33.433 35.754 29.480 28.446 35.067 
m2c423r2.htb -0.235 -1.373 -2.682 37.187 52.588 63.582 33.900 33.599 32.028 32.824 44.748 31.812 31.360 28.734 32.393 26.608 28.494 28.051 30.029 73.703 27.397 26.753 26.693 33.548 52.626 70.771 73.310 66.530 63.775 68.123 65.648 74.623 102.755 41.534 50.647 54.064 52.444 45.980 57.212 53.242 52.304 70.549 47.353 49.462 59.148 75.204 51.550 52.432 57.124 51.722 73.978 37.056 45.021 43.028 132.887 44.638 43.444 53.913 42.154 55.679 
m2c427r2.htb -1.465 1.485 0.330 15.767 24.377 17.593 73.432 70.891 73.762 73.465 70.165 71.221 67.558 70.627 73.762 19.677 20.639 16.942 13.789 16.567 15.431 16.108 23.242 17.776 87.525 95.578 103.366 108.548 106.997 109.802 110.165 112.442 141.947 19.438 27.086 24.147 21.588 21.122 31.309 23.717 26.582 23.612 67.030 77.030 79.703 84.191 81.221 83.465 81.716 90.924 121.617 27.745 18.480 20.162 16.130 14.387 19.688 17.598 19.981 25.562 
m2c429r2.htb 0.821 0.037 0.748 33.499 26.226 35.314 30.253 32.857 32.197 31.426 31.280 32.747 35.644 35.534 34.800 35.044 31.487 33.288 33.282 36.793 32.478 31.656 35.508 34.531 21.782 19.362 25.156 25.669 25.119 21.929 27.209 24.826 22.626 21.806 18.575 24.198 27.655 26.046 24.521 28.711 21.587 22.232 24.349 29.703 30.876 33.957 35.497 33.737 34.727 33.627 31.683 25.108 32.545 27.957 35.906 38.670 38.209 35.826 35.924 35.476 
m2c436r2.htb -0.506 -1.987 -2.295 23.702 21.823 34.250 75.094 76.568 68.713 65.743 69.901 67.195 65.457 60.198 53.839 22.394 28.976 22.694 23.042 26.214 23.452 23.106 25.487 18.067 70.165 71.639 66.975 63.432 60.286 60.726 58.394 54.609 47.415 23.597 22.002 23.160 23.396 25.075 19.483 17.999 18.750 15.814 116.414 112.519 104.246 108.251 102.332 95.908 98.944 86.601 72.783 39.566 34.776 34.048 35.420 31.789 33.489 36.505 29.915 24.153 
m2c441r2.htb 0.876 6.715 4.906 56.421 96.032 96.639 63.366 71.238 72.525 74.480 76.955 74.777 76.757 80.248 111.188 49.113 55.382 53.743 58.227 57.642 54.374 58.118 59.754 108.790 62.475 100.495 119.257 125.347 135.594 135.421 147.797 168.391 221.708 54.326 78.964 87.497 93.654 93.162 102.187 103.660 110.595 119.633 72.054 108.738 125.198 126.609 151.881 133.292 146.386 181.906 226.535 61.963 78.935 82.316 84.112 136.620 86.041 94.105 111.328 121.259 
m2c443r2.htb -1.374 -1.045 0.535 21.619 20.752 28.953 65.767 62.475 56.856 62.624 58.168 54.431 54.084 55.644 56.584 15.765 23.041 16.974 34.670 22.485 18.457 15.508 18.064 16.425 67.376 64.233 65.767 64.653 63.144 64.158 60.792 72.005 79.505 18.181 20.252 19.990 24.202 18.556 25.660 15.355 26.935 25.138 78.837 69.208 67.426 67.797 77.277 67.005 70.495 74.332 84.554 20.549 19.167 20.612 22.338 57.444 23.226 21.147 23.991 24.907 
m2c445r2.htb 0.405 -0.486 2.828 15.519 16.975 17.749 55.489 50.538 60.095 56.134 60.740 58.975 60.697 67.542 71.201 12.472 13.133 18.004 17.354 15.106 12.773 14.359 15.717 18.484 56.952 62.893 71.459 72.406 67.499 68.317 71.072 77.314 94.877 15.782 14.514 16.039 15.559 20.459 17.621 15.198 16.351 19.371 65.777 66.552 67.628 73.440 72.148 77.615 79.681 77.271 95.351 12.991 13.216 13.940 14.541 13.691 26.825 19.748 14.802 17.485 
m2c450r2.htb 0.674 2.466 0.745 20.334 21.967 21.366 60.255 59.217 58.510 63.508 61.622 63.649 61.810 62.376 51.862 16.833 20.545 18.599 22.264 20.612 18.968 21.230 17.814 17.102 86.799 92.928 95.191 103.772 109.901 107.591 105.611 112.494 129.326 14.028 14.690 20.330 20.020 19.293 27.281 22.908 22.435 20.461 76.426 80.811 91.891 87.553 91.891 91.608 93.588 87.364 87.270 15.939 24.310 26.717 17.807 17.482 21.292 23.529 16.413 21.538 
m5c25r2.htb -2.079 10.343 4.464 59.719 142.616 135.688 85.391 72.299 70.209 79.120 73.377 67.965 65.391 60.308 69.109 66.224 64.959 62.702 62.591 66.294 53.705 53.301 51.378 55.289 179.978 218.570 249.791 259.582 269.241 287.415 287.591 286.557 283.014 111.993 128.814 136.163 131.649 141.948 152.489 150.831 151.595 153.365 201.606 224.906 235.534 246.865 238.086 251.155 255.710 276.766 328.251 127.523 134.336 139.118 135.138 126.026 143.099 135.058 138.019 165.075 
m5c29r2.htb 0.184 3.291 1.729 34.377 38.403 49.564 84.317 82.614 79.366 80.000 75.782 73.446 83.564 77.663 80.079 33.903 33.342 33.909 34.864 36.033 26.180 40.900 33.608 32.839 79.842 100.297 97.604 103.604 108.139 110.812 110.455 90.495 78.079 30.141 32.260 37.901 34.588 39.752 37.756 42.018 27.970 24.566 126.634 124.713 129.743 126.059 140.693 136.693 133.069 137.109 161.307 48.841 47.714 48.408 41.720 53.876 54.478 49.338 46.631 56.151 
m5c30r2.htb -2.313 -1.241 4.244 49.333 31.707 61.130 75.314 66.073 46.997 59.472 47.855 51.414 39.463 46.403 40.198 92.439 67.684 50.942 59.388 54.947 46.764 34.625 40.985 34.046 44.950 40.660 37.624 46.337 46.733 31.551 38.812 39.208 37.228 36.403 29.198 30.108 37.001 36.855 25.945 28.623 31.454 24.718 77.822 75.776 56.238 51.089 63.036 56.568 74.719 59.802 53.927 88.393 67.612 49.921 51.263 73.481 53.515 77.470 51.190 28.972 
m5c35r2.htb 0.125 0.802 0.393 33.442 29.828 21.466 66.483 54.703 63.550 55.375 59.736 72.525 55.598 61.056 64.026 17.321 20.729 34.200 15.828 20.841 78.246 18.094 14.790 16.398 55.849 57.037 57.096 61.936 58.709 61.810 61.166 62.120 59.296 27.746 27.977 27.437 38.738 27.567 26.809 28.591 23.928 27.001 75.035 71.676 69.857 71.429 71.994 68.390 73.341 74.367 71.641 25.737 20.404 18.497 19.909 27.931 15.621 25.372 18.857 24.677 
m5c37r2.htb -3.394 0.470 -0.752 34.795 9.743 52.487 54.084 57.624 65.520 46.931 53.144 49.183 47.426 62.723 42.995 26.664 36.284 79.641 11.228 42.879 21.942 18.282 112.226 28.120 30.297 31.262 30.124 30.421 29.827 34.332 30.520 29.876 26.757 9.209 11.585 10.864 9.044 10.934 10.537 7.337 9.708 8.700 50.901 46.361 55.644 54.777 51.733 43.490 57.525 40.297 41.733 21.434 14.491 65.286 40.332 54.302 11.840 90.673 14.754 45.728 
m5c38r2.htb 2.136 0.308 -0.791 54.002 36.257 41.758 42.508 49.537 29.771 32.434 29.373 56.231 28.553 36.155 29.703 46.031 87.810 31.575 38.168 34.490 135.297 30.481 43.555 35.107 23.498 26.106 30.182 27.595 24.273 25.008 33.015 27.459 29.373 26.201 34.891 34.720 32.092 30.688 26.053 57.733 28.867 34.905 42.191 38.515 39.142 37.351 32.772 40.594 33.564 39.029 38.921 48.493 44.339 45.918 43.760 38.205 44.891 36.013 41.407 38.331 
m5c40r2.htb 0.161 -2.955 0.889 24.611 31.915 30.885 72.698 67.723 61.139 62.970 69.579 60.124 63.366 70.545 78.515 34.976 26.105 27.269 25.556 26.254 22.250 21.726 28.348 25.729 137.995 101.856 93.985 79.851 86.584 77.030 80.619 78.589 83.119 44.829 31.804 34.093 30.797 31.495 29.772 33.420 30.706 31.251 129.431 95.767 89.381 90.718 97.574 92.525 92.921 87.228 99.406 46.163 31.577 27.171 29.587 33.669 30.675 33.321 29.207 34.148 
m5c42r2.htb -0.314 0.727 1.749 46.022 26.480 34.390 97.258 81.036 79.538 78.630 108.251 76.815 78.878 78.960 81.569 52.254 32.329 28.830 37.852 97.806 37.234 28.388 29.262 36.724 59.101 58.911 50.413 57.178 56.283 48.597 58.340 54.868 49.092 24.518 25.862 22.815 30.506 24.857 24.261 29.959 28.966 33.340 85.396 81.023 71.452 82.673 85.149 81.683 80.693 81.766 82.591 27.050 39.140 27.464 35.103 33.597 37.663 38.124 35.113 30.731 
m5c46r2.htb 0.766 0.214 0.012 15.914 29.076 20.357 31.980 32.713 30.317 28.297 30.376 28.079 34.257 31.525 32.079 15.326 14.795 15.294 15.222 14.340 15.961 18.753 16.721 16.055 36.634 40.059 38.990 45.406 36.614 38.871 43.327 41.941 37.842 28.910 32.801 29.516 34.578 25.872 25.544 29.872 34.139 25.704 41.703 38.376 38.238 44.733 39.248 40.733 40.297 38.752 41.347 22.756 20.942 17.993 25.177 18.866 20.350 19.400 17.264 19.963 
m5c49r2.htb -1.072 -0.198 0.028 27.859 29.060 29.559 63.791 60.934 60.849 56.492 53.126 55.106 56.181 48.147 53.579 34.381 29.152 35.715 24.579 25.848 26.603 26.551 19.602 19.685 81.075 72.560 63.253 65.884 60.226 65.431 62.489 75.955 80.594 28.183 27.720 32.308 29.257 26.657 27.760 29.319 30.510 36.748 81.839 73.946 75.502 71.315 75.078 68.883 76.860 78.472 79.038 34.603 26.794 28.048 28.262 32.725 28.282 30.480 24.684 27.752 
m5c54r2.htb 3.324 0.495 0.484 48.152 23.720 23.968 34.287 26.847 31.280 28.751 29.226 27.304 48.625 28.065 24.943 29.246 24.420 34.261 26.094 30.339 26.881 123.187 25.252 23.905 22.696 27.532 28.370 26.847 27.875 28.446 30.046 35.453 40.137 21.329 23.490 23.188 23.134 22.575 22.009 27.692 26.462 29.450 22.848 24.257 28.713 31.340 34.501 29.398 32.102 36.927 43.831 22.739 21.538 24.126 26.499 25.537 22.965 20.712 27.470 26.399 
m5c63r2.htb 1.448 -5.464 -6.040 26.563 38.845 39.239 52.228 54.332 48.205 45.854 50.619 57.240 49.752 50.433 55.755 28.161 25.392 17.018 24.092 28.303 36.772 26.630 25.751 20.808 98.577 85.705 86.696 67.512 69.802 61.139 62.562 59.344 56.807 45.008 37.889 57.335 30.765 39.432 32.833 33.859 33.752 31.480 151.423 112.624 96.597 95.854 87.562 79.394 74.629 69.307 67.017 73.385 42.080 40.804 50.377 35.509 32.063 37.444 30.530 29.550 
m5c66r2.htb -2.890 -0.640 -1.097 24.401 18.973 20.170 106.045 98.984 93.845 84.640 87.610 81.750 80.840 85.710 78.619 32.922 29.285 23.675 27.334 23.231 26.614 21.152 23.778 19.742 68.130 54.054 54.562 48.167 50.174 54.081 48.408 48.809 47.204 20.548 16.768 20.731 17.475 19.018 21.344 16.299 20.503 18.401 108.670 80.706 75.221 65.507 71.234 70.219 67.380 64.758 67.300 25.263 23.325 20.511 16.385 20.410 25.193 18.350 20.125 25.631 
m5c67r2.htb -0.695 -0.679 -0.249 10.086 8.565 7.247 35.644 33.762 31.828 33.132 29.752 32.030 28.906 31.535 31.609 10.410 10.330 8.136 13.932 8.428 9.790 10.141 11.697 8.598 17.798 19.633 20.842 19.029 17.773 17.025 18.450 18.232 17.302 8.432 9.353 9.489 9.276 7.046 8.192 8.822 8.215 7.828 18.193 17.079 18.667 17.266 16.559 16.856 17.629 15.792 17.846 7.212 5.850 8.449 7.396 6.568 7.079 6.741 6.617 9.949 
m5c69r2.htb -1.720 0.218 -0.869 24.836 15.917 26.306 127.228 78.985 59.455 58.069 56.188 54.678 52.550 55.124 60.965 38.791 32.787 27.294 27.099 23.283 24.292 22.210 25.895 27.256 24.579 25.495 27.748 29.802 33.069 29.257 29.109 41.238 62.005 14.921 12.950 15.630 16.919 19.074 13.470 14.492 17.960 22.633 75.965 52.649 52.896 46.906 42.401 49.752 47.129 45.198 42.450 30.633 25.090 25.404 23.971 25.671 30.452 26.033 25.297 24.836 
m5c70r2.htb -1.109 0.679 1.335 39.833 29.022 39.354 88.931 82.970 81.604 76.436 79.168 77.188 75.683 74.079 63.406 46.035 48.492 44.090 37.519 39.916 38.552 39.085 41.116 39.871 29.208 31.901 31.584 33.366 30.416 36.475 33.426 30.713 32.000 26.523 31.397 27.848 29.772 24.197 32.966 30.328 22.547 27.833 45.168 48.693 51.703 51.663 52.891 56.376 56.020 52.040 41.822 32.624 34.983 38.908 41.300 38.530 38.982 39.048 36.123 33.925 
m5c71r2.htb 0.946 1.798 2.901 56.162 60.034 87.266 64.752 67.228 71.683 69.671 75.465 72.396 75.050 74.574 79.208 50.328 52.661 52.100 53.177 61.169 57.730 56.636 57.757 58.155 63.228 65.485 74.119 79.743 76.178 79.663 83.149 84.772 113.168 48.492 52.379 57.137 63.471 59.002 57.866 62.696 59.254 82.564 82.238 102.911 114.970 112.455 120.871 132.792 119.307 141.446 163.485 60.236 75.454 85.169 74.558 80.953 114.065 81.585 93.005 97.543 
m5c75r2.htb 0.252 -2.982 0.058 37.086 51.831 42.111 60.451 54.512 55.191 50.835 54.257 56.747 53.494 50.636 60.905 40.214 37.934 37.868 35.593 39.198 37.061 35.709 33.803 36.996 117.652 92.702 88.119 86.139 82.518 76.747 77.907 79.151 70.099 64.161 55.502 53.506 55.987 51.362 47.948 50.355 54.666 48.681 84.752 71.344 62.122 64.026 60.651 63.083 62.885 61.744 62.349 48.865 45.159 41.566 40.772 38.555 50.866 38.796 35.883 35.802 
m5c79r2.htb -4.324 -0.959 -2.079 31.874 19.204 27.750 94.427 180.141 91.934 87.070 84.916 75.335 76.179 82.178 83.663 27.693 551.116 54.038 30.142 27.476 23.785 23.929 26.966 28.351 41.782 39.633 42.574 42.691 38.556 41.374 38.439 40.303 36.022 23.941 20.753 20.958 18.717 20.556 20.764 15.024 17.979 17.292 89.342 84.188 85.527 88.089 85.323 83.547 77.402 82.935 80.955 26.375 23.082 31.171 26.844 28.811 27.314 24.612 30.083 26.695 
m5c81r2.htb 0.007 -1.096 -1.557 32.564 30.885 40.821 55.516 50.939 48.686 56.128 50.802 50.256 51.656 47.832 45.510 23.771 24.004 27.927 37.213 34.097 30.710 32.872 33.743 38.824 46.023 38.272 36.361 38.648 40.150 37.248 31.581 34.380 28.952 36.594 29.090 35.348 34.273 32.229 27.195 25.380 26.438 17.516 66.507 53.397 53.602 55.343 52.031 49.744 48.617 46.876 43.769 35.742 35.413 40.570 50.024 42.911 39.248 31.353 32.839 36.627 
m5c82r2.htb 4.649 -4.515 -0.683 33.465 35.165 31.226 125.248 123.663 113.861 117.277 128.911 127.327 132.079 127.228 130.198 36.084 33.582 27.252 37.413 26.346 41.595 34.722 31.884 31.180 120.891 99.010 95.149 86.980 77.970 81.733 75.198 73.861 76.931 45.279 36.996 30.773 41.908 22.940 42.273 37.929 34.456 26.176 146.832 130.248 114.109 113.465 122.624 109.505 112.673 103.960 114.109 36.873 36.860 34.164 30.039 29.440 32.829 29.659 31.597 30.252 
m5c83r2.htb -1.564 -0.949 -0.565 23.403 17.096 24.979 117.863 92.327 88.036 78.094 81.931 76.403 81.064 78.342 84.571 36.484 31.358 26.522 20.699 22.622 22.260 24.910 27.386 19.194 57.467 57.921 54.084 52.393 52.186 50.413 50.330 50.578 49.340 16.155 16.235 15.041 18.833 16.442 18.219 16.946 19.038 22.979 113.779 99.794 87.129 92.739 93.028 86.510 87.417 95.833 91.172 33.446 21.994 25.729 21.611 24.890 24.717 27.950 36.923 25.593 
m5c87r2.htb -0.027 -0.777 0.218 20.782 16.718 20.436 44.859 42.346 46.573 41.775 45.316 43.793 45.430 41.736 43.526 24.840 18.139 22.532 17.921 20.621 21.322 21.513 18.590 22.413 41.318 46.078 43.793 44.897 46.954 41.698 41.508 39.109 40.099 18.371 15.344 16.672 20.636 16.843 14.856 14.581 12.733 21.306 43.945 47.411 50.457 48.356 51.599 50.838 50.305 49.545 51.257 17.005 21.125 15.803 19.061 25.432 25.160 16.725 24.032 21.221 
m5c92r2.htb 0.561 0.316 0.707 37.113 43.332 56.335 40.594 34.653 33.805 38.190 38.991 38.897 36.256 37.954 43.612 36.029 36.516 28.511 36.228 44.786 39.180 36.860 39.347 43.003 51.721 52.664 48.609 48.562 53.937 49.929 49.505 44.554 35.361 44.095 43.496 43.653 38.219 44.606 41.549 48.632 34.580 28.643 73.032 68.458 65.724 62.942 60.679 75.860 62.801 62.093 69.873 58.278 56.290 49.850 57.027 54.087 69.765 50.948 45.076 50.602 
m5c95r2.htb -1.691 1.346 -0.686 37.357 24.793 28.923 109.534 100.183 96.076 82.215 87.092 86.212 85.625 84.818 80.968 45.092 37.802 39.949 30.983 36.036 39.777 40.042 42.623 44.241 40.264 37.404 34.690 40.667 40.007 39.897 41.804 44.958 55.776 24.101 27.254 22.406 24.112 25.879 27.382 24.189 28.915 38.546 76.568 65.603 56.949 53.685 55.592 52.329 54.199 54.309 60.469 32.957 28.587 27.315 29.920 26.074 32.209 29.098 31.202 32.447 
m5c100r2.htb 0.762 -0.188 2.393 30.734 23.057 30.446 96.167 98.614 99.340 101.518 92.442 103.993 101.914 105.908 108.911 30.511 30.382 28.429 34.729 24.280 37.720 28.515 30.683 33.943 112.640 79.604 81.155 85.743 84.455 88.020 79.076 87.558 94.059 29.954 18.772 21.035 28.529 28.251 18.103 19.370 24.449 23.163 126.667 108.746 109.076 114.389 120.231 120.297 118.086 120.099 141.815 40.967 25.558 26.301 29.750 29.096 35.833 31.250 27.126 29.909 
m5c103r2.htb -0.009 -0.416 6.208 10.706 13.302 22.072 77.228 74.527 74.797 79.748 79.298 79.478 74.887 82.178 90.819 12.424 15.580 10.685 9.583 11.719 8.472 13.070 9.681 14.779 56.166 55.806 57.786 55.176 56.706 61.634 52.475 53.465 61.881 13.798 12.241 15.997 11.496 15.586 9.193 14.238 12.516 8.257 79.388 96.452 74.527 71.557 80.828 78.398 102.145 81.278 95.140 8.317 67.622 10.404 8.045 12.072 7.300 72.541 13.514 15.149 
m5c107r2.htb -0.084 -0.775 0.277 15.244 22.987 26.960 38.985 41.361 31.757 32.129 35.322 28.564 33.119 30.569 33.342 22.565 23.212 14.268 15.924 20.146 13.480 12.401 19.111 17.391 62.129 69.604 72.525 75.470 68.589 71.386 70.693 72.995 71.089 22.693 23.437 23.711 19.104 26.421 25.317 20.382 27.025 27.452 58.738 66.040 66.634 74.926 67.723 67.748 71.609 68.515 76.460 23.751 24.381 23.357 37.607 24.501 22.963 26.372 23.349 25.663 
m5c108r3.htb 1.884 0.284 -1.265 23.088 11.865 15.842 88.696 84.331 89.281 82.921 90.529 90.883 94.719 94.266 87.294 38.165 15.767 23.083 20.924 24.994 17.401 29.038 28.415 24.318 25.454 27.292 31.296 27.228 26.733 32.845 29.909 26.690 20.921 7.389 9.287 12.994 11.045 10.818 11.068 13.399 11.247 9.371 47.697 59.282 54.414 59.571 54.703 51.743 52.002 51.313 37.830 12.629 10.677 14.034 17.816 17.586 12.186 17.590 14.247 15.622 
m5c109r2.htb -0.546 1.103 2.048 39.481 35.148 41.392 81.103 88.556 84.356 99.604 97.313 84.130 89.364 94.525 92.865 34.079 38.267 38.227 43.150 46.457 36.851 32.719 34.577 40.252 101.194 72.871 75.644 76.832 75.917 76.888 81.132 73.692 85.092 38.343 39.619 31.842 36.437 34.142 41.038 32.284 34.196 48.468 110.863 91.570 87.682 93.409 90.944 97.680 95.785 98.614 110.354 40.829 46.912 35.414 41.080 39.238 47.362 43.867 32.445 41.639 
m5c111r2.htb -0.554 1.317 2.713 18.821 22.501 23.997 39.307 32.178 30.495 34.901 34.109 31.436 29.455 30.297 31.139 26.135 12.681 14.744 19.444 27.670 18.829 13.418 16.478 17.099 31.386 32.376 37.970 35.842 38.861 36.634 44.158 42.624 44.653 24.612 20.549 23.981 18.139 21.582 17.839 30.962 24.665 20.887 34.307 44.901 40.000 43.119 45.000 44.604 52.822 50.248 53.465 10.058 23.024 11.926 21.107 23.650 23.482 39.817 24.751 23.862 
m5c118r2.htb -1.412 0.287 -0.784 44.441 15.601 24.149 101.853 78.345 82.308 99.441 88.431 81.112 84.412 80.630 71.574 31.052 25.366 25.606 115.576 30.816 21.085 29.121 25.116 19.858 43.285 38.309 32.470 32.496 35.314 33.029 33.638 34.222 40.036 14.940 18.412 10.861 14.710 20.719 16.476 15.242 13.893 19.351 85.377 83.371 80.858 85.956 77.380 81.518 79.157 75.095 61.464 25.801 22.720 19.252 23.382 27.846 28.621 21.645 21.672 17.857 
m5c125r2.htb -0.971 0.372 -0.497 24.474 15.594 35.601 39.934 32.233 33.875 31.155 29.791 29.043 30.077 29.637 28.273 27.846 21.350 24.028 29.276 21.605 23.731 23.731 24.866 21.183 13.773 13.707 15.314 17.184 15.886 16.546 17.492 19.538 27.107 14.703 16.030 13.973 15.759 13.938 15.927 18.376 17.934 28.856 21.242 15.644 16.062 31.309 18.240 19.692 19.384 20.946 29.417 20.576 16.094 16.026 100.936 19.993 20.275 20.773 21.844 33.595 
m5c128r2.htb 2.208 -2.462 -3.119 28.329 28.619 29.128 57.987 64.455 60.462 63.927 60.891 74.389 66.271 55.809 63.729 22.670 26.436 22.164 22.724 19.297 53.030 24.429 19.504 21.722 103.102 84.422 76.337 71.188 74.059 69.274 64.983 71.518 73.465 37.551 35.419 29.769 30.804 25.965 27.550 29.007 25.008 26.832 107.063 90.099 93.597 89.769 88.647 77.921 83.927 76.931 74.950 30.089 25.411 30.979 30.362 26.103 26.819 31.376 24.368 18.500 
m5c129r2.htb 2.076 -0.171 -0.141 163.561 22.085 17.624 50.495 45.455 44.464 94.749 43.204 121.152 41.644 41.404 38.434 17.131 18.902 15.047 305.200 22.266 458.230 17.061 18.289 17.175 36.184 37.774 45.905 45.305 43.744 44.434 45.485 50.795 64.295 20.141 21.715 23.107 21.645 19.728 23.873 22.070 24.230 28.252 48.035 51.095 40.654 38.854 38.304 39.304 39.724 42.934 45.425 20.640 47.101 20.323 17.775 14.705 18.220 17.095 19.190 16.929 
m5c135r2.htb -1.491 -0.637 -0.932 34.291 27.707 26.233 110.829 116.089 92.079 97.339 89.233 97.277 84.653 86.881 202.413 28.406 34.825 34.260 44.451 33.529 35.615 23.602 28.765 539.602 56.869 49.196 56.188 43.750 53.589 42.946 53.403 38.243 53.775 33.287 25.154 40.094 14.503 33.010 21.677 29.252 18.484 32.421 86.077 76.733 73.639 78.465 75.186 74.505 70.957 77.228 66.708 24.916 19.553 29.628 34.123 22.264 22.291 22.859 23.299 33.745 
m5c140r2.htb -1.350 -0.503 -0.090 34.430 27.500 33.111 60.276 59.166 61.912 57.642 56.946 56.766 55.600 60.156 60.276 34.067 38.177 36.089 36.108 30.955 36.071 32.929 34.613 35.968 38.884 36.334 35.284 35.734 34.592 35.674 32.797 35.734 32.395 30.352 27.597 26.233 29.224 28.570 28.350 25.121 29.963 21.632 61.686 55.356 48.824 53.775 55.386 52.506 49.010 51.640 64.146 43.353 36.149 31.196 35.526 33.330 35.569 29.935 31.485 37.734 
m5c152r2.htb -2.583 -0.486 0.478 66.462 51.713 61.305 119.156 129.057 117.047 110.331 107.792 110.934 103.831 107.576 105.941 63.054 86.066 70.927 69.262 68.670 60.587 62.862 62.077 58.551 75.161 72.191 69.178 69.092 66.121 68.360 67.111 66.939 69.565 57.850 53.797 60.026 50.005 46.151 48.712 53.672 47.627 57.332 129.789 118.984 105.166 108.050 103.659 114.120 104.520 108.050 100.430 78.082 63.201 57.047 67.400 62.144 60.777 59.159 61.265 55.518 
m5c154r2.htb 0.000 -0.728 -0.767 15.154 11.780 16.848 63.069 62.649 57.426 58.119 57.005 57.030 57.970 54.208 59.035 14.820 16.070 12.997 17.402 15.306 13.475 16.589 12.942 16.947 49.752 46.262 44.505 41.015 41.287 41.708 40.520 39.035 40.520 13.741 13.365 11.282 12.360 13.061 10.674 11.525 10.384 10.496 70.371 60.545 60.421 58.663 61.832 60.396 55.718 55.767 63.045 16.830 14.155 16.402 17.460 16.216 15.490 18.673 15.212 16.574 
m5c156r2.htb 0.016 -0.423 0.401 30.219 18.259 32.032 59.361 58.056 63.096 76.508 75.563 72.547 65.158 75.968 72.654 27.938 26.048 27.290 32.376 38.355 27.536 25.537 35.597 28.577 41.314 41.224 39.424 43.474 46.310 38.164 39.964 43.609 45.365 17.092 17.300 18.029 19.766 19.922 17.845 15.731 18.542 22.455 64.986 69.847 75.383 78.353 82.358 78.218 77.453 84.518 93.924 26.870 40.827 27.622 34.495 30.093 33.832 34.118 33.556 34.611 
m5c159r2.htb -2.114 0.520 -0.802 59.361 38.146 59.893 161.139 154.802 153.465 147.129 170.693 151.337 140.792 154.653 137.129 55.971 67.669 49.254 69.852 60.691 63.128 53.878 71.462 53.647 67.030 64.703 64.554 64.752 67.525 63.218 67.921 61.337 63.564 37.513 37.730 39.278 34.726 46.347 31.045 39.331 41.281 27.383 173.267 155.941 154.505 162.178 164.406 167.030 148.069 145.891 159.703 66.858 66.154 56.874 58.256 66.088 59.993 58.253 55.839 59.980 
m5c163r2.htb -1.301 -0.011 -0.753 51.402 32.778 51.306 136.421 98.550 104.349 107.496 95.403 100.990 101.096 108.487 123.479 42.686 42.482 39.075 48.569 54.902 56.807 57.656 51.770 56.285 78.731 66.054 57.850 57.956 58.840 59.760 56.895 55.941 50.354 35.571 32.079 30.964 31.624 32.985 35.094 33.222 31.591 31.899 116.089 95.014 98.161 99.045 88.614 102.122 92.857 96.535 119.554 42.795 44.461 47.476 53.007 48.050 54.713 53.285 51.102 59.128 
m5c166r2.htb 2.075 0.998 1.997 35.453 23.908 37.485 36.799 39.480 34.736 42.822 40.058 45.091 43.977 33.746 40.347 27.034 28.193 26.103 35.785 34.899 34.006 46.471 23.760 33.608 30.982 26.031 30.611 31.064 34.695 34.365 33.952 34.447 36.881 23.581 18.956 23.805 20.987 22.853 25.479 26.415 24.626 29.418 42.120 51.898 42.987 47.401 51.403 56.394 48.474 59.777 57.673 29.865 40.273 31.170 34.903 40.219 43.579 37.553 50.042 47.354 
m5c167r2.htb 0.096 -2.439 -1.284 15.055 31.585 28.748 35.691 37.673 39.840 41.238 40.594 40.688 40.594 39.085 42.624 13.613 15.953 18.759 11.769 16.017 12.958 15.770 14.698 15.551 103.317 107.685 94.814 101.792 103.112 88.911 89.059 104.338 83.564 24.166 31.700 33.403 35.946 35.296 26.432 26.848 53.610 22.684 125.837 123.527 115.891 112.494 115.700 113.515 108.960 108.020 128.289 34.827 27.593 29.070 26.090 29.271 38.192 21.119 23.399 27.456 
m5c170r2.htb -0.090 0.471 0.994 29.561 35.289 40.071 75.446 59.340 52.211 51.221 54.697 52.651 51.045 52.079 53.641 36.560 31.787 31.672 27.383 31.102 27.918 29.730 28.408 29.988 61.100 67.877 77.580 75.688 77.404 76.568 79.494 88.537 102.090 32.462 32.578 34.244 34.593 35.255 35.029 37.324 37.370 38.857 89.857 89.329 85.633 84.686 85.061 86.755 89.571 96.854 103.608 43.297 40.024 38.362 38.181 41.660 43.622 38.532 44.000 44.322 
m5c222r5.htb -1.728 -1.525 -6.995 48.793 55.674 64.486 112.673 99.505 99.158 97.030 97.426 97.178 90.446 92.624 94.406 61.627 52.625 44.097 44.262 50.421 53.772 51.414 38.840 48.883 140.842 122.673 115.941 109.851 110.446 104.010 111.238 91.535 74.554 60.725 65.573 58.994 51.543 56.774 53.594 57.463 43.846 40.616 192.574 179.703 177.475 161.485 156.584 157.376 144.554 140.842 138.020 73.661 79.328 79.437 60.555 60.960 59.998 61.479 57.699 62.750 
m14c1r2.htb -0.198 0.483 -1.782 10.587 10.691 11.213 14.480 7.921 17.946 15.470 12.500 14.728 17.327 14.975 11.386 9.653 15.965 19.431 14.233 11.606 9.511 14.652 6.693 10.179 10.323 11.089 12.303 8.418 6.710 10.877 9.511 8.630 9.530 15.099 12.252 17.698 13.738 15.347 15.842 21.411 16.337 19.926 13.119 14.480 14.975 6.899 10.581 12.297 7.929 10.471 9.059 13.699 15.402 8.680 11.454 7.461 11.939 11.898 12.624 10.644 16.955 15.594 14.728 15.347 8.168 13.614 9.035 15.470 10.520 11.881 14.851 9.101 10.726 11.636 12.307 10.471 13.912 7.737 13.344 6.404 11.750 7.668 8.401 10.398 
