FILE	         Coher	 repet	 Ve_P_u	 Vi_P_u	 co_P_u	 Ve_P_thr	 vi_P_th	 Co_P_thr	 Ve_N_u	 Vi_N_u	 co_N_u	 Ve_N_thr	 vi_N_th	 Co_N_thr	 Ves_CP	 Vis_CP	 Com_CP	 Ves_p	 Vis_p	 Com_p	 sign	 vesMax	 visMax	 coMax	
m2c66r2.htb 5.664 0.710 0.002 0.722 
m2c67r2.htb 21.803 0.453 0.262 0.485 
m2c70r2.htb 99.698 0.522 0.812 0.544 
m2c71r2.htb 11.641 0.606 0.120 0.592 
m2c72r2.htb 12.004 0.677 0.002 0.521 
m2c77r2.htb 34.515 0.499 0.966 0.510 
m2c78r2.htb 147.403 0.451 0.478 0.705 
m2c79r2.htb 45.374 0.541 0.380 0.585 
m2c81r2.htb 41.801 0.656 0.002 0.552 
m2c82r2.htb 34.938 0.396 0.056 0.460 
m2c84r2.htb 12.444 0.649 0.002 0.722 
m2c86r2.htb 22.943 0.526 0.592 0.621 
m2c91r2.htb 300.000 0.515 0.792 0.389 
m2c93r2.htb 16.060 0.489 0.784 0.484 
m2c94r2.htb 51.730 0.572 0.116 0.631 
m2c97r2.htb 23.255 0.547 0.284 0.511 
m2c98r2.htb 122.045 0.666 0.000 0.604 
m2c99r2.htb 17.747 0.596 0.014 0.868 
m2c100r2.htb 14.657 0.736 0.000 0.707 
m2c101r2.htb 300.000 0.510 0.872 0.302 
m2c103r2.htb 49.588 0.525 0.650 0.615 
m2c110r2.htb 28.597 0.534 0.428 0.635 
m2c116r2.htb 24.601 0.600 0.066 0.625 
m2c119r2.htb 105.395 0.468 0.464 0.424 
m2c121r2.htb 93.803 0.454 0.354 0.447 
m2c125r2.htb 48.649 0.509 0.908 0.525 
m2c126r2.htb 100.254 0.574 0.138 0.550 
m2c127r2.htb 16.015 0.559 0.490  NaN 
m2c128r2.htb 16.152 0.574 0.140 0.656 
m2c129r2.htb 29.652 0.564 0.246 0.581 
m2c130r2.htb 15.355 0.627 0.018 0.644 
m2c131r2.htb 22.957 0.628 0.008 0.664 
m2c134r2.htb 26.275 0.422 0.166 0.313 
m2c135r2.htb 12.012 0.456 0.436 0.556 
m2c137r2.htb 17.526 0.573 0.438 0.422 
m2c138r2.htb 71.452 0.417 0.118 0.245 
m2c139r2.htb 242.554 0.518 0.720 0.637 
m2c140r2.htb 4.876 0.706 0.000 0.898 
m2c141r2.htb 17.141 0.572 0.120 0.622 
m2c143r2.htb 35.810 0.573 0.140 0.643 
m2c144r2.htb 18.279 0.648 0.042 0.554 
m2c145r2.htb 20.947 0.509 0.948 0.601 
m2c148r2.htb 44.169 0.487 0.840 0.618 
m2c149r2.htb 19.492 0.623 0.014 0.719 
m2c150r2.htb 300.000 0.573 0.294 0.693 
m2c151r2.htb 14.531 0.620 0.112 0.774 
m2c152r2.htb 65.421 0.494 0.852 0.580 
m2c155r2.htb 20.275 0.492 0.906 0.568 
m2c157r2.htb 5.515 0.540 0.404 0.632 
m2c158r2.htb 6.349 0.609 0.006 0.590 
m2c159r2.htb 12.795 0.462 0.384 0.444 
m2c160r2.htb 7.944 0.702 0.002 0.605 
m2c161r2.htb 22.984 0.658 0.000 0.690 
m2c162r2.htb 21.403 0.571 0.114 0.577 
m2c163r2.htb 80.263 0.541 0.296 0.586 
m2c168r3.htb 152.414 0.462 0.624 0.462 
m2c170r2.htb 55.670 0.588 0.272 0.606 
m2c172r2.htb 13.897 0.595 0.132 0.597 
m2c174r2.htb 8.765 0.631 0.038 0.516 
m2c175r2.htb 300.000 0.442 0.538 0.475 
m2c176r2.htb 102.558 0.553 0.422 0.537 
m2c177r2.htb 300.000 0.483 0.784 0.513 
m2c178r2.htb 210.970 0.640 0.008 0.739 
m2c179r2.htb 12.177 0.621 0.042 0.515 
m2c180r2.htb 101.597 0.457 0.488 0.518 
m2c181r2.htb 6.594 0.572 0.072 0.595 
m2c182r2.htb 15.754 0.606 0.002 0.603 
m2c183r2.htb 22.299 0.543 0.498 0.574 
m2c184r2.htb 7.011 0.618 0.006 0.530 
m2c185r2.htb 5.970 0.768 0.000 0.880 
m2c186r2.htb 96.043 0.461 0.484 0.500 
m2c187r2.htb 170.230 0.519 0.724 0.494 
m2c189r2.htb 162.288 0.499 0.964 0.654 
m2c190r2.htb 50.015 0.471 0.522 0.462 
m2c191r2.htb 46.387 0.491 0.856 0.515 
m2c193r2.htb 300.000 0.467 0.352 0.551 
m2c195r2.htb 93.418 0.531 0.606 0.525 
m2c196r3.htb 6.890 0.617 0.012 0.647 
m2c197r2.htb 15.637 0.557 0.188 0.484 
m2c197r2.htb 15.637 0.557 0.178 0.484 
m2c199r2.htb 23.531 0.542 0.470 0.524 
m2c200r2.htb 11.730 0.552 0.366 0.576 
m2c202r2.htb 95.325 0.487 0.814 0.459 
m2c214r2.htb 19.843 0.465 0.578 0.412 
m2c220r2.htb 243.949 0.587 0.178 0.585 
m2c221r2.htb 22.336 0.576 0.132 0.525 
m2c223r2.htb 69.272 0.562 0.210 0.636 
m2c226r2.htb 7.787 0.613 0.024 0.615 
m2c231r2.htb 71.739 0.589 0.120 0.615 
m2c233r2.htb 79.875 0.547 0.502 0.594 
m2c236r2.htb 28.755 0.574 0.124 0.527 
m2c237r2.htb 49.867 0.515 0.764 0.512 
m2c240r2.htb 261.400 0.462 0.424 0.427 
m2c241r2.htb 103.584 0.549 0.460 0.482 
m2c242r2.htb 9.237 0.579 0.256 0.722 
m2c244r2.htb 33.822 0.710 0.000 0.597 
m2c247r2.htb 76.003 0.509 0.934 0.354 
m2c252r2.htb 103.350 0.568 0.176 0.516 
m2c254r2.htb 14.681 0.555 0.224 0.511 
m2c258r2.htb 107.041 0.545 0.340 0.643 
m2c260r2.htb 106.806 0.427 0.126 0.493 
m2c262r2.htb 156.450 0.462 0.312 0.347 
m2c364r2.htb 41.052 0.482 0.698 0.502 
m2c365r2.htb 60.989 0.479 0.652 0.478 
m2c368r2.htb 97.176 0.480 0.704 0.519 
m2c369r2.htb 65.542 0.593 0.090 0.501 
m2c370r2.htb 25.362 0.551 0.484 0.893 
m2c372r2.htb 107.428 0.582 0.078 0.549 
m2c374r2.htb 16.287 0.649 0.000 0.801 
m2c376r2.htb 300.000 0.450 0.376 0.478 
m2c378r2.htb 94.001 0.562 0.132 0.533 
m2c382r2.htb 300.000 0.528 0.596 0.466 
m2c384r2.htb 76.749 0.468 0.468 0.450 
m2c392r2.htb 13.067 0.580 0.162 0.614 
m2c403r2.htb 22.493 0.567 0.146 0.539 
m2c409r2.htb 98.054 0.505 0.944 0.389 
m2c417r2.htb 42.093 0.556 0.378 0.368 
m2c423r2.htb 58.408 0.497 0.970 0.607 
m2c427r2.htb 48.769 0.587 0.046 0.595 
m2c429r2.htb 23.030 0.621 0.030 0.750 
m2c432r2.htb 113.495 0.265 0.000 0.228 
m2c436r2.htb 11.673 0.610 0.006 0.714 
m2c441r2.htb 6.943 0.711 0.000 0.730 
m2c443r2.htb 238.419 0.547 0.280 0.639 
m2c445r2.htb 37.649 0.610 0.064 0.741 
m2c450r2.htb 169.168 0.579 0.310 0.509 
m5c4r2.htb 52.370 0.470 0.512 0.403 
m5c6r2.htb 235.626 0.411 0.052 0.423 
m5c7r2.htb 60.968 0.555 0.232 0.533 
m5c8r2.htb 17.409 0.502 0.958 0.705 
m5c13r2.htb 47.117 0.582 0.062 0.667 
m5c14r2.htb 81.959 0.468 0.462 0.468 
m5c15r2.htb 21.111 0.505 0.924 0.465 
m5c25r2.htb 73.186 0.521 0.552 0.387 
m5c29r2.htb 189.283 0.543 0.242 0.497 
m5c30r2.htb 109.678 0.525 0.824 0.546 
m5c35r2.htb 42.262 0.572 0.122 0.647 
m5c37r2.htb 65.028 0.731 0.000 0.906 
m5c38r2.htb 244.321 0.622 0.008 0.747 
m5c40r2.htb 300.000 0.522 0.600 0.619 
m5c42r2.htb 32.658 0.414 0.380  NaN 
m5c46r2.htb 300.000 0.477 0.502 0.426 
m5c49r2.htb 291.397 0.425 0.092 0.463 
m5c54r2.htb 224.429 0.536 0.400 0.546 
m5c60r2.htb 26.534 0.601 0.032 0.477 
m5c63r2.htb 29.600 0.483 0.814 0.127 
m5c66r2.htb 24.164 0.571 0.122 0.570 
m5c67r2.htb 60.658 0.640 0.014 0.615 
m5c69r2.htb 25.056 0.572 0.116 0.431 
m5c70r2.htb 34.945 0.603 0.004 0.546 
m5c71r2.htb 33.255 0.560 0.124 0.679 
m5c74r2.htb 28.100 0.457 0.376 0.417 
m5c75r2.htb 17.277 0.523 0.754 0.457 
m5c79r2.htb 283.287 0.529 0.602 0.517 
m5c81r2.htb 216.675 0.423 0.116 0.407 
m5c82r2.htb 94.059 0.559 0.464 0.647 
m5c83r2.htb 168.948 0.633 0.022 0.550 
m5c87r2.htb 44.498 0.571 0.300  NaN 
m5c92r2.htb 136.138 0.617 0.058 0.855 
m5c94r2.htb 74.678 0.518 0.800 0.478 
m5c95r2.htb 122.633 0.402 0.092 0.356 
m5c100r2.htb 61.799 0.472 0.618 0.583 
m5c103r2.htb 14.086 0.564 0.634 0.661 
m5c107r2.htb 145.330 0.490 0.774 0.547 
m5c108r3.htb 120.377 0.557 0.290 0.621 
m5c109r2.htb 49.818 0.438 0.212 0.308 
