FILE	         Ve_N_thr	 ves_CP	 ves_p	
m14c113r1.htb 16.954 33.751 34.041 45.366 41.721 39.599 62.677 116.281 103.060 300.000 300.000 0.541 0.545 0.573 0.571 0.578 0.585 0.580 0.575 0.575 0.432 0.563 
m14c114r1.htb 111.154 104.257 55.210 59.384 61.248 59.384 49.935 55.210 46.943 55.210 55.210 0.516 0.528 0.519 0.509 0.509 0.516 0.515 0.516 0.506 0.517 0.524 
m14c115r1.htb 18.160 15.965 15.584 15.965 15.965 18.563 18.563 15.965 15.965 15.034 15.034 0.618 0.620 0.620 0.624 0.626 0.631 0.635 0.635 0.641 0.648 0.653 
m14c119r1.htb 96.117 81.030 49.823 67.662 81.030 81.030 81.030 81.030 84.997 71.310 71.310 0.453 0.458 0.454 0.460 0.470 0.467 0.464 0.467 0.463 0.460 0.454 
m14c122r1.htb 300.000 300.000 130.007 120.416 157.614 92.537 81.031 81.031 78.296 51.451 73.215 0.510 0.511 0.487 0.499 0.498 0.500 0.495 0.494 0.498 0.495 0.485 
m14c124r2.htb 42.580 66.240 67.967 100.929 300.000 300.000 215.283 215.283 195.185 167.692 300.000 0.569 0.573 0.565 0.565 0.560 0.555 0.554 0.549 0.542 0.543 0.542 
m14c125r1.htb 27.792 27.792 27.945 35.467 45.237 47.908 300.000 70.917 48.996 300.000 41.075 0.494 0.500 0.504 0.504 0.502 0.502 0.509 0.489 0.479 0.518 0.499 
m14c126r1.htb 16.713 15.775 17.274 20.927 25.090 24.604 24.604 24.604 34.328 30.893 26.774 0.489 0.495 0.500 0.498 0.488 0.480 0.466 0.455 0.448 0.448 0.452 
m14c133r2.htb 18.807 18.750 18.655 19.721 20.224 21.179 24.521 25.577 25.867 23.406 24.477 0.598 0.594 0.610 0.599 0.592 0.596 0.594 0.599 0.604 0.598 0.593 
m14c134r2.htb 11.362 11.315 11.315 10.875 10.519 9.413 10.474 10.050 10.861 10.039 10.039 0.486 0.480 0.484 0.488 0.496 0.494 0.505 0.523 0.530 0.540 0.531 
m14c135r2.htb 3.729 3.729 3.729 4.288 4.288 3.729 3.729 7.598 7.598 8.417 7.598  NaN  NaN  NaN  NaN  NaN  NaN  NaN  NaN  NaN  NaN  NaN 
m14c136r2.htb 5.322 6.323 7.095 7.905 8.654 9.549 10.609 11.159 12.334 11.976 11.070 0.284 0.274 0.264 0.252 0.256 0.265 0.272 0.274 0.288 0.302 0.306 
m14c140r2.htb 205.130 230.917 148.543 205.152 259.032 188.682 108.131 100.867 100.240 133.520 133.520 0.441 0.447 0.451 0.454 0.455 0.462 0.473 0.474 0.472 0.465 0.463 
m14c142r2.htb 10.610 8.588 8.148 8.506 8.506 8.506 8.506 8.506 8.506 8.621 9.450 0.673 0.679 0.666 0.672 0.679 0.679 0.676 0.672 0.673 0.665 0.667 
m14c143r3.htb 11.269 11.058 10.441 10.472 10.495 10.906 11.605 11.578 11.816 11.773 11.999 0.522 0.546 0.557 0.555 0.557 0.568 0.565 0.557 0.557 0.558 0.560 
m14c144r2.htb 24.384 26.238 30.588 32.968 34.939 39.809 43.668 47.141 54.933 60.118 54.615 0.361 0.358 0.358 0.358 0.357 0.360 0.360 0.360 0.358 0.360 0.360 
m14c145r2.htb 22.547 29.212 38.357 38.938 40.456 40.456 40.456 40.456 40.456 38.938 38.938 0.366 0.361 0.359 0.369 0.371 0.374 0.372 0.374 0.374 0.375 0.377 
m14c147r2.htb 9.361 10.263 10.078 10.846 11.494 11.837 13.660 14.380 16.033 17.655 18.265 0.458 0.458 0.447 0.448 0.450 0.442 0.444 0.433 0.429 0.423 0.420 
m14c152r2.htb 7.926 8.994 9.466 10.429 11.274 11.603 13.065 12.327 12.165 13.787 13.280 0.497 0.492 0.487 0.496 0.495 0.493 0.496 0.498 0.500 0.501 0.501 
m14c153r2.htb 8.418 8.460 10.269 11.338 11.190 11.537 12.008 13.407 15.101 14.211 14.080 0.480 0.482 0.485 0.473 0.454 0.452 0.443 0.438 0.434 0.432 0.431 
m14c156r2.htb 31.336 34.756 84.997 300.000 64.233 300.000 100.867 60.347 135.289 300.000 91.754 0.464 0.464 0.446 0.456 0.447 0.471 0.473 0.485 0.487 0.456 0.543 
m14c165r2.htb 33.452 33.452 39.238 34.521 28.184 27.972 25.170 25.170 25.313 22.484 20.050 0.484 0.486 0.486 0.488 0.494 0.490 0.488 0.494 0.497 0.497 0.501 
m14c171r2.htb 165.634 70.746 62.805 196.486 300.000 300.000 300.000 300.000 82.405 300.000 135.289 0.472 0.481 0.480 0.498 0.518 0.509 0.473 0.457 0.469 0.476 0.471 
m14c172r2.htb 42.390 33.951 34.160 41.989 41.989 40.110 49.327 41.989 42.714 46.328 48.321 0.510 0.505 0.521 0.533 0.528 0.523 0.516 0.516 0.507 0.508 0.513 
m14c174r2.htb 4.625 4.605 4.367 4.901 5.257 5.223 6.111 6.708 7.520 7.910 7.608 0.578 0.614 0.626 0.606 0.593 0.606 0.611 0.606 0.603 0.614 0.623 
m14c176r2.htb 14.110 14.487 14.381 14.352 15.699 15.569 15.402 16.281 16.281 16.267 17.515 0.450 0.451 0.457 0.454 0.461 0.464 0.466 0.468 0.471 0.481 0.481 
m14c179r3.htb 10.217 8.856 9.608 7.999 7.075 5.164 5.592 5.327 7.344 6.531 5.327 0.613 0.586 0.548 0.613 0.568 0.541 0.559 0.552 0.566 0.611 0.579 
m14c180r2.htb 4.839 4.806 4.656 4.373 4.353 4.209 4.050 4.181 4.027 4.050 3.985 0.311 0.315 0.323 0.325 0.337 0.347 0.349 0.344 0.346 0.348 0.346 
m14c184r2.htb 20.230 17.750 17.578 23.996 23.640 17.053 22.305 27.951 21.590 22.900 22.679 0.535 0.540 0.543 0.546 0.553 0.541 0.535 0.533 0.534 0.542 0.553 
m14c187r3.htb 56.926 101.257 112.904 35.708 38.925 25.420 23.723 22.219 22.519 21.827 19.121 0.425 0.598 0.602 0.613 0.625 0.625 0.615 0.608 0.607 0.600 0.576 
