FILE	          coherence	  1_bias	 2_bias	 3_bias	 1_thresh	 2_thresh	 3_thresh	
m1c534r54.htb -32.000 -16.000 -8.000 -4.000 -2.000 -1.000 -0.500 0.500 1.000 2.000 4.000 16.000 32.000 0.000 0.000 0.000 0.000 0.313 0.371 0.385 0.677 0.667 0.921 0.963 1.000 1.000 1.000 3.000 2.000 22.000 64.000 35.000 13.000 31.000 39.000 63.000 27.000 3.000 1.000 
m1c534r57.htb -32.000 -8.000 -4.000 -2.000 -1.000 -0.500 0.500 1.000 2.000 4.000 8.000 16.000 32.000 0.000 0.000 0.000 0.169 0.253 0.290 0.603 0.738 0.889 0.964 1.000 1.000 1.000 1.000 3.000 30.000 71.000 87.000 69.000 68.000 80.000 63.000 28.000 6.000 1.000 1.000 
m1c534r59.htb -16.000 -8.000 -4.000 -2.000 -1.000 -0.500 0.500 1.000 2.000 4.000 8.000 32.000 0.000 0.000 0.000 0.122 0.296 0.316 0.525 0.735 0.813 0.952 1.000 1.000 1.000 1.000 21.000 49.000 71.000 76.000 61.000 83.000 48.000 21.000 2.000 1.000 
m1c534r62.htb -32.000 -4.000 -2.000 -1.000 -0.500 0.500 1.000 2.000 4.000 8.000 16.000 0.000 0.000 0.104 0.371 0.491 0.600 0.699 0.985 1.000 1.000 1.000 2.000 16.000 77.000 97.000 57.000 45.000 93.000 66.000 11.000 3.000 3.000 
m1c534r69.htb -32.000 -16.000 -8.000 -4.000 -2.000 -1.000 -0.500 0.500 1.000 2.000 4.000 8.000 16.000 0.000 0.000 0.000 0.042 0.154 0.297 0.419 0.704 0.788 0.892 1.000 0.750 1.000 1.000 1.000 6.000 24.000 65.000 101.000 86.000 81.000 85.000 74.000 30.000 4.000 2.000 
m1c534r71.htb -32.000 -16.000 -8.000 -4.000 -2.000 -1.000 -0.500 0.500 1.000 2.000 4.000 8.000 16.000 32.000 0.000 0.000 0.000 0.000 0.091 0.380 0.309 0.551 0.742 0.905 0.952 1.000 1.000 1.000 1.000 1.000 2.000 24.000 66.000 71.000 55.000 49.000 66.000 63.000 21.000 2.000 1.000 2.000 
m1c534r75.htb -32.000 -16.000 -8.000 -4.000 -2.000 -1.000 -0.500 0.500 1.000 2.000 4.000 8.000 16.000 32.000 0.143 0.200 0.000 0.154 0.053 0.179 0.367 0.348 0.372 0.643 0.762 0.889 1.000 1.000 7.000 5.000 7.000 13.000 19.000 39.000 30.000 23.000 43.000 42.000 21.000 9.000 4.000 7.000 
m1c534r79.htb -32.000 -16.000 -8.000 -4.000 -2.000 -1.000 -0.500 0.500 1.000 2.000 4.000 8.000 32.000 0.000 0.000 0.000 0.000 0.113 0.282 0.541 0.672 0.676 0.903 1.000 1.000 1.000 7.000 2.000 3.000 19.000 71.000 85.000 85.000 58.000 108.000 62.000 16.000 3.000 6.000 
m1c534r82.htb -32.000 -16.000 -8.000 -4.000 -2.000 -1.000 -0.500 0.500 1.000 2.000 4.000 8.000 0.000 0.000 0.000 0.000 0.189 0.266 0.372 0.522 0.719 0.788 1.000 1.000 2.000 2.000 7.000 45.000 95.000 94.000 94.000 92.000 96.000 85.000 41.000 4.000 
m1c534r84.htb -32.000 -16.000 -8.000 -4.000 -2.000 -1.000 -0.500 0.500 1.000 2.000 4.000 8.000 0.000 0.000 0.000 0.000 0.102 0.244 0.300 0.544 0.556 0.797 0.875 1.000 1.000 1.000 3.000 18.000 59.000 82.000 90.000 68.000 90.000 69.000 24.000 7.000 
m1c534r87.htb -32.000 -8.000 -4.000 -2.000 -1.000 -0.500 0.500 1.000 2.000 4.000 8.000 16.000 0.400 0.000 0.088 0.241 0.366 0.532 0.632 0.723 0.818 0.963 1.000 1.000 5.000 9.000 34.000 54.000 82.000 47.000 38.000 65.000 55.000 27.000 1.000 3.000 
m1c534r90.htb -32.000 -16.000 -8.000 -4.000 -2.000 -1.000 -0.500 0.500 1.000 2.000 4.000 32.000 0.333 0.000 0.000 0.400 0.106 0.391 0.500 0.690 0.740 0.889 1.000 1.000 3.000 1.000 2.000 5.000 47.000 69.000 74.000 71.000 50.000 54.000 4.000 1.000 
m1c534r92.htb -32.000 -16.000 -8.000 -4.000 -2.000 -1.000 -0.500 0.500 1.000 2.000 4.000 8.000 16.000 0.000 0.000 0.000 0.000 0.093 0.261 0.436 0.667 0.860 0.921 1.000 1.000 1.000 2.000 2.000 2.000 3.000 43.000 92.000 101.000 111.000 100.000 38.000 4.000 2.000 2.000 
m1c534r95.htb -32.000 -16.000 -8.000 -4.000 -2.000 -1.000 -0.500 0.500 1.000 2.000 4.000 8.000 16.000 32.000 0.200 0.600 0.056 0.105 0.333 0.340 0.311 0.556 0.581 0.594 0.867 1.000 1.000 1.000 5.000 5.000 18.000 57.000 54.000 53.000 45.000 45.000 62.000 69.000 60.000 17.000 2.000 3.000 
m1c534r98.htb -32.000 -16.000 -8.000 -4.000 -2.000 -1.000 -0.500 0.500 1.000 2.000 4.000 8.000 16.000 0.714 0.400 0.100 0.182 0.340 0.356 0.462 0.639 0.636 0.791 0.783 0.923 1.000 7.000 5.000 10.000 33.000 53.000 45.000 39.000 36.000 55.000 43.000 23.000 13.000 2.000 
m1c534r100.htb -16.000 -8.000 -4.000 -2.000 -1.000 -0.500 0.500 1.000 2.000 4.000 8.000 32.000 0.000 0.000 0.115 0.282 0.329 0.436 0.528 0.667 0.695 0.917 1.000 0.600 1.000 8.000 52.000 71.000 79.000 55.000 53.000 81.000 82.000 60.000 3.000 5.000 
m1c534r103.htb -16.000 -8.000 -4.000 -2.000 -1.000 -0.500 0.500 1.000 2.000 4.000 8.000 32.000 0.000 0.000 0.000 0.081 0.281 0.349 0.648 0.630 0.722 0.918 1.000 0.500 1.000 6.000 48.000 74.000 96.000 86.000 91.000 81.000 97.000 49.000 10.000 4.000 
m1c534r105.htb -32.000 -16.000 -8.000 -4.000 -2.000 -1.000 -0.500 0.500 1.000 2.000 4.000 8.000 32.000 0.167 0.000 0.000 0.091 0.167 0.356 0.511 0.716 0.769 0.963 1.000 1.000 1.000 6.000 2.000 4.000 11.000 66.000 101.000 92.000 88.000 108.000 54.000 11.000 2.000 6.000 
m1c534r107.htb -32.000 -16.000 -8.000 -4.000 -2.000 -1.000 -0.500 0.500 1.000 2.000 4.000 8.000 16.000 32.000 0.200 0.000 0.000 0.045 0.179 0.321 0.421 0.651 0.779 0.852 0.960 0.600 1.000 0.800 5.000 1.000 1.000 22.000 56.000 53.000 57.000 83.000 68.000 54.000 25.000 5.000 1.000 5.000 
m1c534r110.htb -32.000 -16.000 -8.000 -4.000 -2.000 -1.000 -0.500 0.500 1.000 2.000 4.000 8.000 16.000 0.333 0.000 0.000 0.000 0.115 0.186 0.357 0.565 0.689 0.754 0.920 1.000 1.000 3.000 3.000 6.000 11.000 52.000 102.000 112.000 108.000 106.000 57.000 25.000 6.000 1.000 
m1c534r113.htb -32.000 -16.000 -8.000 -4.000 -2.000 -1.000 -0.500 0.500 1.000 2.000 4.000 8.000 16.000 32.000 0.000 0.000 0.077 0.105 0.130 0.299 0.280 0.546 0.722 0.744 0.897 1.000 1.000 1.000 1.000 3.000 13.000 38.000 77.000 107.000 82.000 97.000 115.000 78.000 39.000 10.000 6.000 1.000 
m1c534r115.htb -32.000 -8.000 -4.000 -2.000 -1.000 -0.500 0.500 1.000 2.000 4.000 8.000 16.000 0.000 0.000 0.032 0.195 0.265 0.250 0.549 0.570 0.803 0.833 1.000 1.000 2.000 6.000 31.000 77.000 83.000 68.000 71.000 79.000 66.000 24.000 8.000 1.000 
m3c370r68.htb -32.000 -16.000 -8.000 -4.000 -2.000 -1.000 -0.500 0.500 1.000 2.000 4.000 8.000 16.000 0.000 0.000 0.000 0.022 0.219 0.350 0.500 0.250 0.500 0.491 0.776 0.789 1.000 3.000 4.000 21.000 46.000 32.000 20.000 10.000 12.000 28.000 53.000 49.000 19.000 8.000 
m3c370r70.htb -32.000 -16.000 -8.000 -4.000 -2.000 -1.000 -0.500 0.500 1.000 2.000 4.000 8.000 16.000 32.000 0.000 0.000 0.000 0.000 0.128 0.163 0.238 0.371 0.366 0.409 0.765 1.000 1.000 1.000 1.000 2.000 5.000 23.000 39.000 49.000 21.000 35.000 41.000 44.000 34.000 5.000 2.000 1.000 
m3c370r74.htb -32.000 -16.000 -8.000 -4.000 -2.000 -1.000 -0.500 0.500 1.000 2.000 4.000 8.000 0.000 0.000 0.100 0.114 0.269 0.308 0.422 0.628 0.512 0.710 0.855 1.000 2.000 1.000 10.000 35.000 67.000 52.000 45.000 43.000 41.000 62.000 55.000 7.000 
m3c370r77.htb -16.000 -8.000 -4.000 -2.000 -1.000 -0.500 0.500 1.000 2.000 4.000 8.000 16.000 32.000 0.000 0.000 0.029 0.191 0.246 0.298 0.638 0.537 0.686 0.935 1.000 1.000 1.000 2.000 5.000 35.000 47.000 61.000 47.000 58.000 54.000 51.000 31.000 5.000 3.000 1.000 
m3c370r80.htb -32.000 -16.000 -8.000 -4.000 -2.000 -1.000 -0.500 0.500 1.000 2.000 4.000 8.000 16.000 0.000 0.000 0.000 0.056 0.250 0.308 0.258 0.635 0.574 0.750 0.923 1.000 1.000 1.000 2.000 6.000 18.000 28.000 52.000 62.000 52.000 47.000 48.000 26.000 3.000 5.000 
m3c370r84.htb -32.000 -16.000 -8.000 -4.000 -2.000 -1.000 -0.500 0.500 1.000 2.000 4.000 8.000 0.000 0.000 0.000 0.000 0.233 0.170 0.302 0.368 0.548 0.767 1.000 1.000 2.000 1.000 1.000 15.000 43.000 53.000 43.000 38.000 42.000 30.000 14.000 1.000 
m3c370r86.htb -32.000 -16.000 -8.000 -4.000 -2.000 -1.000 -0.500 0.500 1.000 2.000 4.000 8.000 32.000 0.000 0.000 0.000 0.000 0.047 0.221 0.390 0.623 0.554 0.703 0.850 1.000 1.000 5.000 1.000 4.000 15.000 43.000 68.000 41.000 53.000 56.000 37.000 20.000 4.000 3.000 
m3c370r89.htb -32.000 -16.000 -8.000 -4.000 -2.000 -1.000 -0.500 0.500 1.000 2.000 4.000 8.000 16.000 0.000 0.000 0.000 0.000 0.045 0.180 0.343 0.644 0.661 0.652 0.955 1.000 1.000 1.000 1.000 3.000 13.000 44.000 50.000 67.000 45.000 62.000 46.000 22.000 3.000 3.000 
m3c370r92.htb -32.000 -16.000 -8.000 -4.000 -2.000 -1.000 -0.500 0.500 1.000 2.000 4.000 8.000 16.000 32.000 0.000 0.000 0.000 0.048 0.139 0.318 0.394 0.684 0.746 0.960 1.000 1.000 1.000 1.000 1.000 2.000 2.000 21.000 36.000 66.000 66.000 57.000 59.000 25.000 11.000 1.000 2.000 2.000 
m3c370r95.htb -32.000 -16.000 -8.000 -4.000 -2.000 -1.000 -0.500 0.500 1.000 2.000 4.000 16.000 32.000 0.000 0.000 0.000 0.000 0.150 0.340 0.229 0.524 0.702 0.795 0.929 1.000 1.000 4.000 2.000 3.000 21.000 40.000 53.000 48.000 63.000 57.000 39.000 14.000 1.000 5.000 
m3c370r98.htb -32.000 -16.000 -8.000 -4.000 -2.000 -1.000 -0.500 0.500 1.000 2.000 4.000 8.000 32.000 0.000 0.000 0.000 0.000 0.083 0.250 0.385 0.660 0.776 0.867 1.000 1.000 1.000 1.000 1.000 1.000 6.000 24.000 56.000 78.000 97.000 58.000 30.000 6.000 1.000 1.000 
m3c370r101.htb -32.000 -16.000 -8.000 -4.000 -2.000 -1.000 -0.500 0.500 1.000 2.000 4.000 8.000 16.000 32.000 0.000 0.000 0.000 0.200 0.161 0.333 0.343 0.605 0.764 0.912 1.000 1.000 1.000 1.000 2.000 1.000 5.000 5.000 31.000 54.000 70.000 86.000 72.000 34.000 3.000 4.000 3.000 1.000 
m3c370r104.htb -32.000 -8.000 -4.000 -2.000 -1.000 -0.500 0.500 1.000 2.000 4.000 8.000 16.000 32.000 0.000 0.000 0.000 0.143 0.328 0.400 0.628 0.754 0.878 0.944 1.000 1.000 1.000 1.000 4.000 18.000 49.000 64.000 55.000 43.000 69.000 49.000 18.000 4.000 1.000 1.000 
m3c370r107.htb -32.000 -16.000 -8.000 -4.000 -2.000 -1.000 -0.500 0.500 1.000 2.000 4.000 8.000 16.000 32.000 0.000 0.000 0.000 0.231 0.447 0.541 0.429 0.591 0.667 0.927 1.000 1.000 1.000 1.000 1.000 3.000 8.000 52.000 38.000 37.000 28.000 22.000 36.000 41.000 31.000 6.000 1.000 1.000 
m3c370r110.htb -16.000 -8.000 -4.000 -2.000 -1.000 -0.500 0.500 1.000 2.000 4.000 8.000 16.000 32.000 0.000 0.000 0.059 0.261 0.342 0.158 0.381 0.545 0.722 0.917 1.000 1.000 1.000 4.000 2.000 17.000 69.000 38.000 19.000 21.000 44.000 54.000 24.000 3.000 4.000 1.000 
m3c370r113.htb -32.000 -16.000 -8.000 -4.000 -2.000 -1.000 -0.500 0.500 1.000 2.000 4.000 8.000 32.000 0.000 0.000 0.000 0.053 0.184 0.372 0.533 0.571 0.673 0.632 0.926 1.000 1.000 3.000 1.000 3.000 19.000 49.000 43.000 30.000 28.000 55.000 38.000 27.000 3.000 1.000 
m3c370r116.htb -32.000 -16.000 -8.000 -4.000 -2.000 -1.000 -0.500 0.500 1.000 2.000 4.000 8.000 16.000 32.000 0.000 0.000 0.000 0.000 0.067 0.200 0.304 0.575 0.486 0.690 0.963 1.000 1.000 0.667 1.000 2.000 6.000 17.000 30.000 45.000 46.000 40.000 37.000 42.000 27.000 2.000 2.000 3.000 
m3c370r119.htb -32.000 -8.000 -4.000 -2.000 -1.000 -0.500 0.500 1.000 2.000 4.000 8.000 16.000 32.000 0.000 0.000 0.065 0.135 0.162 0.262 0.538 0.463 0.596 0.905 1.000 1.000 1.000 2.000 11.000 31.000 52.000 37.000 42.000 26.000 41.000 57.000 42.000 7.000 1.000 1.000 
m3c370r122.htb -32.000 -8.000 -4.000 -2.000 -1.000 -0.500 0.500 1.000 2.000 4.000 8.000 16.000 32.000 0.167 0.000 0.146 0.186 0.400 0.263 0.556 0.500 0.729 0.861 1.000 1.000 1.000 6.000 10.000 41.000 43.000 35.000 19.000 18.000 34.000 48.000 36.000 6.000 1.000 3.000 
m3c370r126.htb -32.000 -16.000 -8.000 -4.000 -2.000 -1.000 -0.500 0.500 1.000 2.000 4.000 8.000 16.000 0.000 0.000 0.231 0.120 0.386 0.259 0.471 0.560 0.740 0.756 0.786 0.917 1.000 3.000 3.000 13.000 25.000 44.000 54.000 51.000 50.000 50.000 41.000 28.000 12.000 3.000 
m3c370r129.htb -32.000 -16.000 -8.000 -4.000 -2.000 -1.000 -0.500 0.500 1.000 2.000 4.000 8.000 32.000 0.000 0.000 0.000 0.000 0.065 0.182 0.176 0.318 0.500 0.679 0.882 1.000 1.000 1.000 1.000 14.000 12.000 31.000 33.000 17.000 22.000 28.000 28.000 17.000 16.000 1.000 
m3c370r133.htb -32.000 -16.000 -8.000 -4.000 -2.000 -1.000 -0.500 0.500 1.000 2.000 4.000 8.000 16.000 32.000 0.000 0.000 0.125 0.114 0.280 0.350 0.444 0.447 0.581 0.685 0.966 0.833 1.000 1.000 2.000 14.000 16.000 35.000 50.000 40.000 36.000 38.000 43.000 54.000 29.000 12.000 15.000 1.000 
m3c370r136.htb -32.000 -8.000 -4.000 -2.000 -1.000 -0.500 0.500 1.000 2.000 4.000 8.000 16.000 0.000 0.000 0.136 0.235 0.362 0.381 0.389 0.600 0.706 0.912 1.000 1.000 1.000 12.000 22.000 51.000 47.000 21.000 18.000 40.000 51.000 34.000 9.000 1.000 
