FILE 10_bias 20_bias 30_bias 10_thresh 20_thresh 30_thresh 11_bias 21_bias 31_bias 11_thresh 21_thresh 31_thresh 1_shift_p 2_shift_p 3_shift_p 1_slope_p 2_slope_p 3_slope_p	
m5c293r2.htb 1.121 -0.034 0.850 2.240 3.258 1.880 1.063 0.428 1.114 2.981 3.471 1.501 0.307 0.820 0.400 0.220 0.927 0.601 
m5c305r2.htb -0.562 0.448 0.169 3.375 2.388 1.985 -1.203 1.512 1.088 3.037 2.683 2.565 0.302 0.109 0.240 0.635 0.958 0.750 
m5c311r2.htb -0.673 0.296 0.934 3.715 2.057 1.754 -0.053 1.473 1.292 2.679 2.905 2.392 0.509 0.075 0.930 0.288 0.221 0.305 
m5c318r3.htb -1.068 0.811 0.915 2.472 3.379 1.524 -0.936 0.981 1.131 2.945 3.760 2.128 0.661 0.870 0.924 0.547 0.655 0.332 
m5c323r2.htb 0.003 0.014 1.203 1.887 2.584 1.621 0.049 0.988 0.731 3.420 3.533 2.366 1.000 0.318 0.200 0.104 0.423 0.308 
m5c330r2.htb -1.455 0.175 0.178 3.239 1.565 1.539 -1.919 -8.582 -1.180 3.711 3.555 3.144 0.558 0.000 0.004 0.336 0.012 0.045 
m5c334r2.htb 1.210 0.334 1.562 2.997 2.434 2.278 0.842 -0.199 1.322 2.552 2.028 1.357 0.877 0.095 0.366 0.844 0.450 0.189 
m5c341r2.htb 0.199 -0.592 0.872 3.074 2.547 1.443 0.269 1.159 1.015 2.530 2.760 1.715 0.714 0.000 0.925 0.488 0.901 0.474 
m5c347r2.htb 0.225 -0.372 0.152 2.027 2.948 1.595 0.322 1.664 1.167 2.074 2.692 1.657 0.726 0.000 0.000 0.943 0.692 0.769 
m5c352r2.htb 1.967 0.717 0.980 2.364 2.704 1.512 2.056 0.736 0.760 2.464 3.991 2.000 0.967 0.600 0.145 0.917 0.211 0.471 
m5c358r2.htb 1.179 0.253 0.435 2.311 2.675 1.872 1.164 -0.852 0.119 2.030 3.438 2.468 0.618 0.020 0.211 0.577 0.433 0.370 
m5c364r2.htb 0.945 1.524 0.645 1.393 2.985 2.243 1.812 -0.331 -0.061 2.688 2.062 2.200 0.999 0.000 0.033 0.076 0.388 0.263 
m5c371r2.htb 0.964 1.446 0.491 2.165 2.608 1.718 1.049 2.032 0.759 1.683 2.854 1.436 0.725 0.362 0.304 0.753 0.912 0.853 
m5c377r2.htb 0.718 0.645 0.498 2.248 2.089 1.962 0.153 1.513 0.106 1.446 2.161 1.448 0.107 0.004 0.259 0.076 0.970 0.294 
m5c381r3.htb 0.186 0.446 -0.539 1.637 2.393 1.255 0.353 0.404 -0.124 1.811 2.548 1.572 0.735 0.888 0.052 0.470 0.813 0.537 
m5c385r3.htb 1.014 -0.302 0.008 1.906 2.633 1.951 1.120 0.764 0.627 1.606 2.611 1.338 0.476 0.004 0.007 0.606 0.434 0.200 
m5c391r3.htb 0.423 -2.589 -1.690 2.537 2.111 1.616 3.233 2.253 0.564 3.322 3.354 1.412 0.000 0.000 0.000 0.345 0.077 0.502 
m5c398r3.htb -0.320 -4.341 -2.052 1.637 3.667 1.626 0.682 1.346 -0.413 2.392 2.233 1.817 0.003 0.000 0.000 0.248 0.516 0.837 
m5c405r3.htb -0.026 -1.808 -1.658 1.922 2.892 1.837 0.284 0.470 -1.071 2.634 2.774 1.971 0.091 0.000 0.022 0.643 0.726 0.709 
m5c410r3.htb 0.325 0.838 -0.078 1.968 1.807 0.980 0.243 0.261 -0.464 2.308 2.070 1.918 0.606 0.025 0.186 0.566 0.540 0.048 
m5c414r3.htb -0.236 0.388 -0.449 1.950 2.700 0.480 -0.754 -0.281 -0.964 2.600 2.224 1.613 0.217 0.116 0.877 0.350 0.551 0.371 
m5c419r3.htb -0.454 1.081 -0.014 1.755 3.014 0.920 -0.218 1.551 0.168 2.402 2.154 1.897 0.319 0.055 0.553 0.332 0.375 0.037 
m5c419r3.htb -0.454 1.081 -0.014 1.755 3.014 0.920 -0.218 1.551 0.168 2.402 2.154 1.897 0.319 0.055 0.553 0.332 0.375 0.037 
m5c426r3.htb 0.004 -0.733 -0.352 2.657 2.391 2.143 0.604 3.526 0.955 1.374 2.680 1.455 0.012 0.000 0.000 0.025 0.574 0.263 
m5c431r3.htb 0.036 -0.347 -1.105 1.650 1.704 1.612 0.326 -1.306 -0.885 2.450 2.402 1.451 0.456 0.037 0.645 0.128 0.229 0.785 
m5c445r3.htb -0.485 0.963 0.372 1.111 2.085 0.862 -0.578 0.778 0.334 1.806 1.816 0.946 0.572 0.764 0.311 0.090 0.642 0.721 
m5c453r3.htb -0.211 1.341 0.844 2.125 1.506 1.235 -0.354 2.319 0.543 1.485 2.008 0.928 0.507 0.232 0.583 0.248 0.276 0.524 
m5c457r3.htb -0.401 0.652 0.390 2.940 2.174 1.591 -0.450 0.702 0.671 2.194 1.629 1.453 0.623 0.817 0.076 0.322 0.608 0.125 
m5c463r3.htb 0.251 0.621 0.669 1.654 2.455 1.332 0.619 1.496 1.046 1.156 2.568 1.348 0.084 0.056 0.200 0.563 0.958 0.675 
m5c467r3.htb 1.041 -0.048 0.661 1.752 3.196 1.484 1.663 0.440 0.680 2.525 2.004 1.212 0.667 0.083 0.419 0.254 0.119 0.381 
m5c471r3.htb 0.957 -0.607 0.444 2.030 1.914 0.689 1.027 -0.979 0.536 1.954 1.614 1.310 0.650 0.092 0.337 0.801 0.598 0.557 
m5c475r3.htb 0.662 -0.584 0.049 2.056 2.429 0.918 0.750 -0.046 0.775 1.823 1.979 1.096 0.689 0.123 0.032 0.914 0.547 0.133 
m5c479r3.htb 0.638 -0.495 0.202 1.732 1.722 1.848 0.591 -0.512 0.148 1.376 1.883 1.489 0.755 0.959 0.959 0.444 0.743 0.390 
m5c482r3.htb 0.707 -0.392 0.459 1.945 2.507 1.083 0.787 -0.353 0.501 2.377 2.671 1.333 0.918 0.891 0.900 0.581 0.870 0.942 
m5c486r3.htb -0.175 -1.292 -0.673 1.514 2.120 1.545 0.877 0.862 0.253 2.271 2.075 1.745 0.002 0.000 0.000 0.238 0.945 0.800 
m5c490r3.htb -0.259 -1.157 -0.477 1.974 2.478 1.205 0.228 0.756 -0.183 1.827 1.903 1.282 0.080 0.000 0.130 0.674 0.582 0.779 
m5c494r3.htb 0.126 -0.396 -0.436 1.426 1.527 1.325 -0.105 0.099 -0.205 2.029 1.490 0.706 0.485 0.054 0.858 0.208 0.999 0.039 
m5c498r3.htb 0.387 0.133 -0.579 1.895 1.969 0.896 0.051 0.076 -0.822 1.866 1.471 1.088 0.300 0.977 0.796 0.890 0.403 0.264 
m5c504r3.htb -0.339 -0.812 -0.722 1.803 1.890 1.604 0.396 -0.197 -0.035 1.920 1.771 1.547 0.011 0.042 0.004 0.823 0.731 0.921 
m5c508r3.htb -0.080 -0.410 -0.046 1.234 1.930 0.818 -0.135 0.662 -0.183 1.767 2.125 1.699 0.815 0.001 0.693 0.336 0.625 0.906 
m5c513r3.htb -0.123 -1.026 0.337 2.213 1.623 2.061 0.012 -1.476 -0.301 1.980 2.623 1.472 0.288 0.818 0.010 0.047 0.072 0.987 
m5c518r3.htb 0.234 -0.559 0.757 1.475 1.957 1.925 0.080 -0.689 0.326 1.679 1.968 1.103 0.563 0.593 0.170 0.514 0.948 0.511 
m5c522r3.htb -0.626 -0.687 -0.282 1.808 1.789 1.176 -0.474 0.000 0.118 1.376 1.640 1.097 0.921 0.030 0.040 0.342 0.670 0.975 
m5c526r3.htb -0.939 -0.809 -0.002 2.064 2.327 1.339 -0.804 2.040 0.707 1.445 2.241 1.405 0.700 0.000 0.001 0.156 0.844 0.864 
m5c531r3.htb -0.532 0.553 0.217 1.405 2.179 1.039 -0.488 1.165 0.444 1.818 1.331 1.053 0.566 0.000 0.194 0.360 0.060 0.970 
m5c536r3.htb -0.042 -0.752 0.904 1.725 1.905 1.198 0.222 -0.030 0.595 1.705 1.950 0.882 0.402 0.021 0.543 0.907 0.992 0.389 
m5c540r3.htb -1.042 -1.465 -0.313 1.659 1.722 1.645 -0.769 -0.741 0.038 1.517 1.718 0.837 0.580 0.025 0.233 0.669 0.940 0.724 
m5c544r3.htb -0.426 -1.391 -0.244 1.539 1.624 1.540 -0.850 -1.464 -0.127 1.443 2.339 1.414 0.114 0.191 0.514 0.079 0.162 0.945 
m5c548r3.htb 0.713 -0.994 0.103 1.749 1.748 0.915 0.706 -0.839 0.523 2.152 2.726 1.880 0.558 0.173 0.474 0.346 0.154 0.062 
m5c552r3.htb 0.286 -1.700 0.116 2.063 2.074 1.238 0.342 -1.563 -0.016 2.162 1.691 1.130 0.904 0.506 0.495 0.956 0.367 0.792 
m5c556r3.htb 0.205 -0.483 -0.141 1.094 1.367 1.484 0.727 -0.628 -0.000 1.930 1.818 1.289 0.116 0.818 0.604 0.116 0.246 0.720 
m5c561r3.htb 0.103 -0.471 -0.197 0.999 2.068 1.278 0.055 -0.508 -0.232 1.522 1.787 0.961 0.307 0.816 0.387 0.006 0.582 0.654 
m5c565r3.htb 0.298 0.123 0.018 1.757 2.314 1.620 0.483 -0.526 0.229 1.328 1.975 1.673 0.272 0.033 0.394 0.371 0.512 0.606 
m5c568r3.htb -0.261 0.155 -0.361 1.200 1.685 1.218 0.093 0.192 -0.179 1.526 1.875 0.803 0.096 0.942 0.587 0.407 0.770 0.163 
m5c574r3.htb 0.504 0.191 0.156 1.900 1.553 0.596 0.622 -1.180 -0.298 1.418 2.774 0.809 0.297 0.001 0.002 0.369 0.097 0.297 
m5c293r2.htb 1.121 -0.034 0.850 2.240 3.258 1.880 1.063 0.428 1.114 2.981 3.471 1.501 0.271 0.814 0.313 0.136 0.941 0.520 
m5c305r2.htb -0.562 0.448 0.169 3.375 2.388 1.985 -1.203 1.512 1.088 3.037 2.683 2.565 0.300 0.139 0.231 0.551 0.887 0.940 
m5c311r2.htb -0.673 0.296 0.934 3.715 2.057 1.754 -0.053 1.473 1.292 2.679 2.905 2.392 0.505 0.074 0.979 0.354 0.164 0.233 
m5c318r3.htb -1.068 0.811 0.915 2.472 3.379 1.524 -0.936 0.981 1.131 2.945 3.760 2.128 0.653 0.834 0.778 0.409 0.629 0.202 
m5c323r2.htb 0.003 0.014 1.203 1.887 2.584 1.621 0.049 0.988 0.731 3.420 3.533 2.366 0.968 0.290 0.158 0.079 0.373 0.268 
m5c330r2.htb -1.455 0.175 0.178 3.239 1.565 1.539 -1.919 -8.582 -1.180 3.711 3.555 3.144 0.533 0.000 0.003 0.254 0.002 0.026 
m5c334r2.htb 1.210 0.334 1.562 2.997 2.434 2.278 0.842 -0.199 1.322 2.552 2.028 1.357 0.904 0.096 0.472 0.578 0.457 0.244 
m5c341r2.htb 0.199 -0.592 0.872 3.074 2.547 1.443 0.269 1.159 1.015 2.530 2.760 1.715 0.775 0.000 0.938 0.480 0.820 0.468 
m5c347r2.htb 0.225 -0.372 0.152 2.027 2.948 1.595 0.322 1.664 1.167 2.074 2.692 1.657 0.749 0.000 0.000 0.890 0.763 0.791 
m5c352r2.htb 1.967 0.717 0.980 2.364 2.704 1.512 2.056 0.736 0.760 2.464 3.991 2.000 0.937 0.603 0.129 0.890 0.205 0.409 
m5c358r2.htb 1.179 0.253 0.435 2.311 2.675 1.872 1.164 -0.852 0.119 2.030 3.438 2.468 0.581 0.023 0.179 0.333 0.420 0.304 
m5c364r2.htb 0.945 1.524 0.645 1.393 2.985 2.243 1.812 -0.331 -0.061 2.688 2.062 2.200 0.984 0.000 0.033 0.050 0.319 0.136 
m5c371r2.htb 0.964 1.446 0.491 2.165 2.608 1.718 1.049 2.032 0.759 1.683 2.854 1.436 0.855 0.346 0.340 0.905 0.908 0.841 
m5c377r2.htb 0.718 0.645 0.498 2.248 2.089 1.962 0.153 1.513 0.106 1.446 2.161 1.448 0.113 0.005 0.269 0.046 0.874 0.197 
m5c381r3.htb 0.186 0.446 -0.539 1.637 2.393 1.255 0.353 0.404 -0.124 1.811 2.548 1.572 0.717 0.884 0.072 0.658 0.795 0.623 
m5c385r3.htb 1.014 -0.302 0.008 1.906 2.633 1.951 1.120 0.764 0.627 1.606 2.611 1.338 0.423 0.003 0.005 0.514 0.271 0.182 
m5c391r3.htb 0.423 -2.589 -1.690 2.537 2.111 1.616 3.233 2.253 0.564 3.322 3.354 1.412 0.000 0.000 0.000 0.282 0.071 0.585 
m5c398r3.htb -0.320 -4.341 -2.052 1.637 3.667 1.626 0.682 1.346 -0.413 2.392 2.233 1.817 0.003 0.000 0.000 0.152 0.859 0.814 
m5c405r3.htb -0.026 -1.808 -1.658 1.922 2.892 1.837 0.284 0.470 -1.071 2.634 2.774 1.971 0.070 0.000 0.020 0.241 0.663 0.735 
m5c410r3.htb 0.325 0.838 -0.078 1.968 1.807 0.980 0.243 0.261 -0.464 2.308 2.070 1.918 0.614 0.024 0.156 0.551 0.480 0.059 
m5c414r3.htb -0.236 0.388 -0.449 1.950 2.700 0.480 -0.754 -0.281 -0.964 2.600 2.224 1.613 0.275 0.114 0.743 0.346 0.517 0.602 
m5c419r3.htb -0.454 1.081 -0.014 1.755 3.014 0.920 -0.218 1.551 0.168 2.402 2.154 1.897 0.298 0.040 0.544 0.264 0.286 0.030 
m5c426r3.htb 0.004 -0.733 -0.352 2.657 2.391 2.143 0.604 3.526 0.955 1.374 2.680 1.455 0.009 0.000 0.000 0.017 0.470 0.319 
m5c431r3.htb 0.036 -0.347 -1.105 1.650 1.704 1.612 0.326 -1.306 -0.885 2.450 2.402 1.451 0.480 0.040 0.642 0.110 0.197 0.781 
m5c445r3.htb -0.485 0.963 0.372 1.111 2.085 0.862 -0.578 0.778 0.334 1.806 1.816 0.946 0.553 0.852 0.192 0.072 0.568 0.586 
m5c453r3.htb -0.211 1.341 0.844 2.125 1.506 1.235 -0.354 2.319 0.543 1.485 2.008 0.928 0.447 0.211 0.647 0.183 0.265 0.537 
m5c457r3.htb -0.401 0.652 0.390 2.940 2.174 1.591 -0.450 0.702 0.671 2.194 1.629 1.453 0.658 0.855 0.046 0.333 0.642 0.014 
m5c463r3.htb 0.251 0.621 0.669 1.654 2.455 1.332 0.619 1.496 1.046 1.156 2.568 1.348 0.111 0.044 0.143 0.524 0.897 0.658 
m5c467r3.htb 1.041 -0.048 0.661 1.752 3.196 1.484 1.663 0.440 0.680 2.525 2.004 1.212 0.716 0.099 0.394 0.162 0.109 0.290 
m5c471r3.htb 0.957 -0.607 0.444 2.030 1.914 0.689 1.027 -0.979 0.536 1.954 1.614 1.310 0.723 0.081 0.319 0.876 0.548 0.743 
m5c475r3.htb 0.662 -0.584 0.049 2.056 2.429 0.918 0.750 -0.046 0.775 1.823 1.979 1.096 0.601 0.137 0.060 0.764 0.443 0.093 
m5c479r3.htb 0.638 -0.495 0.202 1.732 1.722 1.848 0.591 -0.512 0.148 1.376 1.883 1.489 0.735 0.970 0.972 0.362 0.768 0.396 
m5c482r3.htb 0.707 -0.392 0.459 1.945 2.507 1.083 0.787 -0.353 0.501 2.377 2.671 1.333 0.862 0.906 0.775 0.474 0.863 0.928 
m5c486r3.htb -0.175 -1.292 -0.673 1.514 2.120 1.545 0.877 0.862 0.253 2.271 2.075 1.745 0.002 0.000 0.000 0.181 0.915 0.645 
m5c490r3.htb -0.259 -1.157 -0.477 1.974 2.478 1.205 0.228 0.756 -0.183 1.827 1.903 1.282 0.089 0.000 0.132 0.751 0.508 0.748 
m5c494r3.htb 0.126 -0.396 -0.436 1.426 1.527 1.325 -0.105 0.099 -0.205 2.029 1.490 0.706 0.399 0.055 0.811 0.177 0.972 0.030 
m5c498r3.htb 0.387 0.133 -0.579 1.895 1.969 0.896 0.051 0.076 -0.822 1.866 1.471 1.088 0.292 0.929 0.657 0.972 0.362 0.125 
m5c504r3.htb -0.339 -0.812 -0.722 1.803 1.890 1.604 0.396 -0.197 -0.035 1.920 1.771 1.547 0.009 0.037 0.004 0.777 0.736 0.981 
m5c508r3.htb -0.080 -0.410 -0.046 1.234 1.930 0.818 -0.135 0.662 -0.183 1.767 2.125 1.699 0.816 0.001 0.803 0.297 0.672 0.197 
m5c513r3.htb -0.123 -1.026 0.337 2.213 1.623 2.061 0.012 -1.476 -0.301 1.980 2.623 1.472 0.230 0.759 0.007 0.009 0.038 0.368 
m5c518r3.htb 0.234 -0.559 0.757 1.475 1.957 1.925 0.080 -0.689 0.326 1.679 1.968 1.103 0.596 0.647 0.126 0.437 0.999 0.540 
m5c522r3.htb -0.626 -0.687 -0.282 1.808 1.789 1.176 -0.474 0.000 0.118 1.376 1.640 1.097 0.927 0.024 0.036 0.305 0.757 0.830 
m5c526r3.htb -0.939 -0.809 -0.002 2.064 2.327 1.339 -0.804 2.040 0.707 1.445 2.241 1.405 0.782 0.000 0.002 0.214 0.870 0.940 
m5c531r3.htb -0.532 0.553 0.217 1.405 2.179 1.039 -0.488 1.165 0.444 1.818 1.331 1.053 0.523 0.001 0.182 0.341 0.049 0.997 
m5c536r3.htb -0.042 -0.752 0.904 1.725 1.905 1.198 0.222 -0.030 0.595 1.705 1.950 0.882 0.366 0.025 0.583 0.884 0.938 0.290 
m5c540r3.htb -1.042 -1.465 -0.313 1.659 1.722 1.645 -0.769 -0.741 0.038 1.517 1.718 0.837 0.543 0.019 0.317 0.697 0.999 0.223 
m5c544r3.htb -0.426 -1.391 -0.244 1.539 1.624 1.540 -0.850 -1.464 -0.127 1.443 2.339 1.414 0.113 0.181 0.469 0.012 0.134 0.940 
m5c548r3.htb 0.713 -0.994 0.103 1.749 1.748 0.915 0.706 -0.839 0.523 2.152 2.726 1.880 0.620 0.148 0.476 0.412 0.111 0.075 
m5c552r3.htb 0.286 -1.700 0.116 2.063 2.074 1.238 0.342 -1.563 -0.016 2.162 1.691 1.130 0.988 0.538 0.488 0.862 0.392 0.816 
m5c556r3.htb 0.205 -0.483 -0.141 1.094 1.367 1.484 0.727 -0.628 -0.000 1.930 1.818 1.289 0.106 0.890 0.537 0.103 0.230 0.539 
m5c561r3.htb 0.103 -0.471 -0.197 0.999 2.068 1.278 0.055 -0.508 -0.232 1.522 1.787 0.961 0.250 0.764 0.401 0.001 0.572 0.691 
m5c565r3.htb 0.298 0.123 0.018 1.757 2.314 1.620 0.483 -0.526 0.229 1.328 1.975 1.673 0.289 0.038 0.434 0.247 0.547 0.883 
m5c568r3.htb -0.261 0.155 -0.361 1.200 1.685 1.218 0.093 0.192 -0.179 1.526 1.875 0.803 0.099 0.958 0.657 0.364 0.748 0.141 
m5c574r3.htb 0.504 0.191 0.156 1.900 1.553 0.596 0.622 -1.180 -0.298 1.418 2.774 0.809 0.305 0.001 0.002 0.287 0.066 0.298 
m5c578r3.htb 0.537 1.277 -0.008 1.673 2.090 1.394 0.279 0.129 0.133 1.947 2.501 1.091 0.264 0.000 0.813 0.490 0.350 0.959 
m5c583r3.htb -0.512 0.746 -0.207 1.482 1.815 1.011 -0.314 0.004 -0.173 2.114 2.100 1.206 0.259 0.016 0.523 0.170 0.528 0.258 
m5c588r3.htb -0.429 0.041 -0.481 1.567 2.065 1.350 -0.769 0.841 -0.355 1.778 1.750 0.881 0.357 0.007 0.713 0.610 0.581 0.422 
m5c593r3.htb 0.483 0.411 0.045 1.198 1.640 0.795 0.160 0.364 0.154 1.704 1.539 1.211 0.224 0.423 0.651 0.543 0.709 0.145 
m5c598r3.htb -0.423 -0.974 -0.054 1.503 1.730 1.480 -0.292 -0.582 -0.104 1.537 1.306 1.017 0.567 0.271 0.598 0.824 0.572 0.178 
m5c602r3.htb -0.099 -0.471 0.266 1.481 1.796 1.484 0.150 0.082 0.404 2.265 0.939 1.059 0.462 0.050 0.230 0.121 0.038 0.168 
m5c608r3.htb -0.090 0.022 0.274 1.434 2.223 1.500 0.170 -0.111 0.055 1.865 2.404 0.969 0.358 0.744 0.916 0.325 0.777 0.859 
m5c608r4.htb -0.088 0.965 -0.618 1.762 0.064 0.249 
m5c614r3.htb 0.251 -0.235 0.343 1.548 2.406 0.984 -0.037 -1.427 0.417 1.447 1.709 1.325 0.298 0.001 0.998 0.787 0.755 0.214 
m5c614r4.htb -0.623 1.251 -0.489 0.610 0.113 0.341 
m5c623r3.htb -0.051 1.067 0.872 1.134 1.663 1.113 -0.261 0.489 0.531 1.620 2.018 0.980 0.326 0.075 0.753 0.505 0.778 0.168 
m5c623r4.htb -0.179 0.966 -0.413 1.034 0.491 0.275 
m5c627r3.htb 0.731 0.848 1.061 1.383 1.828 1.353 0.568 -0.160 0.538 1.280 2.211 1.201 0.711 0.004 0.079 0.789 0.457 0.628 
m5c627r4.htb -0.638 0.942 -0.418 0.707 0.783 0.343 
m5c627r7.htb -0.361 0.986 -0.421 1.167 0.845 0.829 
m5c631r3.htb 0.464 1.288 0.999 1.954 1.669 2.014 0.251 -0.370 0.907 1.740 1.917 1.914 0.605 0.000 0.902 0.678 0.552 0.860 
m5c631r4.htb -0.434 0.964 -0.582 0.640 0.026 0.233 
m5c634r3.htb -0.319 0.782 0.298 1.040 1.607 1.397 -0.552 0.240 0.151 1.321 2.373 1.201 0.546 0.047 0.668 0.392 0.205 0.381 
m5c634r4.htb -0.244 0.692 -0.336 0.887 0.708 0.653 
m5c638r3.htb -0.477 0.108 -0.077 1.505 1.609 1.173 0.132 1.919 0.473 1.507 2.359 1.079 0.023 0.000 0.004 0.840 0.160 0.938 
m5c638r4.htb -0.650 0.739 0.050 0.513 0.000 0.558 
m5c642r3.htb 0.088 -0.328 0.073 1.358 2.194 1.145 0.170 0.186 0.313 1.125 1.414 1.275 0.801 0.087 0.237 0.783 0.101 0.684 
m5c646r3.htb 0.495 -1.067 0.366 2.087 1.749 1.128 0.713 0.322 0.725 1.083 1.685 1.373 0.032 0.000 0.274 0.012 0.897 0.457 
m5c650r3.htb -1.349 1.307 0.231 1.699 0.000 0.170 
m5c650r3.htb -1.586 -1.310 1.703 1.048 1.648 -0.720 1.507 0.745 0.000 0.247 0.588 0.213 
m5c654r3.htb 0.850 -0.109 0.567 1.255 2.466 1.244 0.590 -1.055 0.438 1.150 2.054 0.818 0.582 0.006 0.684 0.836 0.470 0.996 
m5c656r3.htb 0.686 0.426 0.554 1.242 1.691 1.066 0.957 -0.114 0.548 1.302 2.085 1.379 0.302 0.049 0.539 0.888 0.412 0.264 
m5c661r3.htb 0.452 -0.690 1.842 0.899 0.039 -0.710 1.584 1.050 0.188 0.687 0.551 0.857 
m5c665r3.htb 0.510 0.711 0.074 1.318 1.991 1.028 0.555 0.829 1.298 1.518 1.894 1.719 0.853 0.771 0.000 0.723 0.785 0.084 
m5c667r3.htb -0.031 -0.792 -0.237 1.472 1.668 1.339 0.469 1.654 0.870 1.155 2.114 1.154 0.015 0.000 0.000 0.457 0.383 0.497 
m5c671r3.htb 0.431 0.033 0.394 1.725 1.754 1.399 0.706 -0.175 0.245 1.461 1.342 1.308 0.216 0.419 0.603 0.522 0.284 0.778 
m5c676r3.htb 0.742 -0.716 0.417 1.424 1.490 1.512 0.765 0.383 0.532 1.614 1.806 1.414 0.795 0.002 0.571 0.615 0.852 0.776 
m5c679r3.htb 1.214 -0.436 2.784 0.863 0.594 -0.841 2.088 1.108 0.988 0.209 0.026 0.300 
m5c682r3.htb 0.075 0.848 0.745 1.051 1.394 1.145 0.636 1.420 1.240 1.021 1.852 0.998 0.048 0.142 0.010 0.755 0.659 0.562 
m5c685r3.htb 0.076 1.060 0.219 1.582 2.029 0.946 -0.027 2.317 0.803 1.263 2.308 1.036 0.683 0.011 0.008 0.394 0.725 0.810 
m5c745r4.htb 0.063 0.041 0.020 0.910 2.004 1.558 0.518 1.911 0.327 1.458 2.797 1.338 0.081 0.006 0.351 0.974 0.406 0.639 
m5c750r4.htb 0.031 -0.240 -0.208 1.120 2.143 1.342 0.889 -1.204 -0.016 1.625 2.771 0.796 0.004 0.018 0.994 0.180 0.024 0.950 
m5c755r3.htb 0.477 -2.210 -0.791 1.712 2.236 1.074 0.672 4.623 0.566 1.854 3.002 0.845 0.624 0.000 0.000 0.766 0.277 0.573 
m5c759r3.htb 0.795 -1.458 0.208 1.349 2.298 0.896 0.439 -2.736 -0.093 2.318 2.245 1.745 0.019 0.003 0.102 0.042 0.393 0.030 
m5c762r3.htb -0.094 -1.040 -0.047 0.809 2.502 1.085 0.392 0.315 0.325 1.333 1.767 1.285 0.018 0.000 0.060 0.039 0.144 0.462 
m5c771r3.htb 0.610 0.741 0.437 1.384 1.750 0.699 0.988 -0.975 0.467 1.247 2.403 0.938 0.025 0.000 0.169 0.380 0.221 0.044 
m5c777r3.htb 0.385 -0.162 0.160 1.634 1.481 1.212 0.047 -2.820 -1.021 1.083 1.860 1.244 0.215 0.000 0.000 0.061 0.016 0.910 
m5c780r3.htb 0.440 0.451 0.673 1.773 1.475 1.198 0.093 -0.223 0.274 1.243 1.977 1.162 0.255 0.029 0.052 0.111 0.535 0.864 
m5c780r3.htb 0.504 0.442 0.766 1.583 1.140 1.254 0.107 -0.197 0.366 1.324 1.603 1.192 0.146 0.035 0.085 0.428 0.780 0.793 
m5c785r3.htb -0.340 -0.376 -0.296 1.512 2.564 1.489 -0.531 -2.451 -0.872 1.207 1.990 1.164 0.232 0.000 0.004 0.370 0.690 0.306 
m5c790r3.htb 0.187 -0.098 0.245 1.000 2.260 1.040 -0.197 -2.009 -0.116 1.211 2.522 0.866 0.053 0.000 0.073 0.325 0.723 0.499 
m5c795r3.htb -0.021 0.812 -0.105 1.114 1.477 0.495 -0.282 -0.461 -0.617 0.902 1.506 0.770 0.089 0.000 0.014 0.348 0.917 0.881 
m5c799r3.htb 0.584 0.078 0.019 2.334 1.144 0.980 0.295 -3.681 -0.335 1.536 1.602 1.033 0.741 0.000 0.126 0.174 0.292 0.974 
m5c802r3.htb 0.038 0.166 0.069 0.920 1.223 0.810 -0.072 0.097 0.347 0.908 1.605 0.596 0.304 0.612 0.056 0.727 0.260 0.727 
m5c807r3.htb 0.046 -0.019 -0.248 1.315 1.397 0.721 -0.187 -1.677 -0.546 1.313 1.220 0.982 0.272 0.000 0.261 0.998 0.716 0.185 
m5c814r3.htb -0.115 -1.141 0.137 1.347 1.768 0.963 -0.093 -0.950 0.059 1.108 1.474 1.491 0.993 0.992 0.567 0.475 0.563 0.115 
m5c814r3.htb -0.115 -1.141 0.137 1.347 1.768 0.963 -0.093 -0.950 0.059 1.108 1.474 1.491 0.993 0.992 0.567 0.475 0.563 0.115 
m5c818r3.htb -0.058 0.762 -0.011 0.944 2.427 0.593 0.146 0.218 0.214 1.055 1.287 0.965 0.269 0.365 0.071 0.648 0.026 0.271 
m5c818r3.htb -0.058 0.762 -0.011 0.944 2.427 0.593 0.146 0.218 0.214 1.055 1.287 0.965 0.269 0.365 0.071 0.648 0.026 0.271 
m5c818r3.htb -0.058 0.762 -0.011 0.944 2.427 0.593 0.146 0.218 0.214 1.055 1.287 0.965 0.269 0.365 0.071 0.648 0.026 0.271 
m5c821r3.htb -0.382 0.051 -0.428 1.297 1.374 0.925 -0.686 -0.057 -0.223 1.130 1.397 0.875 0.074 0.621 0.253 0.587 0.943 0.807 
m5c828r3.htb 0.032 0.033 0.107 1.138 1.623 0.698 -0.032 -0.080 -0.109 1.463 1.020 1.078 0.738 0.505 0.111 0.265 0.041 0.042 
m5c832r3.htb -0.002 0.017 -0.294 0.853 1.499 0.884 -0.008 0.105 -0.078 0.752 1.341 0.924 0.964 0.658 0.167 0.582 0.661 0.853 
m5c832r3.htb -0.002 0.017 -0.294 0.853 1.499 0.884 -0.008 0.105 -0.078 0.752 1.341 0.924 0.964 0.658 0.167 0.582 0.661 0.853 
m5c832r3.htb -0.002 0.017 -0.294 0.853 1.499 0.884 -0.008 0.105 -0.078 0.752 1.341 0.924 0.964 0.658 0.167 0.582 0.661 0.853 
m5c835r4.htb 0.121 0.157 -0.136 0.880 1.022 0.657 0.397 0.368 0.215 1.034 1.325 0.897 0.085 0.489 0.020 0.805 0.308 0.204 
m5c838r3.htb 0.847 -0.078 0.125 1.469 0.998 0.872 0.248 -0.713 -0.433 1.168 1.281 0.920 0.026 0.004 0.001 0.351 0.272 0.988 
m5c862r3.htb -0.138 -0.607 -0.452 1.391 1.024 0.896 0.546 3.597 0.854 1.259 1.607 1.159 0.001 0.000 0.000 0.688 0.069 0.283 
m5c867r3.htb -0.418 -0.112 -0.424 1.335 0.840 0.873 -0.332 0.460 -0.251 1.249 1.685 0.640 0.796 0.036 0.665 0.818 0.020 0.235 
m5c873r3.htb 0.274 -0.171 0.015 0.928 1.646 0.672 0.035 0.691 -0.220 0.977 1.741 0.744 0.236 0.002 0.100 0.947 0.869 0.676 
m5c876r4.htb 0.146 -1.059 -0.389 1.413 1.388 0.866 0.234 0.033 -0.259 0.819 1.321 0.711 0.279 0.000 0.652 0.023 0.842 0.367 
m5c880r4.htb 0.658 -0.824 -0.170 0.984 1.514 0.760 0.616 -2.443 -0.585 1.038 1.580 1.173 0.468 0.000 0.249 0.561 0.891 0.224 
m5c883r3.htb 0.248 -0.912 -0.293 0.961 1.687 0.767 0.078 -2.022 -0.707 1.299 1.808 0.667 0.230 0.001 0.002 0.195 0.765 0.514 
m13c4r3.htb -3.064 -1.605 -2.914 6.127 2.837 4.027 -4.852 1.626 -2.694 6.763 4.861 3.459 0.291 0.000 0.827 0.714 0.069 0.599 
m13c7r3.htb -1.557 -1.634 -2.411 3.295 3.235 4.666 -1.521 4.838 0.486 6.265 4.712 3.113 0.236 0.000 0.008 0.024 0.180 0.563 
m13c11r3.htb -1.238 -0.602 0.047 4.892 2.128 3.830 -1.977 -1.939 0.266 4.469 5.549 2.715 0.355 0.757 0.688 0.756 0.006 0.233 
m13c15r3.htb 0.556 -0.444 0.890 6.938 4.957 3.427 0.601 -1.255 0.593 4.956 3.053 4.742 0.815 0.138 0.466 0.200 0.259 0.222 
m13c17r3.htb 3.667 -0.737 1.168 6.087 4.624 5.931 2.270 1.921 2.572 7.821 7.303 3.543 0.101 0.005 0.195 0.359 0.690 0.882 
m13c21r3.htb -0.867 -0.277 2.290 6.860 1.888 4.854 -1.097 1.649 2.464 8.202 5.438 4.153 0.799 0.002 0.528 0.413 0.035 0.552 
m13c27r3.htb -2.233 -0.927 -0.738 4.034 4.364 3.707 -1.039 -0.678 -0.583 3.770 3.463 3.163 0.158 0.587 0.944 0.041 0.388 0.555 
m13c30r3.htb -3.763 -0.564 -1.451 4.476 2.630 3.606 -4.668 1.467 -0.151 5.849 3.819 2.543 0.830 0.005 0.113 0.344 0.180 0.214 
m13c36r3.htb 0.595 -2.751 0.213 7.606 3.760 4.116 1.036 -2.702 -0.821 6.850 4.938 3.964 0.639 0.467 0.092 0.669 0.978 0.181 
m13c40r3.htb -4.005 -2.005 -3.133 5.818 4.210 4.044 -2.903 1.421 -2.146 3.510 7.924 2.596 0.489 0.000 0.820 0.062 0.225 0.092 
m13c44r3.htb 0.202 1.258 -1.038 4.873 3.361 3.264 -0.341 0.132 -0.951 3.841 4.367 3.496 0.869 0.049 0.822 0.045 0.031 0.759 
m13c49r3.htb -1.202 0.628 0.319 3.168 4.640 4.357 -0.247 1.701 0.648 4.511 4.698 4.009 0.257 0.185 0.613 0.624 0.970 0.741 
m13c52r4.htb 0.524 -0.959 0.389 5.430 3.380 2.788 -0.219 1.480 1.232 5.127 4.316 2.577 0.394 0.000 0.820 0.820 0.522 0.153 
m13c56r3.htb -0.755 2.412 0.207 4.550 3.658 3.819 0.086 1.401 0.238 2.987 5.345 3.587 0.809 0.356 0.943 0.739 0.572 0.769 
m13c59r3.htb -0.990 0.713 0.559 3.837 4.381 2.400 -1.340 3.324 -0.374 4.431 3.998 3.735 0.795 0.019 0.278 0.519 0.129 0.261 
m13c63r3.htb 0.474 1.883 0.238 5.518 4.909 4.143 -0.776 -7.032 -1.644 4.004 6.345 3.741 0.194 0.000 0.003 0.939 0.290 0.658 
m13c75r3.htb -0.200 -0.230 1.252 4.314 2.623 2.162 0.746 -1.838 1.523 4.144 3.687 3.155 0.211 0.046 0.631 0.859 0.003 0.100 
m13c78r4.htb 0.576 0.022 0.851 3.923 3.733 2.596 0.274 -1.309 0.962 4.235 4.150 2.273 0.639 0.496 0.660 0.744 0.775 0.543 
m13c81r3.htb 1.592 0.233 2.191 4.931 2.906 4.983 1.162 1.151 2.149 5.681 3.419 2.363 0.511 0.033 0.039 0.598 0.163 0.003 
m13c86r3.htb 2.360 -0.000 -0.042 5.471 3.575 3.463 2.341 2.304 0.957 3.899 3.012 2.936 0.605 0.029 0.077 0.277 0.045 0.458 
m13c89r3.htb -0.561 -1.543 0.930 6.580 3.078 3.318 0.795 -0.389 -0.041 5.651 3.909 4.029 0.170 0.065 0.110 0.479 0.953 0.390 
m13c91r3.htb -0.551 0.238 0.993 3.145 2.193 2.896 -1.274 6.672 1.010 4.535 4.877 2.821 0.579 0.000 0.916 0.147 0.256 0.923 
m13c94r3.htb 0.654 1.390 2.792 2.617 2.697 3.442 0.621 1.544 2.988 2.906 2.222 2.840 0.870 0.038 0.337 0.151 0.021 0.453 
m13c99r3.htb 2.095 6.351 3.951 4.602 5.259 3.166 2.514 7.336 3.982 3.659 5.700 3.875 0.652 0.754 0.411 0.202 0.755 0.455 
m13c102r3.htb -0.563 3.422 1.898 4.891 4.167 3.648 -0.908 5.938 1.449 4.026 5.699 2.901 0.505 0.265 0.905 0.416 0.182 0.319 
m13c105r3.htb -1.490 6.531 -0.624 3.535 5.890 2.475 -2.922 2.236 -1.407 2.738 4.028 3.459 0.021 0.031 0.522 0.400 0.215 0.295 
m13c108r3.htb -1.135 2.586 -0.140 3.752 3.483 3.429 -0.844 3.216 -0.357 3.133 4.531 2.629 0.467 0.928 0.604 0.286 0.896 0.225 
m13c111r3.htb 1.238 -0.850 0.746 4.031 4.080 2.672 1.380 1.051 0.368 3.156 4.594 2.642 0.460 0.073 0.244 0.100 0.055 0.535 
m13c108r3.htb -1.135 2.586 -0.140 3.752 3.483 3.429 -0.844 3.216 -0.357 3.133 4.531 2.629 0.467 0.928 0.604 0.286 0.896 0.225 
m13c111r3.htb 1.238 -0.850 0.746 4.031 4.080 2.672 1.380 1.051 0.368 3.156 4.594 2.642 0.460 0.073 0.244 0.100 0.055 0.535 
m13c123r3.htb -0.075 1.694 -1.284 2.917 4.847 2.886 -0.246 3.598 -1.218 4.562 8.282 4.223 0.934 0.650 0.445 0.112 0.061 0.163 
m13c126r3.htb -0.765 2.023 0.884 3.522 4.204 2.303 -0.761 2.771 -0.094 3.332 3.677 5.098 0.946 0.947 0.050 0.839 0.523 0.011 
m13c133r3.htb 1.390 2.474 1.298 4.935 3.567 2.338 2.529 5.726 1.865 4.492 5.011 3.348 0.202 0.669 0.251 0.765 0.023 0.909 
m13c133r3.htb 1.390 2.474 1.298 4.935 3.567 2.338 2.529 5.726 1.865 4.492 5.011 3.348 0.202 0.669 0.251 0.765 0.023 0.909 
m13c137r3.htb 0.613 0.222 0.325 4.371 6.547 2.977 -0.881 1.743 -0.004 5.195 4.745 3.193 0.119 0.391 0.826 0.552 0.859 0.831 
m13c146r3.htb -0.605 4.231 0.602 3.917 5.572 2.213 -1.901 7.185 1.432 3.785 6.836 2.344 0.096 0.190 0.026 0.938 0.451 0.330 
m13c150r3.htb -3.036 2.538 -0.644 4.175 6.321 4.151 -2.614 6.346 -0.619 3.755 6.393 3.501 0.924 0.003 0.912 0.680 0.949 0.521 
m13c154r3.htb -1.866 2.397 0.910 4.164 4.795 2.987 -1.740 5.275 0.874 3.589 6.508 2.838 0.709 0.662 0.958 0.344 0.036 0.831 
m13c157r3.htb -2.580 -1.915 0.198 4.472 3.242 3.448 -0.293 1.947 0.430 4.831 8.431 2.104 0.004 0.000 0.662 0.751 0.000 0.819 
m13c160r3.htb -2.212 -2.500 -0.423 3.525 4.663 1.688 -1.172 -1.125 0.118 3.010 4.854 3.600 0.287 0.121 0.213 0.502 0.910 0.012 
m13c163r3_4.htb -1.400 -1.811 -0.549 3.702 4.591 3.759 -0.818 4.262 1.313 3.932 5.402 2.402 0.343 0.000 0.006 0.828 0.088 0.466 
m13c171r3.htb -1.459 -0.399 -2.563 5.413 3.540 3.796 -2.719 -0.310 -2.150 5.787 5.427 4.432 0.400 0.822 0.474 0.839 0.223 0.654 
m13c177r3.htb -1.784 -1.123 -1.016 3.019 4.327 2.816 -1.982 0.967 -0.657 3.638 5.929 2.798 0.838 0.018 0.552 0.493 0.397 0.961 
m13c180r3.htb -0.941 -0.580 -3.567 4.144 4.789 4.488 -0.565 -1.380 -2.301 3.335 4.241 5.003 0.776 0.311 0.127 0.434 0.669 0.701 
m13c174r3.htb -1.226 -0.386 -1.492 3.402 4.709 3.219 -1.068 2.547 -0.503 3.488 4.066 3.039 0.765 0.002 0.163 0.883 0.875 0.839 
m13c202r3.htb 0.881 0.037 0.183 3.621 5.040 2.205 0.643 -0.840 -1.256 3.582 3.831 3.880 0.804 0.236 0.127 0.959 0.319 0.269 
m13c189r3.htb -2.729 -2.388 -2.013 6.127 5.790 4.387 -0.536 0.508 -0.812 3.959 3.087 1.901 0.139 0.016 0.954 0.151 0.104 0.100 
m13c192r3.htb -0.866 -0.499 -2.403 4.413 2.959 3.364 -0.263 -1.197 -2.693 4.548 4.741 4.671 0.862 0.181 0.527 0.184 0.473 0.238 
m13c207r3.htb 2.170 0.342 0.492 3.607 5.403 3.183 1.664 0.220 0.615 3.781 3.817 3.848 0.383 0.921 0.969 0.840 0.286 0.488 
m13c211r3.htb 0.078 1.151 -0.489 4.771 2.820 3.452 -0.420 4.499 0.256 2.897 6.540 4.080 0.673 0.009 0.280 0.891 0.067 0.520 
m13c217r3.htb -0.472 1.909 0.549 3.568 6.049 3.220 0.560 3.717 -0.043 0.878 9.036 3.226 0.422 0.638 0.400 0.172 0.202 0.979 
m13c220r3.htb -0.935 1.325 -2.359 4.481 5.252 3.971 -1.009 0.150 -2.146 4.286 4.415 3.588 0.878 0.236 0.984 0.850 0.521 0.737 
m13c228r3.htb 0.863 -0.612 0.920 3.351 3.324 2.105 1.848 0.718 0.587 2.805 3.544 3.315 0.361 0.121 0.189 0.885 0.842 0.093 
m13c232r3.htb -1.101 0.753 -0.500 3.614 3.332 1.982 -0.345 1.847 -0.421 3.800 3.061 2.022 0.121 0.231 0.954 0.207 0.077 0.490 
m13c235r3.htb -0.150 -1.502 -0.267 3.416 4.558 2.794 0.504 -0.660 -0.535 3.156 2.841 3.217 0.695 0.620 0.716 0.101 0.001 0.580 
m13c240r3.htb 1.552 0.777 0.970 2.798 3.202 2.830 1.764 -0.553 0.173 3.133 6.999 1.863 0.491 0.117 0.302 0.680 0.008 0.168 
m13c249r3.htb -0.933 -0.467 -0.874 3.898 3.764 3.366 0.075 0.175 -0.584 2.929 5.170 3.859 0.398 0.617 0.576 0.350 0.759 0.609 
m13c254r3.htb -1.563 0.258 -1.786 3.778 3.360 3.159 -1.953 0.291 -1.420 4.903 3.400 4.074 0.925 0.942 0.282 0.315 0.978 0.330 
m13c259r3.htb -1.733 -2.117 -1.560 4.456 3.627 3.406 -1.215 -0.521 -1.782 3.561 3.148 2.631 0.811 0.041 0.289 0.380 0.528 0.287 
m13c266r3.htb -1.854 2.598 -1.021 3.271 6.738 4.254 -1.662 2.344 -1.497 5.511 6.932 3.242 0.450 0.615 0.541 0.009 0.457 0.035 
m13c270r3.htb -0.863 -0.957 -1.291 3.073 4.744 3.842 -0.683 -1.590 -1.070 3.530 8.067 2.760 0.608 0.974 0.778 0.557 0.058 0.184 
m13c275r3.htb -3.066 -0.217 -2.511 4.147 4.450 2.729 -2.550 3.680 -1.208 2.975 6.163 2.710 0.601 0.000 0.026 0.018 0.197 0.975 
m13c279r3.htb -1.896 -1.558 -2.853 3.227 1.743 2.970 -2.499 -0.265 -2.310 3.008 4.587 2.723 0.280 0.000 0.625 0.762 0.043 0.719 
m13c279r3.htb -1.896 -1.558 -2.853 3.227 1.743 2.970 -2.499 -0.265 -2.310 3.008 4.587 2.723 0.280 0.000 0.625 0.762 0.043 0.719 
m13c283r3.htb -1.578 -0.897 -2.338 3.873 4.900 3.365 -0.610 3.466 -1.909 3.138 4.539 2.685 0.335 0.000 0.926 0.473 0.823 0.459 
m13c287r3.htb -1.669 -0.791 -1.314 3.731 2.196 1.531 -1.712 0.199 -1.777 3.948 4.263 1.627 0.938 0.017 0.292 0.811 0.001 0.371 
m13c291r3.htb -1.231 1.565 -1.250 3.436 6.098 2.216 -1.084 1.509 -0.173 3.729 4.721 3.606 0.738 0.754 0.022 0.756 0.335 0.086 
m13c295r3.htb -1.224 0.266 -0.796 4.122 2.925 2.701 -1.973 1.757 -1.106 4.313 5.520 2.627 0.470 0.255 0.572 0.855 0.024 0.932 
m13c298r3.htb -1.355 1.010 -1.007 3.894 4.751 2.252 -1.748 -6.806 -2.036 4.281 5.241 3.262 0.818 0.000 0.432 0.699 0.562 0.182 
m13c301r3.htb -0.616 0.371 -0.635 3.058 5.518 3.019 -0.262 -3.325 -1.093 3.587 8.299 2.114 0.521 0.046 0.171 0.534 0.606 0.207 
m13c305r3.htb 1.016 4.048 0.326 3.513 6.905 3.587 0.965 -0.996 0.460 3.475 9.277 2.689 0.949 0.000 0.703 0.981 0.245 0.309 
m13c308r3.htb -0.156 1.124 -0.006 4.678 4.499 3.499 -0.753 4.244 -0.699 3.661 4.600 2.762 0.137 0.001 0.179 0.509 0.936 0.332 
m13c312r3.htb -1.095 1.889 -1.534 3.490 3.169 3.238 -0.844 0.664 -1.177 2.323 3.998 3.139 0.769 0.225 0.677 0.290 0.996 0.906 
m13c317r3.htb 0.227 1.170 -0.495 2.134 1.262 2.709 0.037 2.568 1.212 4.614 5.722 5.902 0.783 0.166 0.052 0.771 0.002 0.011 
m13c321r3.htb -3.409 1.808 -3.576 4.698 2.891 3.350 -3.081 -5.700 -3.753 3.473 5.464 2.319 0.501 0.000 0.090 0.760 0.020 0.167 
m13c324r3.htb -2.351 2.587 -2.842 2.963 3.505 2.803 -1.954 -1.958 -3.027 3.589 4.938 3.216 0.278 0.000 0.759 0.305 0.022 0.571 
m13c327r3.htb -0.232 1.831 -0.496 2.782 2.777 2.454 -1.733 3.694 -1.727 4.667 2.342 2.948 0.138 0.000 0.071 0.058 0.113 0.469 
