m5c293r2.htb 1.309 1.939 1.566 1.633 1.206 0.450 -1.100 -1.508 -1.743 0.217 0.835 1.113 0.858 -0.168 0.122 -0.583 -0.907 -0.191 
m5c305r2.htb 0.367 0.079 -0.183 0.446 0.175 0.770 0.217 0.503 0.809 0.906 0.563 0.868 2.077 1.883 2.524 2.404 1.460 1.460 0.833 0.718 0.397 0.676 0.420 0.733 
m5c311r2.htb 0.704 0.336 -0.112 -0.183 -0.736 -1.206 -1.051 -0.726 0.229 0.507 0.783 0.451 0.718 0.362 0.841 0.795 1.790 2.077 2.735 1.738 1.285 0.702 0.778 1.128 1.973 2.050 2.453 1.544 0.692 0.684 0.684 0.762 
m5c318r3.htb 2.746 2.746 2.559 2.082 1.051 1.051 0.726 0.580 -0.446 -0.175 -0.447 -1.759 0.726 0.824 1.566 2.838 2.907 2.811 2.677 1.743 1.100 0.517 -0.454 -0.103 
m5c323r2.htb 0.139 -0.160 -0.367 -0.103 -0.108 -0.108 0.214 1.128 1.262 1.363 1.691 1.838 
m5c330r2.htb -0.442 -0.724 -0.690 -0.900 -0.385 -0.086 0.066 0.066 0.293 0.293 0.146 0.491 0.715 1.380 -9.718 -9.718 -16.814 -16.814 -312350559.073 -16.814 -10.821 -8.814 -6.343 -2.913 -2.913 -4.400 -4.400 -5.125 
m5c334r2.htb 0.168 0.568 0.135 -0.037 0.397 0.598 0.584 0.971 0.755 0.035 0.279 0.119 0.122 0.122 0.311 -0.067 -0.128 0.219 0.355 -0.603 -0.800 -0.860 -0.648 -0.843 -0.900 -0.714 -0.468 -0.500 -0.353 -0.457 -0.494 -0.536 -0.089 0.172 0.876 0.977 0.561 0.244 
m5c341r2.htb 0.889 0.956 0.405 0.662 0.410 -0.580 -0.522 -0.078 -0.067 0.048 -0.067 -0.647 -1.332 -1.501 -1.569 -1.569 -1.401 -1.645 -2.216 1.656 1.526 1.614 1.296 1.333 1.600 1.631 2.164 1.603 1.570 0.999 0.126 -0.113 -0.370 -0.121 -0.069 0.310 0.768 1.057 
m5c347r2.htb -2.004 -1.174 -0.522 0.336 0.353 0.065 0.181 0.200 -0.175 -0.319 -0.036 -0.719 -1.120 -1.236 -0.974 -1.037 -0.617 0.406 0.357 0.597 1.162 1.089 1.529 1.952 2.218 2.570 3.054 2.046 1.950 1.342 1.026 1.494 1.329 2.173 2.350 2.959 1.767 1.816 1.273 1.400 0.972 1.156 1.246 1.037 
m5c352r2.htb 0.820 0.477 -0.130 -0.771 -0.116 -0.863 0.165 0.425 1.447 1.252 2.007 1.176 2.135 1.657 1.270 0.657 -0.859 -0.154 0.124 0.432 0.717 1.537 1.853 1.401 1.682 1.996 1.464 1.509 0.972 0.395 -0.151 0.148 
m5c358r2.htb -1.310 -1.161 -0.937 -0.119 -0.162 -0.394 -0.123 -0.123 -0.369 0.126 0.481 0.681 0.869 1.171 1.342 1.824 1.863 -2.056 -2.618 -2.370 -2.054 -2.275 -2.314 -1.696 -1.012 -1.012 -0.402 0.374 0.447 0.857 1.175 1.635 1.120 0.889 
m5c364r2.htb 2.035 1.716 1.405 2.772 2.555 1.836 1.759 2.349 1.091 0.489 0.641 -0.449 0.055 0.455 0.292 -0.365 0.130 -0.218 -0.353 -0.809 -0.352 -0.823 
m5c371r2.htb 1.136 1.632 1.632 1.678 2.235 2.759 2.975 3.073 2.782 2.033 0.808 0.119 0.177 0.475 0.489 1.077 1.242 1.748 2.733 2.154 2.020 3.123 2.834 2.284 2.780 2.463 1.488 1.106 1.106 0.723 1.179 1.911 
m5c377r2.htb 1.562 1.287 1.049 1.049 1.479 0.443 0.443 0.305 -0.055 0.067 0.449 0.449 0.449 0.673 0.353 0.301 0.402 -0.068 -0.328 -0.073 0.122 0.361 0.598 0.820 0.875 0.859 0.544 0.860 1.803 2.239 1.538 1.538 1.884 1.043 0.808 1.235 1.037 0.621 0.648 0.778 0.575 0.471 0.643 0.768 0.866 1.264 1.997 1.997 1.900 2.032 2.192 2.192 2.981 2.918 
m5c381r3.htb -1.037 -1.695 -1.512 -1.215 -0.151 0.357 0.422 0.522 0.042 0.177 0.422 0.735 0.354 0.974 0.974 0.499 0.303 0.629 0.723 0.787 -0.335 -0.647 -0.586 0.395 0.584 0.751 1.277 1.199 0.558 0.719 1.106 0.683 1.064 0.820 0.678 0.384 0.384 0.528 0.384 0.493 
m5c385r3.htb -0.112 0.301 0.308 0.809 0.735 0.411 0.290 0.284 -0.113 -0.368 -0.122 -0.137 -0.133 -0.284 -0.276 -0.634 -1.172 -1.079 1.722 1.004 0.966 0.966 1.080 2.442 1.766 2.140 2.447 2.107 0.963 1.787 0.908 0.980 0.837 0.852 0.213 -0.325 
m5c391r3.htb -3.860 -4.066 -2.913 -4.230 -4.230 -3.396 -3.396 -2.569 -2.528 -1.617 -1.789 -1.789 -1.628 -1.875 -1.961 -1.535 6.170 6.631 5.426 3.167 2.324 1.249 0.799 1.144 0.886 1.387 1.824 1.629 1.139 1.594 1.161 0.860 
m5c398r3.htb -6.512 -3.714 -2.884 -2.085 -3.994 -4.412 -4.733 -5.358 -7.563 -5.293 -4.134 -4.147 -3.629 -2.350 -2.033 -2.346 -2.519 2.868 2.203 1.816 1.816 2.039 1.389 1.233 1.518 0.786 0.723 0.564 0.616 0.207 0.069 0.069 0.027 -0.698 
m5c405r3.htb -2.884 -2.570 -2.916 -2.328 -2.916 -3.199 -2.486 -3.486 -3.795 -3.191 -2.363 -2.363 -1.885 -1.866 -1.470 -1.789 -1.587 -0.813 -0.827 -1.030 -0.527 -0.495 -0.335 -0.541 -0.330 -0.307 0.640 0.124 0.320 0.124 0.651 0.853 1.060 0.751 0.455 -0.456 -0.790 -1.581 -1.509 -1.549 -1.549 -1.329 -0.510 -0.131 0.131 1.157 1.338 1.398 1.713 1.713 1.437 1.782 
m5c410r3.htb 2.052 1.799 1.501 0.799 0.799 0.636 0.657 0.406 0.712 0.496 0.380 0.173 0.259 0.259 0.611 0.611 0.684 0.340 0.424 0.138 0.533 1.006 0.326 0.112 0.332 0.770 0.765 0.688 1.311 1.266 1.020 0.773 0.763 0.556 0.345 -0.074 -0.089 -0.247 -0.522 -0.465 -0.272 -0.244 -0.225 -0.184 
m5c414r3.htb 1.003 1.212 1.175 0.587 0.361 0.220 0.317 0.290 -0.339 -0.357 -0.920 -1.216 -1.543 -0.983 -0.629 0.453 -0.301 -0.224 -0.357 -0.564 0.059 0.043 -0.131 -0.184 -0.060 -0.884 -0.870 -0.624 -0.857 -1.037 -0.190 -0.162 
m5c419r3.htb 0.432 0.455 0.351 0.065 0.125 0.125 -0.149 0.103 0.590 0.881 1.291 1.921 1.950 1.950 1.019 0.981 0.997 0.680 0.843 1.301 1.100 1.580 2.122 2.717 1.962 1.962 1.999 1.589 
m5c426r3.htb 0.665 0.455 -0.196 -0.069 0.185 0.068 -0.307 -0.498 -0.999 -1.289 -2.233 -1.360 -1.090 -1.568 -2.254 -1.880 -2.463 8.431 8.431 8.431 6.636 4.228 4.228 3.341 3.341 3.515 3.145 2.884 3.382 2.868 1.939 1.939 1.423 1.334 
m5c431r3.htb -0.451 -0.345 -0.451 -0.652 -0.641 -0.641 -1.242 -1.288 -1.665 -1.330 -1.116 -0.635 0.071 0.599 1.057 0.899 0.882 -2.518 -1.966 -1.571 -1.360 -1.509 -1.391 -2.049 -2.362 -3.279 -3.050 -2.270 -1.334 -0.963 -0.346 -0.065 0.046 0.025 
m5c445r3.htb 0.263 0.256 0.246 0.080 0.848 1.485 1.534 2.060 2.416 1.373 1.218 1.022 0.813 0.752 1.004 0.888 0.463 0.082 -0.073 -0.072 0.559 0.894 1.214 1.952 2.153 1.554 1.152 0.863 0.651 0.662 0.491 0.413 
m5c453r3.htb 1.882 1.676 2.105 1.676 1.676 1.492 1.908 1.356 1.445 1.319 1.371 0.974 0.762 0.637 0.457 0.361 2.758 2.758 2.644 2.417 3.145 3.168 3.168 2.675 2.675 1.884 1.997 1.479 2.075 1.486 1.106 0.946 
m5c457r3.htb 1.057 0.963 1.168 0.741 0.293 0.542 0.413 0.413 0.543 0.543 -0.043 0.277 0.109 0.063 0.917 1.422 1.079 0.673 0.528 0.614 0.932 0.932 1.103 1.042 0.713 0.517 0.206 -0.295 -0.462 -0.607 -0.061 -0.111 
m5c463r3.htb 1.405 0.453 0.720 0.720 0.887 1.127 1.093 1.093 1.545 1.346 0.798 0.908 0.083 0.076 -0.532 -0.325 -0.422 -0.433 1.423 1.589 2.301 1.613 2.261 1.887 1.361 0.923 1.298 0.657 1.324 1.451 2.068 1.761 1.832 1.139 1.362 0.427 
m5c467r3.htb -0.419 -0.579 -0.579 -0.073 0.967 0.728 0.889 0.614 0.490 0.193 0.328 0.070 -0.128 -0.640 -0.815 -2.295 -1.086 0.706 0.873 0.875 0.844 1.449 1.449 1.538 1.079 0.758 0.363 0.586 0.467 0.487 0.361 -0.357 -0.999 -1.184 
m5c471r3.htb -0.080 0.221 -0.081 -0.385 -1.067 -1.574 -2.059 -2.395 -2.494 -1.789 -1.132 -0.852 -0.549 -0.220 -0.070 0.070 -0.067 0.078 -0.205 -0.815 -1.175 -1.089 -1.192 -1.352 -1.233 -1.265 -1.509 -1.042 -1.152 -1.346 -1.247 -1.221 -1.221 -1.049 -1.049 -1.122 -0.888 -0.471 
m5c475r3.htb -1.221 -0.744 -0.886 -0.733 -0.293 -0.062 0.283 -0.332 -0.116 0.183 -0.405 -0.369 0.375 0.121 -0.310 -0.518 -0.697 -1.046 -0.989 -0.721 -0.336 -0.336 0.285 0.285 0.438 0.705 0.805 0.540 0.681 0.503 0.131 0.135 -0.036 0.065 -0.468 -0.290 -0.461 -0.677 -1.008 -0.461 
m5c479r3.htb -0.705 -0.770 -0.752 -0.963 -0.886 -0.872 -0.710 -0.787 -0.302 -0.360 -0.203 -0.219 -0.229 -0.239 -0.073 -0.072 -0.306 -0.669 -0.998 -0.839 -0.518 -0.086 0.080 -0.077 -0.394 -0.511 -0.587 -0.652 -1.289 -1.067 -1.089 -0.910 -0.893 -0.079 
m5c482r3.htb -1.461 -1.672 -1.906 -1.396 -0.485 -0.529 0.111 0.120 0.409 0.409 1.237 0.806 0.810 0.860 0.354 0.075 -0.198 -0.464 -1.115 -1.798 -1.679 -1.610 -0.909 -0.683 -0.174 -0.131 0.322 0.801 1.200 0.874 0.718 0.287 0.128 -0.287 -0.482 -0.710 
m5c486r3.htb -1.813 -2.071 -2.642 -1.783 -1.721 -1.161 -1.356 -0.697 -1.146 -0.975 -1.296 -1.078 -1.721 -1.265 -1.366 -1.043 -0.923 -0.322 -0.723 0.962 0.894 0.822 0.787 1.280 1.696 1.262 1.333 1.390 0.882 0.734 0.649 0.400 0.368 0.384 0.506 0.409 0.361 0.368 
m5c490r3.htb -0.575 -0.453 -0.059 0.125 -0.905 -0.948 -1.224 -1.224 -1.234 -0.591 -0.967 -1.019 -1.701 -1.875 -2.655 -2.163 -2.655 -1.993 -1.557 -0.938 1.658 0.875 0.328 0.172 0.621 0.693 0.988 1.043 1.218 0.716 1.026 0.325 0.325 -0.053 0.131 0.064 0.411 0.322 0.675 0.531 
m5c494r3.htb -0.181 -0.030 -0.030 0.270 0.322 -0.054 -0.598 -0.345 -0.328 -0.790 -0.645 -0.322 -0.503 -1.505 -0.867 -0.677 -0.613 0.511 0.382 0.382 0.211 0.244 0.401 0.311 0.051 -0.022 -0.050 -0.193 -0.353 -0.219 -0.219 -0.329 -0.282 0.067 
m5c498r3.htb 0.076 0.728 0.632 0.792 0.322 0.298 -0.132 -0.128 -0.808 -0.322 -0.338 -0.068 0.298 0.596 0.596 0.433 0.424 -0.129 -0.045 0.576 0.978 1.418 1.558 1.110 0.843 0.676 0.442 -0.070 -0.280 -0.545 -0.561 -0.474 -0.240 -0.158 -0.036 0.055 
m5c504r3.htb -0.137 -0.554 -1.252 -1.763 -1.550 -1.124 -0.721 -0.500 -0.429 -0.325 -0.383 -1.164 -1.360 -1.435 -1.530 -1.645 -1.029 -0.722 -0.873 -0.726 -0.570 0.837 1.131 1.273 0.916 1.151 0.287 0.191 0.068 0.065 -0.329 -0.302 -0.723 -0.641 -0.756 -0.641 -0.475 -0.070 -0.203 -0.069 -0.507 -1.123 
m5c508r3.htb -0.069 -0.135 -0.590 -0.859 -0.547 -0.306 0.048 -0.128 -0.271 -0.580 -0.787 -1.400 -0.729 -0.729 -0.725 -0.474 -0.177 -0.365 1.493 1.360 1.631 1.559 1.645 2.235 1.649 1.182 0.303 0.283 0.053 0.409 0.707 0.598 0.328 -0.051 -0.429 -1.103 
m5c513r3.htb -0.864 -0.601 -0.453 -0.629 -0.338 -0.204 -0.647 -0.937 -0.859 -1.471 -1.632 -1.273 -1.152 -1.245 -0.907 -0.776 -0.880 -0.847 -0.800 -1.335 -1.591 -1.558 -3.309 -3.073 -2.233 -1.775 -0.836 -0.439 -0.860 -0.787 -1.175 -2.253 -2.340 -2.167 -2.309 -1.946 -1.144 -0.979 -1.525 -1.004 -0.878 -1.184 -0.876 -0.677 
m5c518r3.htb -0.528 -0.677 -1.091 -1.069 -0.636 -0.355 -0.051 -0.133 0.023 0.173 -0.129 -0.731 -0.483 -0.621 -0.697 -1.072 -0.528 -0.999 -0.280 -0.094 -0.146 -0.528 -1.048 -1.193 -1.884 -2.195 -1.857 -1.080 -1.083 -0.837 -0.302 0.056 -0.191 0.052 -0.439 -0.654 
m5c522r3.htb -1.024 -0.998 -0.605 -0.790 -0.488 -0.295 0.043 -0.128 -0.077 -0.658 -0.700 -1.732 -1.446 -0.995 -0.456 -0.610 -0.067 -0.065 0.065 -0.123 -0.274 -0.284 -0.433 -0.433 -0.174 0.128 0.474 0.731 0.809 0.892 0.220 -0.080 
m5c526r3.htb -0.577 -0.445 -0.790 -0.790 -0.790 -0.942 -1.795 -1.208 -0.918 -0.742 -0.554 -0.543 -0.936 -0.892 -0.852 -0.490 -0.630 -0.837 -0.775 -0.803 -1.225 2.194 2.758 3.340 3.486 3.431 3.431 2.672 2.759 2.061 1.991 1.991 2.672 1.819 1.819 1.960 1.857 1.132 1.132 0.911 0.877 0.658 
m5c531r3.htb 0.766 0.588 0.573 0.427 0.605 0.144 -0.268 -0.372 -0.197 -0.382 -0.072 1.006 1.555 1.264 1.091 0.870 0.911 0.852 1.304 1.452 1.092 1.092 1.092 1.598 1.360 1.424 0.937 0.745 0.337 0.572 0.562 1.423 1.423 1.615 1.169 1.364 
m5c536r3.htb -1.219 -1.040 -0.824 -1.039 -0.829 -0.853 -0.541 -0.135 0.066 0.353 -0.066 -0.242 -0.510 -1.110 -1.288 -1.003 -0.341 -0.077 -0.081 0.072 0.184 0.175 0.058 0.037 0.055 -0.060 0.204 0.430 0.604 0.268 0.268 -0.376 
m5c540r3.htb -1.456 -1.721 -1.209 -1.220 -1.337 -1.488 -1.497 -2.111 -1.789 -1.560 -1.855 -1.494 -1.388 -1.326 -1.174 -0.767 -0.915 -0.915 -0.873 -0.589 -0.801 -0.803 -1.480 -1.258 -1.119 -1.234 -1.463 -0.885 -0.805 -1.221 -1.146 -1.067 -0.488 -0.298 -0.135 0.053 
m5c544r3.htb -2.137 -2.046 -1.507 -0.882 -0.932 -1.406 -1.342 -1.165 -1.188 -1.090 -0.572 -0.605 -0.723 -0.809 -1.041 -1.205 -1.507 -1.130 -1.130 -1.526 -1.062 -0.798 -0.663 -0.800 -0.423 -0.424 -0.213 -0.346 -0.980 -1.083 -1.361 -2.370 -3.186 -2.203 -2.422 -2.922 -2.084 -1.992 -2.039 -2.489 
m5c548r3.htb -0.706 -0.614 -0.706 -0.705 -0.630 -0.336 0.062 0.175 0.150 -0.124 -0.439 -0.937 -1.361 -2.470 -2.099 -2.720 -2.672 -2.365 -1.913 -1.284 -0.898 -0.438 0.176 0.700 0.321 0.305 0.138 0.227 -0.444 -0.284 -0.585 -1.312 -1.977 -1.235 -1.847 -1.502 
m5c552r3.htb -0.673 -0.292 -0.901 -1.321 -1.581 -2.494 -3.025 -2.206 -1.385 -1.283 -1.375 -1.908 -1.748 -2.516 -2.516 -2.301 -1.999 -3.056 -2.167 -2.254 -1.696 -2.153 -1.875 -1.681 -1.882 -1.676 -1.220 -0.979 -0.736 -0.563 -0.546 -0.604 -0.709 -1.164 -1.234 -1.264 -1.785 -1.961 
m5c556r3.htb -1.006 -0.394 -0.394 -0.172 -0.309 -0.369 -0.575 -0.243 -0.761 -0.526 -0.311 -0.282 -0.510 -0.048 -0.145 -0.255 -0.337 -0.179 -0.605 -0.547 -1.571 -0.787 -0.449 -0.426 -0.729 -0.815 -1.038 -0.511 -0.369 -0.353 -0.295 -0.292 -0.437 -0.474 -0.303 -0.346 -0.320 -0.320 -0.256 -0.293 
m5c561r3.htb -0.833 -0.918 -0.724 -0.522 -0.539 -0.356 -0.521 -0.316 -0.291 -0.062 -0.433 -0.337 -1.161 -1.184 -1.273 -0.794 -0.522 0.069 -0.394 -0.160 -0.379 -0.127 0.197 0.060 -0.289 -0.443 -0.282 -0.611 -0.980 -0.690 -0.690 -1.073 -0.654 -0.587 -0.380 -0.411 
m5c565r3.htb 0.469 0.124 -0.107 -0.296 -0.455 -0.328 0.111 0.613 0.801 1.324 0.788 0.706 0.357 -0.115 -0.799 -0.827 -0.874 -0.238 -0.999 -0.837 -1.259 -1.153 -1.060 -1.131 -1.153 -0.665 -0.128 0.126 0.845 0.646 0.402 0.162 -0.243 -0.305 -0.305 -0.363 
m5c568r3.htb 0.218 0.218 0.171 0.079 0.069 0.070 -0.337 -0.071 0.168 0.207 0.213 0.368 0.224 -0.216 -0.067 0.079 0.079 0.634 0.980 1.184 1.026 0.640 0.752 0.572 0.425 0.476 0.346 -0.336 -0.072 -0.243 -0.353 -0.616 -0.361 -0.678 
m5c574r3.htb -0.035 -0.192 -0.266 0.140 0.346 0.320 0.455 0.614 0.475 0.383 0.227 0.138 0.138 0.050 0.185 -2.475 -2.412 -1.923 -1.340 -0.539 -0.320 -0.108 -0.757 -0.375 -0.858 -1.478 -1.697 -0.975 -1.146 -0.892 
m5c578r3.htb 0.280 0.180 -0.073 0.136 0.616 1.361 1.361 1.782 2.613 2.684 2.105 2.105 2.519 2.365 1.669 1.535 1.904 1.356 -1.338 -1.075 -1.052 -1.134 -0.755 -0.078 0.131 0.910 0.959 0.937 1.502 1.369 1.019 0.298 0.640 0.128 -0.032 -0.036 
m5c583r3.htb 1.369 0.963 0.923 1.127 0.563 0.680 0.742 0.714 0.907 0.676 0.340 0.381 0.584 0.351 0.373 0.337 0.556 0.293 0.077 0.337 -0.065 0.131 0.468 0.754 0.163 0.371 -0.032 -0.508 -1.269 -1.062 -1.193 -1.210 
m5c588r3.htb 1.131 0.742 0.411 0.055 -0.550 -0.929 -1.221 -0.605 -0.195 0.068 -0.066 -0.066 -0.193 -0.054 -0.301 -0.121 2.028 1.770 1.389 0.742 0.616 0.561 0.844 1.234 1.258 1.306 1.164 0.710 -0.133 -0.136 -0.270 -0.271 
m5c593r3.htb 0.511 0.410 0.171 -0.027 -0.101 -0.036 0.416 0.422 0.279 0.775 0.775 0.116 0.567 0.725 1.112 0.798 1.349 1.150 0.729 0.530 0.213 0.213 0.436 0.243 0.213 0.178 -0.030 0.051 -0.127 0.050 0.225 -0.128 
m5c598r3.htb -1.102 -1.242 -1.857 -2.518 -1.946 -2.631 -2.194 -1.632 -1.153 -1.018 -0.496 -0.906 -0.825 -0.576 -0.403 -0.168 -0.326 0.064 0.067 -0.026 -0.268 -0.496 -0.801 -0.906 -0.778 -0.723 -0.684 -0.559 -0.491 -0.491 -0.363 -0.380 
m5c602r3.htb -0.319 -0.056 -0.056 -0.053 0.036 -0.467 -0.800 -0.822 -0.681 -1.018 -0.770 -0.610 -0.587 -0.854 -0.462 -0.268 0.528 0.337 0.293 0.242 0.138 0.150 0.103 0.032 0.032 -0.032 -0.093 -0.033 -0.059 -0.346 -0.259 -0.191 
m5c608r3.htb 0.046 -0.033 -0.036 -0.287 -0.375 -0.483 0.433 -0.185 0.699 0.597 -0.067 -0.208 -0.071 -0.169 -0.280 0.292 0.433 0.644 0.583 0.755 0.424 0.540 0.250 0.669 0.325 0.307 -0.331 -0.960 -1.269 -1.870 -1.897 -1.265 
m5c614r3.htb -0.417 -0.465 -0.271 -0.473 -0.060 0.168 0.167 -0.225 0.114 -0.647 -0.581 -0.190 -0.189 -0.389 -0.121 0.110 -2.350 -1.836 -1.390 -0.980 -0.474 -0.532 -0.871 -1.423 -1.310 -1.288 -1.573 -1.291 -1.120 -1.633 -1.633 -1.450 
m5c623r3.htb 1.884 2.546 2.427 2.455 1.869 1.564 0.908 0.453 0.319 0.429 0.197 0.048 0.510 0.687 0.751 0.116 -0.131 0.251 0.196 0.056 0.474 0.337 0.475 0.724 0.742 0.453 0.591 0.307 
m5c627r3.htb 1.568 1.497 1.565 2.088 0.955 0.747 0.747 0.206 -0.133 0.163 0.227 0.363 0.530 0.652 0.161 -0.131 -0.409 -0.367 -0.529 -0.530 -0.424 -0.530 -0.605 -0.402 -0.302 -0.185 0.191 0.815 
m5c391r3.htb 5.873 5.261 4.730 4.539 2.251 1.600 1.439 1.275 1.508 1.989 2.488 2.674 1.810 2.334 1.922 9.203 9.660 9.249 6.892 5.723 4.136 3.984 3.384 3.155 3.417 3.352 2.964 3.258 3.273 2.871 3.497 2.967 3.110 2.599 2.106 1.631 1.250 1.627 1.688 1.549 1.386 1.793 2.019 1.829 1.899 
m5c398r3.htb 2.212 1.616 1.438 1.265 0.568 0.763 0.464 0.375 0.343 0.374 0.372 0.668 0.931 0.957 1.041 0.784 8.175 5.128 4.766 5.800 5.966 5.448 6.178 7.528 7.143 4.927 4.595 4.373 3.876 2.105 1.856 2.674 3.271 3.095 3.690 3.041 1.943 1.391 1.681 1.672 1.134 1.011 0.961 1.057 0.789 0.474 0.596 0.706 
m5c405r3.htb 2.346 1.845 0.719 1.360 1.847 1.027 -0.097 -0.092 0.153 0.034 0.011 0.209 0.604 0.780 0.669 0.825 1.219 1.004 0.554 1.034 1.544 2.404 2.027 1.588 1.787 3.320 2.828 3.254 3.372 3.889 3.538 3.944 3.999 3.519 2.231 1.026 1.053 0.847 -0.345 0.337 0.607 0.887 1.066 1.537 1.764 1.908 2.114 2.369 2.118 1.666 2.845 2.843 2.762 2.719 1.726 0.971 -0.429 -1.043 -1.170 -1.305 -1.042 -1.267 -1.057 -0.488 0.038 0.105 0.725 1.011 0.624 0.871 0.975 0.832 0.423 0.202 0.419 
m5c410r3.htb 0.221 0.261 -0.074 -0.071 0.341 0.462 0.671 0.599 -0.113 -0.241 -0.972 -1.352 -1.424 -0.794 -0.224 0.272 0.454 0.856 0.597 0.345 0.266 -1.459 -1.412 -0.702 -0.243 0.216 0.346 0.685 0.457 0.030 0.554 0.624 0.200 -0.448 -0.698 -0.419 -0.462 -0.953 -1.430 -0.720 -0.446 -0.755 -1.023 -1.845 -1.523 -1.181 -1.186 -1.678 -0.991 -0.365 -0.266 -0.524 -0.495 -0.080 0.130 0.182 0.195 0.555 0.244 0.092 -0.151 -0.040 -0.167 
m5c414r3.htb -0.806 -1.280 -1.505 -0.891 -0.868 -0.460 -0.964 -1.399 -1.049 -1.484 -1.602 -0.641 -0.147 0.954 0.393 -1.338 -1.494 -1.208 -0.667 -0.225 -0.666 -0.636 0.222 -0.080 0.021 0.085 0.075 0.977 -0.030 0.026 -0.537 0.096 0.028 -0.003 0.054 -0.191 -0.092 -0.289 -0.797 -0.551 -0.898 -0.601 -0.663 -0.259 0.377 
m5c419r3.htb 1.324 1.248 1.071 0.947 0.878 0.320 0.018 -0.089 -0.372 0.109 -0.171 -0.460 -0.536 0.553 0.653 0.618 0.540 1.202 1.055 1.556 1.385 1.280 1.261 0.211 0.325 0.071 0.286 0.099 0.016 0.231 0.236 0.138 0.383 0.380 -0.633 -1.004 -0.694 -0.211 -0.066 
m5c426r3.htb 0.946 0.108 0.176 -0.331 -0.553 -0.253 -0.308 0.199 0.221 0.537 0.765 0.877 0.816 1.360 1.888 1.938 7.906 8.055 6.558 5.839 4.173 3.924 4.087 4.378 4.138 4.873 4.605 4.308 3.982 3.952 3.778 3.400 0.862 1.097 0.992 0.859 0.837 0.908 1.287 1.740 1.156 1.194 1.340 1.857 2.461 1.306 1.323 1.108 
m5c431r3.htb 0.176 -0.312 -0.503 0.287 -0.299 -0.434 -0.573 0.544 0.498 0.087 0.074 0.324 0.348 0.066 0.060 0.164 -1.811 -1.374 -0.861 -0.644 -1.254 -0.776 -0.897 -1.235 -1.465 -1.452 -0.715 -0.908 -1.220 -0.961 -0.863 -0.947 0.301 -0.112 -0.063 0.105 0.041 -0.292 0.407 0.305 0.353 0.457 0.611 0.722 0.232 0.262 0.212 -0.141 
m5c445r3.htb -0.803 -0.364 0.189 0.371 0.338 0.568 0.372 0.441 0.151 -0.202 -0.076 -0.494 -0.102 -0.205 0.161 -0.007 -0.292 -0.370 -0.017 -0.173 -0.505 -0.300 -0.362 -0.005 0.108 -0.136 -0.121 -0.124 -0.316 -0.476 -0.348 -0.301 -0.529 -0.001 0.232 0.095 -0.091 0.107 -0.162 -0.282 -0.440 -0.314 -0.089 -0.083 -0.251 
m5c453r3.htb 0.228 -0.924 -0.607 -0.009 0.096 0.283 -0.034 0.330 0.270 0.075 -0.277 -0.251 0.225 0.054 -0.272 1.131 0.842 0.719 1.067 1.265 1.775 0.847 1.401 0.972 0.563 0.648 0.957 0.975 0.545 0.607 -0.252 -0.670 -0.215 -0.291 0.135 0.087 -0.139 -0.518 -0.648 -0.734 -0.994 -0.742 -0.539 0.003 0.317 
m5c457r3.htb 0.129 -0.065 -0.723 -1.652 -1.486 -1.339 -0.909 -0.480 0.176 0.902 1.229 1.438 1.101 0.579 -0.186 0.054 -0.411 -0.238 0.305 0.312 0.535 0.403 0.341 0.545 0.147 -0.202 -0.627 -0.541 -0.795 -1.017 0.676 0.578 0.275 -0.183 0.150 -0.163 -0.721 -0.476 -0.706 -0.215 -0.094 0.303 0.204 0.967 0.940 
m5c463r3.htb 0.432 0.551 0.678 0.612 1.017 0.556 0.564 0.206 0.481 -0.223 -0.820 -0.675 -0.717 -0.484 -0.866 -0.009 0.499 0.538 1.180 1.078 1.209 0.701 0.711 0.136 -0.259 -0.295 0.007 0.541 1.326 1.501 1.799 1.755 1.952 1.309 0.615 0.784 1.009 0.768 0.319 0.794 0.573 0.386 0.460 0.649 1.032 0.427 0.390 0.627 0.316 0.365 -0.049 
m5c467r3.htb 0.140 0.485 1.335 0.521 1.377 2.245 2.411 1.278 0.573 1.127 0.097 -0.411 -0.521 -0.088 -0.082 -0.039 1.061 1.359 1.340 1.061 0.627 0.660 0.466 0.246 0.316 0.452 0.442 0.365 0.566 0.571 0.901 0.412 0.138 0.113 0.526 -0.022 0.213 0.460 0.260 -0.023 -0.174 0.134 0.210 -0.194 -0.291 -0.088 0.115 0.108 
m5c471r3.htb -0.150 -0.633 -0.714 -0.760 -0.025 0.011 -0.816 -0.164 -0.266 -0.085 -0.180 -0.666 0.085 0.697 0.747 0.920 0.749 1.193 -0.768 -1.028 -1.265 -0.350 0.121 0.345 0.726 0.813 1.009 0.288 -0.279 -0.532 -0.807 -1.040 -1.074 -0.934 -0.985 -0.442 -0.633 -0.520 -0.749 -0.892 -1.093 -0.362 0.184 0.497 0.449 0.485 0.359 -0.111 -0.220 -0.494 -0.743 -0.724 -0.490 -0.210 
m5c475r3.htb 0.428 0.422 0.346 0.888 0.843 0.506 0.418 0.233 0.377 0.000 -0.584 -0.682 -0.521 -0.187 -0.036 -0.206 0.073 0.392 0.561 0.913 0.786 0.958 1.129 0.555 0.580 1.073 0.617 0.587 0.152 0.377 0.428 -0.253 -0.136 0.036 0.176 0.336 0.399 -0.098 0.030 0.181 0.563 1.057 0.809 0.197 0.401 0.961 0.673 0.608 0.810 1.264 1.032 0.361 0.806 1.151 1.414 0.834 0.947 
m5c479r3.htb 0.252 -0.427 -0.511 -0.396 -0.542 -0.572 -0.552 -0.093 -0.016 -0.590 -0.231 -0.069 0.158 0.034 -0.107 0.150 0.027 0.053 0.322 0.464 0.765 0.521 0.552 0.164 -0.145 -0.322 -1.065 -0.638 -0.833 -0.681 -0.824 -0.470 -0.681 -0.391 -0.587 -0.207 0.402 0.422 0.194 0.146 0.330 0.129 0.129 0.164 0.404 0.483 0.048 0.274 
m5c482r3.htb 0.644 1.038 0.435 0.644 0.534 0.232 -0.005 -0.281 -0.653 -0.780 -1.213 -1.048 -0.684 -1.597 -0.245 -0.218 0.739 -0.106 0.303 0.150 -0.390 -0.172 -0.274 0.090 -0.040 -0.446 0.184 -0.242 0.189 -0.247 -0.419 -0.400 -0.345 -0.020 0.195 -0.328 -0.374 -0.026 -0.073 0.226 0.385 0.650 0.512 0.356 0.156 0.329 0.029 -0.349 -0.382 -0.299 -0.161 
m5c486r3.htb 1.774 1.233 1.314 1.574 1.508 1.069 0.886 0.539 0.196 -0.446 -0.301 0.081 -0.071 0.824 1.167 1.748 1.738 0.991 2.841 3.440 2.801 2.824 2.744 2.786 2.534 2.087 2.303 1.873 2.052 2.099 1.698 1.705 1.536 1.458 1.104 0.886 0.977 0.862 0.867 1.163 1.188 1.010 1.116 1.000 0.970 0.856 1.490 1.460 1.467 1.318 1.204 1.328 0.780 0.516 
m5c490r3.htb 0.734 0.834 0.439 0.437 0.485 0.456 0.350 0.294 0.198 0.440 0.471 0.692 0.843 0.956 0.919 0.462 0.403 0.201 -0.286 1.509 1.144 0.442 1.163 1.563 1.672 1.891 2.207 2.270 1.840 1.463 1.772 1.869 2.414 2.531 2.470 2.654 2.054 1.952 0.471 0.346 0.432 0.317 0.398 0.431 0.301 0.749 0.717 0.782 0.697 0.583 0.727 0.230 0.424 0.296 0.305 0.175 -0.082 
m5c494r3.htb -0.177 0.013 0.165 0.316 0.404 0.166 0.167 -0.273 -0.345 -0.451 -0.345 -0.386 -0.105 0.409 0.244 -0.541 0.473 0.660 0.278 -0.201 0.382 0.559 0.628 0.109 0.512 0.856 0.303 0.099 0.681 0.761 0.558 0.503 0.261 0.249 0.073 0.020 0.164 0.123 0.315 0.260 0.122 0.256 -0.022 -0.027 -0.134 0.233 0.487 0.447 
m5c498r3.htb 0.070 0.686 0.684 0.581 0.333 -0.126 0.231 -0.428 -0.297 -0.805 -0.938 -0.754 -0.928 -0.266 -0.838 -0.758 -0.660 -0.285 0.074 0.444 1.007 1.027 0.793 0.757 1.092 0.832 0.008 -0.279 -0.711 -0.555 -0.858 -0.651 -0.699 -0.212 0.161 0.007 -0.098 -0.214 -0.379 -0.474 -0.928 -0.920 -0.684 -0.890 -0.677 -0.405 -0.145 -0.124 -0.232 0.209 0.112 
m5c504r3.htb 1.739 2.209 1.027 0.637 0.659 0.688 0.408 0.209 0.456 1.029 0.789 0.486 0.346 0.844 0.969 0.495 0.718 0.584 0.460 0.518 1.577 1.770 2.081 2.379 2.196 1.339 0.818 0.456 0.173 0.103 0.465 0.565 0.603 0.515 1.121 1.181 0.663 0.575 0.126 0.027 -0.146 -0.174 -0.187 0.086 0.247 0.323 0.378 0.493 0.735 0.761 0.813 1.308 1.746 1.764 2.084 2.499 2.552 1.576 1.189 0.944 
m5c508r3.htb 0.375 -0.172 0.526 0.175 -0.195 -0.387 -0.627 -0.387 -0.496 -0.553 -0.448 -0.654 -0.459 -0.164 -0.410 0.478 0.345 1.516 1.856 2.438 2.110 2.314 1.528 1.633 0.999 0.844 0.993 1.042 1.718 1.086 1.225 0.568 0.055 -0.257 0.883 0.709 0.113 0.212 0.326 0.078 0.002 -0.548 -0.462 -0.223 -0.213 -0.176 -0.176 0.093 -0.139 -0.690 -0.896 
m5c513r3.htb 0.576 0.540 0.860 0.265 0.102 0.490 -0.119 -0.244 0.201 1.137 1.218 1.000 1.664 1.684 0.137 0.295 -0.026 -0.040 -0.297 -0.097 -0.619 -1.717 -2.341 -1.503 -0.674 -0.666 0.002 -0.288 -0.216 -0.678 -0.735 -0.362 -0.859 -1.026 -0.583 -0.320 -0.344 -0.306 -0.363 0.133 0.330 0.923 -0.831 -0.709 -0.319 -0.488 -0.674 -0.513 -0.452 -0.581 -0.714 -1.552 -1.540 -1.922 -2.050 -0.694 -0.086 0.771 -0.048 -0.272 -0.794 -1.428 -1.507 
m5c518r3.htb -0.318 -0.204 -0.207 0.062 0.082 0.188 0.875 0.504 0.261 0.349 0.132 -0.162 -0.188 -0.250 -0.379 -0.077 -0.048 0.473 0.415 0.539 0.016 -0.510 -1.016 -1.896 -1.930 -1.534 -1.013 -0.482 -0.045 0.333 0.380 0.984 0.472 0.356 -0.772 -0.453 0.166 -0.145 -0.441 -0.871 -0.893 -0.347 -0.816 -0.406 -0.414 -0.430 -0.463 -0.462 -0.218 -0.353 -0.459 
m5c522r3.htb 0.079 -0.086 0.163 0.304 0.283 -0.184 -0.367 -0.272 -0.206 -0.091 0.021 -0.025 0.276 0.719 1.079 1.024 0.562 0.814 0.443 0.154 -0.118 -0.504 0.018 0.525 0.916 1.793 1.601 1.886 1.344 0.675 0.437 0.918 0.706 0.560 0.561 0.614 0.218 0.203 0.432 0.502 0.336 0.330 0.707 0.680 0.510 
m5c526r3.htb 0.516 0.791 1.026 0.409 0.291 0.636 -0.020 -0.027 -0.538 -0.579 -0.369 -0.255 0.646 0.607 0.450 0.568 0.584 0.815 -0.080 -0.486 2.996 3.695 4.587 3.810 4.025 4.390 4.341 3.642 2.633 2.753 3.281 2.830 2.606 2.543 2.431 2.559 1.836 1.720 1.748 1.626 0.650 0.614 1.174 1.031 0.949 0.925 0.771 0.700 0.098 0.306 0.328 0.386 0.362 0.462 0.564 0.560 0.524 0.523 0.826 0.674 
m5c531r3.htb 0.125 0.265 0.231 0.009 0.187 -0.214 -0.353 -0.747 -1.306 -1.444 -1.365 -1.413 -0.553 -0.248 0.303 0.477 0.855 0.536 0.627 0.878 0.620 1.084 1.504 1.383 1.429 1.076 0.753 0.290 -0.507 0.063 0.291 0.205 0.069 0.346 0.131 0.254 0.558 0.349 0.679 0.820 0.752 0.628 0.369 0.595 0.513 0.285 0.222 -0.269 0.225 -0.178 -0.170 
m5c536r3.htb -0.348 -0.226 -0.435 -0.352 -0.415 0.115 0.408 0.592 0.889 1.276 1.455 0.882 0.619 0.297 0.289 1.020 0.843 1.068 1.164 0.726 0.761 0.327 0.273 -0.149 0.109 0.455 0.765 1.216 1.211 1.057 0.027 0.073 -0.794 -0.563 -0.665 -0.579 -0.829 -0.574 -0.010 0.054 0.010 0.154 0.282 0.090 -0.308 
m5c540r3.htb -0.047 -0.112 0.239 0.536 0.751 0.715 0.887 0.870 0.563 0.264 -0.567 -0.274 -0.142 0.181 0.079 0.415 0.689 0.735 0.987 0.516 -0.142 0.052 0.561 0.781 0.502 0.057 1.018 0.602 0.594 0.080 0.354 0.794 0.481 1.283 0.136 0.396 0.477 0.510 0.557 0.752 0.655 0.400 0.546 -0.210 -0.712 -0.944 -0.966 -0.547 -1.319 -0.183 0.214 
m5c544r3.htb -0.244 -0.635 -0.286 -0.549 -1.071 -0.726 -0.770 -0.591 -0.158 -0.121 0.007 -0.013 0.056 0.684 0.777 0.322 -0.059 -0.297 -0.140 1.084 1.230 0.790 0.131 0.752 1.073 0.917 0.262 0.021 -0.309 -1.093 -2.032 -1.775 -1.173 -1.791 -0.973 -1.199 -0.502 -0.809 0.481 0.700 0.457 1.148 1.310 1.013 0.948 0.473 0.707 0.003 0.331 0.325 0.394 0.271 -0.019 -0.161 -0.785 -0.624 -0.659 
m5c548r3.htb 0.562 1.064 1.046 1.710 0.997 0.396 -0.199 -0.301 -0.688 -1.352 -0.767 -0.378 -0.250 -0.518 -0.052 -0.169 -0.231 -0.852 -0.647 -0.107 0.412 0.903 0.744 0.039 0.102 0.420 0.125 0.344 0.435 1.015 1.006 0.606 1.418 0.320 0.891 1.559 1.336 1.221 1.535 1.003 1.166 0.393 0.374 0.305 -0.026 0.004 -0.267 -0.059 -0.253 -0.055 -0.243 
m5c552r3.htb 1.142 0.749 0.823 0.359 0.034 0.014 -0.765 -0.431 -0.859 -0.066 -0.020 -0.533 -0.266 -0.294 -0.428 -0.517 -0.880 -0.488 -1.725 -1.267 -0.709 -0.543 0.320 0.569 0.968 0.787 0.411 1.043 1.246 0.850 1.449 1.013 1.587 1.392 0.553 0.711 -0.413 -0.556 -0.678 -0.231 -0.257 0.492 0.642 0.445 0.399 0.327 0.432 0.111 -0.270 -0.136 -0.286 -0.417 -0.754 -0.865 
m5c556r3.htb -0.008 -0.118 0.038 0.382 0.234 0.578 0.465 0.891 0.749 0.722 1.026 0.669 1.338 1.415 1.491 1.500 1.089 1.751 0.496 -0.323 -0.564 -0.267 -0.200 -0.365 -0.343 -0.392 0.073 0.177 -0.003 0.014 0.052 -0.140 -0.241 -0.226 0.036 -0.019 0.097 0.223 1.097 0.708 0.334 0.073 0.115 0.105 0.149 -0.259 0.064 0.198 -0.098 -0.281 -0.216 -0.151 -0.549 -0.741 -0.680 -0.672 -0.462 
m5c561r3.htb -0.395 -0.918 -0.737 -0.418 -0.254 -0.150 -0.426 0.112 0.083 -0.188 -0.372 -0.222 0.230 0.104 -0.401 -0.095 -0.064 0.245 0.602 0.285 0.899 0.561 0.068 -0.096 0.022 0.000 -0.383 -0.720 0.138 0.215 0.434 0.362 -0.170 -0.014 -0.383 -0.844 -0.593 -0.911 -0.452 -0.262 -0.305 -0.073 -0.437 -0.020 0.204 0.222 0.137 0.222 0.678 0.232 0.076 
m5c565r3.htb -0.415 -0.790 -0.553 -0.057 0.066 0.088 -0.197 0.191 0.111 0.384 0.551 0.742 0.788 0.950 0.665 0.534 0.745 -0.736 -1.015 -1.157 -0.818 -1.248 -0.479 -1.412 -1.021 -1.168 -0.544 0.012 -0.327 0.220 -0.140 0.620 0.427 0.239 0.327 0.639 0.098 -0.113 0.472 0.327 0.169 -0.297 0.366 0.481 0.109 0.247 0.171 0.387 0.265 0.123 0.158 
m5c568r3.htb 0.278 0.135 0.166 0.183 0.639 0.363 0.542 0.559 1.023 0.869 0.662 0.720 0.311 0.300 0.106 0.354 0.054 0.780 0.906 1.029 0.815 0.536 0.529 0.343 0.354 -0.116 -0.352 -0.618 -0.257 -0.340 -0.594 -0.433 -0.392 -0.205 -0.120 0.162 0.241 0.116 0.199 0.237 0.385 0.277 0.469 0.555 0.695 0.412 0.365 0.354 
m5c574r3.htb -0.145 0.013 0.463 0.612 0.954 1.082 0.816 0.479 -0.097 -0.172 -0.725 -0.249 0.137 0.240 -2.138 -1.754 -1.553 -1.132 -1.162 -0.659 -1.158 -0.918 -0.983 -1.783 -1.581 -1.596 -0.730 -1.227 -0.182 -0.401 -0.326 -0.181 -0.477 -0.556 -0.823 -0.664 -0.683 -0.638 -0.634 -0.384 -0.413 -0.403 
m5c578r3.htb -0.513 -0.302 -0.351 -0.418 -0.262 -0.110 0.462 0.838 0.164 -0.320 -0.416 -0.476 -1.058 -1.773 -0.864 -0.433 -0.317 -1.448 -1.264 -0.985 -1.539 -1.495 -1.013 -0.899 -1.078 -2.240 -0.987 -0.523 -1.082 -2.198 -1.695 -0.989 -1.508 -1.488 0.063 0.063 -0.045 -0.679 -0.191 -0.063 -0.256 -0.517 -0.410 -0.139 -0.592 -0.543 -0.187 0.469 0.262 0.075 0.037 
m5c583r3.htb 0.154 0.184 0.072 0.073 -0.257 -0.210 -0.055 0.209 -0.104 -0.544 -0.051 0.242 0.199 0.331 0.429 -0.803 -0.617 -0.692 -0.904 -0.536 -0.431 -0.092 -0.490 -0.535 -0.490 -0.661 -1.385 -1.833 -1.154 -1.232 0.103 0.300 0.227 0.187 -0.003 -0.157 -0.203 0.383 0.269 0.264 0.265 -0.005 0.178 0.098 0.089 
m5c588r3.htb -0.608 -0.539 0.114 -0.002 -0.050 -0.044 -0.893 -0.657 -0.833 -0.487 -0.250 -0.451 -0.191 -0.135 -0.147 0.477 1.383 1.018 0.899 1.147 1.553 2.264 1.494 1.267 1.197 0.990 0.408 -0.064 0.119 0.137 0.001 -0.392 -0.021 0.091 -0.200 -0.364 -0.137 0.064 -0.455 -0.129 0.258 0.214 -0.116 -0.086 0.230 
m5c593r3.htb 0.093 -0.164 -0.233 -0.012 -0.496 -0.094 -0.480 -0.065 -0.500 -0.924 -0.781 -0.912 -0.385 -0.358 -0.379 0.573 0.672 0.563 0.430 0.521 -0.032 -0.028 0.081 -0.556 -0.632 -0.432 -0.541 -0.273 -1.344 -0.872 0.324 0.327 0.365 0.211 0.129 0.124 -0.272 -0.532 -0.695 -0.546 -0.335 -0.248 0.127 0.257 0.338 
m5c598r3.htb 0.303 0.197 0.320 0.196 0.052 0.251 0.162 0.037 -0.388 -0.217 0.010 0.138 -0.053 -0.212 0.025 0.875 1.541 2.024 2.169 2.135 1.233 1.115 0.668 0.359 0.304 -0.058 0.285 0.146 0.068 -0.119 0.588 0.406 0.420 -0.066 -0.213 -0.122 -0.034 0.184 0.343 0.122 0.110 -0.330 -0.202 -0.388 -0.679 
m5c602r3.htb 0.137 0.006 -0.225 -0.108 0.006 -0.010 0.132 0.405 0.588 0.726 0.398 0.421 0.545 0.541 0.449 0.566 0.508 0.350 0.459 0.322 0.548 0.826 0.639 1.224 0.817 0.502 0.526 0.406 0.777 0.087 0.587 0.730 0.437 0.101 -0.452 -0.321 0.120 -0.243 -0.439 -0.425 -0.256 -0.366 -0.429 -0.283 -0.003 
m5c608r3.htb 0.669 0.022 0.239 0.208 -0.007 0.217 0.145 0.007 0.083 0.190 0.666 -0.000 0.109 0.276 -0.442 0.749 0.375 0.969 0.930 0.774 0.442 0.294 0.272 -0.232 0.043 -0.892 -0.706 -1.620 -1.254 -1.546 0.235 0.304 0.146 0.092 0.352 0.187 0.137 -0.022 0.078 -0.118 -0.124 -0.378 -0.448 -0.081 -0.236 
m5c614r3.htb -0.770 -0.174 -0.220 -0.426 -0.014 -0.369 0.114 -0.211 -0.558 -0.497 -0.780 -0.435 -0.310 -0.139 0.293 -1.174 -1.837 -0.506 -0.697 -0.691 -0.546 -1.677 -0.744 -0.878 -1.231 -0.960 -1.666 -0.654 -0.902 -1.918 -0.439 0.088 0.061 0.173 -0.069 0.395 0.493 0.263 0.427 0.159 0.596 0.279 0.119 0.158 0.221 
m5c623r3.htb -0.717 -0.420 -0.124 0.465 -0.084 -0.367 -0.013 -0.037 -0.426 -0.545 -0.198 -0.090 -0.094 -2.018 -2.245 -2.031 -2.133 -1.425 -1.043 -0.199 0.161 -0.012 0.328 0.548 0.135 -0.090 -0.065 0.249 0.230 0.161 0.026 -0.459 -0.459 -0.791 -0.795 -0.323 -0.484 -0.036 -0.529 
m5c627r3.htb -0.080 -0.281 -0.610 -0.156 -0.183 -0.624 -0.369 -0.510 -0.126 -0.064 -0.281 0.303 0.243 -1.483 -1.850 -2.052 -2.218 -1.278 -1.156 -0.984 -0.756 -0.569 -0.494 -0.544 -0.381 -0.147 -0.176 0.017 0.129 -0.618 -1.171 -1.004 -0.864 -0.865 -0.980 -0.414 -0.513 -0.309 -0.586 
m5c631r3.htb 0.187 0.559 0.305 0.238 -0.387 -1.202 -0.820 -0.885 -1.226 -1.175 -1.186 -0.499 -0.433 -2.433 -2.242 -1.729 -2.218 -2.010 -1.668 -1.125 -1.455 -2.095 -1.526 -1.596 -1.247 -1.313 -0.573 -0.470 -0.323 -0.115 -0.239 -0.067 0.074 0.547 0.997 0.549 0.685 0.221 0.567 
m5c634r3.htb -0.216 -0.399 -0.514 -0.101 0.018 -0.109 -0.335 -0.586 -0.519 -0.285 -0.487 -0.226 -0.029 0.261 0.336 -1.600 -0.979 -0.647 -0.603 -0.583 -0.332 -0.567 -0.825 -0.577 -0.056 0.408 -0.023 0.312 0.228 0.036 -0.037 0.148 0.198 -0.181 -0.331 -0.096 -0.139 -0.360 -0.692 -0.607 -0.340 -0.328 -0.373 0.187 0.556 
m5c638r3.htb 0.429 0.451 0.207 0.073 -0.304 -0.268 -0.116 -0.204 0.306 0.480 0.855 0.912 0.918 1.033 1.203 2.310 3.615 2.782 1.962 2.352 1.713 1.413 1.092 0.984 0.783 0.307 0.385 0.518 1.214 1.414 0.948 0.914 1.049 0.450 0.447 0.565 0.379 0.272 -0.029 -0.056 -0.023 0.034 0.267 0.431 0.486 
m5c642r3.htb -0.127 0.056 -0.164 -0.242 -0.306 -0.179 -0.397 -0.342 -0.279 -0.291 -0.306 0.055 0.201 0.246 0.430 0.775 0.664 0.481 0.305 0.391 -0.156 0.140 0.089 -0.132 0.142 0.365 0.417 0.934 0.971 1.349 1.229 0.736 0.184 0.263 0.511 0.426 0.280 0.424 0.285 -0.017 0.060 0.011 0.238 0.133 0.194 0.370 0.298 0.541 
m5c646r3.htb 0.550 0.086 -0.369 -0.272 0.301 -0.617 -0.125 0.070 0.133 0.040 -0.164 0.297 -0.007 0.158 0.101 1.386 1.993 2.294 2.174 1.936 1.627 1.663 1.131 1.470 1.410 1.314 1.006 0.784 0.825 1.110 0.708 0.590 0.681 0.575 -0.050 -0.366 -0.058 0.204 0.591 0.603 0.852 0.918 0.484 0.508 0.185 
m5c654r3.htb 0.324 -0.031 -0.346 -0.423 -0.124 -0.080 -0.265 -0.249 0.000 -0.105 -0.157 -0.135 -0.200 -0.245 -0.472 -1.566 -0.986 -0.618 -0.513 -0.183 -0.521 -0.869 -0.736 -0.511 -0.942 -0.802 -0.827 -0.362 -0.581 -1.094 0.154 -0.335 -0.635 -0.401 -0.235 -0.235 -0.107 0.067 0.163 -0.077 -0.225 -0.307 -0.570 -0.409 -0.361 
m5c656r3.htb 0.643 0.476 0.915 0.413 -0.167 -0.535 -0.766 -0.549 -0.337 -0.020 0.336 0.793 1.159 0.929 0.812 0.819 -0.659 -0.511 -0.032 -0.302 -0.900 -0.837 -0.784 -0.916 -1.579 -0.640 -0.246 -0.187 -0.596 -0.760 -0.625 -0.594 -0.035 -0.155 -0.317 -0.534 -0.296 0.393 0.410 0.482 0.626 0.952 0.550 -0.058 -0.172 -0.392 -0.443 -0.505 
m5c665r3.htb -0.133 -0.199 0.091 0.665 0.317 0.209 -0.053 -0.611 -0.781 -0.560 -0.392 -0.373 0.077 0.249 0.298 -0.249 -0.261 -0.029 0.061 0.543 0.543 0.893 1.174 0.927 0.800 0.640 0.099 -0.124 -0.715 -0.943 3.108 2.223 2.371 1.842 1.562 1.562 1.086 1.033 0.522 0.443 0.417 0.485 0.337 0.277 0.670 
m5c667r3.htb 0.571 0.672 0.348 -0.149 -0.186 0.146 0.565 0.757 0.386 0.214 0.254 0.330 0.136 0.029 0.463 0.548 2.640 2.913 2.756 2.720 2.946 2.670 2.616 2.417 2.832 3.646 3.832 3.495 2.536 1.845 2.081 2.058 1.218 1.547 1.551 1.220 1.149 0.808 0.975 0.728 0.648 0.877 0.867 1.441 1.087 1.196 1.274 1.481 
m5c671r3.htb 0.281 0.712 0.747 0.801 0.646 0.771 0.747 0.718 0.858 0.710 0.588 -0.125 -0.205 -0.106 -0.737 -0.191 -0.049 -0.702 -0.229 0.124 -0.217 -0.353 0.030 0.794 0.388 0.236 0.406 0.366 -0.182 -0.635 0.039 0.261 0.380 0.281 0.318 0.353 0.213 -0.267 -0.361 -0.318 -0.392 -0.523 -0.255 -0.818 -0.674 
m5c676r3.htb -0.605 0.017 0.103 0.225 0.317 0.431 0.484 -0.059 -0.042 0.432 0.102 -0.134 0.219 0.487 0.179 1.259 1.308 1.631 1.259 0.811 0.504 0.031 0.277 0.393 0.752 1.138 1.294 1.668 1.241 1.572 -0.151 -0.171 -0.178 -0.309 -0.025 -0.117 0.286 0.351 0.574 1.100 0.485 0.469 -0.193 -0.655 -0.451 
m5c682r3.htb 0.964 0.804 0.649 1.006 0.346 0.340 0.060 -0.057 0.166 0.017 -0.201 -0.164 0.071 0.340 0.524 0.722 0.652 0.323 0.838 0.747 1.078 0.718 0.419 0.410 0.298 0.283 0.118 0.611 0.378 0.337 0.851 0.211 0.456 0.305 0.437 0.415 0.497 0.462 0.036 0.063 0.307 -0.016 -0.217 -0.146 0.541 
m5c685r3.htb -0.933 -0.673 -0.260 -0.291 -0.595 -0.010 0.467 0.452 0.188 0.400 0.277 0.451 0.262 -0.012 0.003 0.089 0.725 1.077 1.249 2.009 1.786 0.755 0.404 0.503 0.318 0.548 0.790 1.364 2.193 2.544 0.880 0.994 1.147 1.055 0.758 0.593 0.527 0.443 0.575 0.646 0.487 0.406 0.538 0.420 0.071 
m5c745r4.htb 0.721 0.821 0.692 0.572 0.423 0.239 0.014 0.000 0.069 -0.108 -0.480 1.817 1.880 1.344 1.384 1.718 0.736 1.249 1.262 0.877 0.999 1.027 0.303 0.346 0.098 0.485 0.304 -0.288 0.295 0.236 0.442 -0.334 -0.238 
m5c755r3.htb 0.695 0.188 0.670 1.588 1.454 0.528 -0.445 -0.281 -0.814 -0.572 -0.985 -0.779 -0.369 -0.463 0.133 8.468 7.709 8.379 8.545 8.374 7.138 6.601 5.455 4.969 4.143 4.807 6.055 6.391 6.918 7.549 1.471 0.836 1.418 1.219 1.101 1.293 0.917 0.706 0.698 0.813 0.847 1.037 1.210 1.280 1.195 
m5c759r3.htb -1.197 -0.984 -0.726 -0.518 -0.054 -0.044 0.017 -0.434 -0.950 -0.577 -1.041 -1.433 -0.470 -0.105 0.078 -0.137 -3.889 -4.037 -1.082 -0.426 -1.281 -2.129 -1.733 -2.744 -3.106 -2.328 -1.648 -0.819 -1.393 0.212 0.266 -0.215 -1.611 -1.316 -0.580 0.045 0.232 -0.272 -0.086 -0.112 -0.398 -0.510 -0.080 0.167 0.238 0.219 0.233 0.134 
m5c762r3.htb 0.714 0.141 0.120 -0.041 0.048 0.031 0.123 0.343 0.439 0.438 0.486 0.461 0.631 0.904 0.708 0.797 0.635 0.422 0.338 0.186 0.410 0.901 0.071 0.817 0.743 0.765 0.613 0.035 0.207 0.092 0.505 0.864 1.303 2.332 2.808 3.528 2.541 1.943 2.310 1.601 1.900 1.447 0.532 0.594 0.598 0.316 0.360 0.146 0.181 0.227 0.152 0.061 0.031 -0.092 0.243 0.167 0.499 0.778 0.804 0.700 0.471 0.329 0.096 
m5c771r3.htb 0.631 0.982 0.914 0.827 0.263 0.008 0.438 0.028 0.060 0.041 0.356 0.639 0.669 0.470 0.265 -0.015 -0.070 -1.921 -1.355 -1.163 -1.689 -2.528 -2.402 -2.425 -1.927 -2.238 -2.015 -1.529 -1.645 -1.298 -1.139 -1.281 -0.771 -0.640 -0.374 -0.350 -0.286 0.020 -0.130 0.335 0.232 0.235 0.337 0.000 0.023 -0.079 -0.165 -0.335 -0.419 -0.285 0.314 
m5c777r3.htb -0.103 -0.226 -0.381 -0.536 -0.596 -0.660 -0.542 -0.598 -0.484 -0.618 -0.333 -0.259 -0.473 -0.143 -0.181 -5.716 -5.469 -4.829 -4.406 -4.317 -3.919 -1.750 -1.357 -1.450 -1.868 -1.867 -2.091 -2.248 -2.813 -3.669 -1.267 -1.127 -0.730 -0.494 -0.711 -0.640 -0.733 -0.974 -1.251 -1.590 -1.594 -1.500 -1.563 -1.326 -1.387 
m5c780r3.htb -0.030 -0.412 0.145 0.208 -0.169 -0.202 -0.533 -0.299 -0.484 -0.623 -0.517 -0.699 -0.553 -0.574 -0.626 -0.405 -0.115 -0.255 -0.301 -0.577 -1.132 -1.344 -1.557 -1.279 -1.402 -0.769 0.093 0.211 0.027 0.246 -0.265 -0.217 -0.466 -0.570 -0.084 -0.449 -0.563 -0.576 -0.313 -0.306 -0.277 -0.314 -0.397 -0.375 -0.347 
m5c785r3.htb 0.051 -0.130 -0.149 -0.126 -0.064 -0.093 0.002 -0.075 -0.139 -0.400 -0.472 -5.254 -3.109 -3.056 -2.504 -1.960 -2.509 -1.988 -1.965 -1.415 -1.609 -1.108 -0.580 -0.482 -0.664 -0.636 -0.613 -0.456 -0.517 -0.524 -0.567 -0.513 -0.617 
m5c795r3.htb -0.289 -0.038 0.154 0.354 0.122 0.110 0.213 -0.207 -0.368 -0.723 -0.558 -0.672 -1.408 -0.936 -0.980 -1.073 -1.376 -1.349 -1.119 -1.307 -1.401 -1.097 -1.154 -0.901 -0.311 -0.293 -0.299 -0.319 -0.171 -0.235 -0.214 -0.147 -0.273 -0.527 -0.610 -0.586 
m5c799r3.htb -0.033 -0.351 -0.281 -0.888 -0.849 -0.871 -0.994 -3.688 -1.975 -2.033 -4.140 -4.136 -3.539 -3.281 -0.344 -0.288 -0.415 -0.727 -1.206 -0.982 -0.661 
m5c802r3.htb -0.371 -0.508 -0.138 -0.147 -0.081 -0.224 0.025 0.053 -0.204 0.006 -0.141 -0.111 -0.134 0.057 -0.229 -0.528 -0.611 -0.375 -0.336 -0.259 -0.092 0.365 0.414 0.386 0.249 -0.088 0.380 0.621 0.496 0.635 0.586 0.508 0.365 0.017 0.056 0.048 -0.029 -0.013 -0.047 
m5c807r3.htb -0.544 -0.275 -0.283 -0.344 0.024 0.254 -0.004 -0.202 -0.194 0.048 -0.048 -2.165 -1.370 -1.370 -0.821 -0.889 -0.960 -1.106 -1.457 -1.628 -1.675 -1.726 -0.454 -0.639 -0.857 -1.090 -0.518 -0.282 -0.388 -0.356 -0.171 0.031 -0.103 
m5c814r3.htb -0.287 -0.192 -0.350 0.057 0.153 0.367 0.175 0.226 -0.501 -0.025 -0.146 -0.123 0.046 0.386 0.540 0.890 -0.190 0.200 0.181 0.021 0.062 0.276 -0.034 0.004 
m5c818r3.htb 0.196 0.335 0.241 0.340 0.103 0.065 0.106 0.072 0.236 0.213 -0.795 -0.478 -0.140 -0.178 -0.083 -0.326 -0.310 -0.517 -1.120 -0.884 0.150 0.093 0.216 0.178 0.079 0.276 0.095 0.275 0.076 0.467 
m5c821r3.htb -0.214 -0.377 -0.304 -0.621 -0.536 -0.466 -0.618 -0.754 -0.597 -0.188 -0.222 -0.164 -0.179 -0.468 -0.572 -0.378 -0.065 0.068 -0.049 0.067 0.065 0.018 0.452 0.286 0.291 -0.053 -0.232 -0.133 -0.001 0.007 0.058 0.224 0.216 
m5c828r3.htb -0.310 -0.100 -0.600 -0.717 -0.500 -0.166 -0.110 -0.106 0.068 0.275 0.289 0.515 0.383 0.066 0.016 0.270 0.338 0.364 0.114 -0.002 0.068 0.054 -0.258 -0.541 -0.636 -0.597 -0.670 -0.613 -0.214 -0.175 0.013 -0.190 -0.225 -0.198 -0.152 -0.108 -0.161 -0.134 -0.142 -0.265 -0.196 -0.199 -0.267 -0.287 -0.395 
m5c832r3.htb 0.255 0.198 0.118 0.184 0.193 -0.053 -0.254 -0.319 -0.291 -0.297 -0.402 0.494 0.528 0.239 0.117 0.088 0.158 0.212 0.048 0.073 -0.248 -0.499 0.271 0.185 0.164 0.383 0.318 0.186 0.257 0.250 0.171 -0.123 -0.008 
m5c835r4.htb 0.342 0.284 0.361 0.404 0.287 0.236 0.197 0.233 0.349 0.333 0.301 0.189 0.244 0.020 0.231 0.426 0.147 0.536 0.398 0.348 0.459 0.353 0.377 0.272 0.361 0.291 0.288 0.231 0.100 0.310 
m5c838r3.htb -0.354 -0.210 -0.056 0.187 0.187 -0.330 -0.154 -0.652 -0.765 -0.956 -1.003 -0.895 -1.073 -0.652 -0.426 -0.495 -0.474 -0.319 -0.482 -0.581 -0.951 -0.680 -0.383 -0.681 -0.730 -0.512 -0.559 -0.498 -0.554 -0.508 -0.480 -0.478 -0.620 -0.538 -0.406 -0.292 
m5c862r3.htb 0.344 0.256 0.555 0.569 0.487 0.766 1.116 1.467 1.102 1.007 1.153 4.368 4.371 4.517 3.431 3.712 3.983 3.916 4.199 3.946 4.017 3.808 1.528 1.526 1.415 1.261 1.066 0.937 1.023 1.245 1.057 1.051 1.020 
m13c4r3.htb -1.996 -3.261 -3.382 -3.530 -3.047 -1.935 -2.773 0.048 2.473 4.050 5.344 2.990 3.408 2.256 3.504 2.432 -0.140 -0.609 0.456 -0.260 0.315 -0.323 0.464 0.880 
m13c7r3.htb 0.478 -0.036 -0.513 -0.148 0.162 0.414 0.289 -0.257 7.499 7.927 7.467 7.534 9.303 7.862 5.710 4.491 6.702 4.711 3.254 3.559 2.440 2.544 0.779 1.083 
m13c15r3.htb -0.732 -0.033 0.723 0.808 1.678 0.566 1.401 1.995 0.297 -0.308 -0.369 -0.960 -0.184 -0.619 -0.926 -2.127 -1.152 -1.636 -1.354 -2.040 -0.956 -0.506 1.810 1.774 0.104 -0.729 0.839 0.886 0.237 -0.121 -0.297 -1.219 -3.466 
m13c17r3.htb 0.486 1.917 -0.269 -2.502 -1.977 -2.219 -1.992 -4.167 -2.576 -1.669 3.264 4.996 6.100 5.912 7.553 4.681 3.689 1.874 1.922 1.204 3.396 4.116 3.166 0.830 0.983 1.863 -0.052 -0.421 0.069 0.528 
m13c27r3.htb 2.041 2.733 1.825 0.725 -0.299 -1.047 -0.199 -0.745 -0.004 -1.384 -1.305 -0.010 -1.439 -1.670 -1.729 -1.056 -1.158 -0.330 1.277 1.180 2.425 1.307 1.147 -0.271 0.213 0.213 0.108 -1.378 -1.212 -0.516 -1.368 -0.780 -0.263 
m13c30r3.htb 1.427 1.790 -0.134 -0.390 -0.913 -3.148 -2.504 -2.345 -2.673 2.144 2.575 2.015 1.360 2.003 1.639 1.987 1.607 1.268 2.147 1.760 0.626 -0.171 0.340 0.228 1.112 1.097 1.356 
m13c36r3.htb 0.340 -0.008 -0.807 -0.687 -1.244 -1.057 -1.598 -1.835 0.502 -0.446 -0.366 0.779 2.404 0.303 1.144 4.021 2.624 0.973 0.353 0.199 0.037 -0.925 -0.459 -1.171 -1.035 1.472 -2.812 -2.288 -3.772 -4.008 -4.000 -1.824 -2.427 -1.766 -1.196 -0.874 -0.293 -0.371 0.811 
m13c40r3.htb 2.295 3.012 1.196 -0.173 -0.662 0.508 -0.568 -0.970 -0.078 -0.058 0.359 0.992 4.462 1.773 2.764 4.490 2.966 2.801 4.068 4.071 4.876 5.488 7.873 6.058 1.134 0.138 -0.086 -0.117 -0.274 -0.878 -1.090 -0.810 0.250 0.713 1.472 2.412 
m13c44r3.htb 0.979 1.578 0.950 1.768 0.357 1.388 -1.326 -1.751 -1.382 -1.714 -0.452 -0.505 0.090 -4.030 -1.572 -0.905 -0.745 -0.881 -0.708 -0.441 -1.112 -1.685 -1.670 -1.226 -1.228 -1.735 -0.370 -0.647 -0.131 -0.288 -0.364 -0.789 0.052 0.068 1.337 1.168 1.039 0.625 0.463 
m13c49r3.htb 0.243 2.936 1.530 1.734 2.231 2.614 1.222 -0.205 -0.773 -0.445 -0.175 0.082 0.886 2.079 -1.126 -0.747 -0.637 0.475 0.269 1.789 2.496 3.015 2.276 2.858 3.461 3.203 1.836 0.877 0.046 0.678 2.215 2.091 1.926 1.006 1.793 1.412 0.015 -0.292 0.063 0.093 -0.183 -0.756 
m13c52r4.htb -0.398 -0.679 -0.648 -0.728 -0.741 -1.381 -1.587 -0.971 -0.678 -0.708 -0.069 5.868 6.205 4.621 2.578 2.117 2.262 2.276 2.097 2.053 2.730 2.961 1.366 0.844 0.140 -0.402 -0.346 0.319 0.355 0.470 0.251 -0.276 -0.281 
m13c56r3.htb -0.490 -0.091 0.136 0.632 0.450 0.659 1.835 1.947 0.092 -0.426 -0.230 -1.100 -1.908 -2.034 -2.901 -3.075 -1.909 -0.443 1.060 0.948 -0.592 -0.586 -0.982 -1.221 -0.994 -0.279 0.197 1.162 1.358 1.045 
m13c59r3.htb -0.963 0.165 0.389 1.079 1.643 0.381 0.767 0.249 -1.439 -1.439 -1.119 0.528 0.278 -0.306 0.818 1.400 3.805 3.291 1.908 2.291 3.192 4.443 0.033 -1.058 -0.784 -1.399 -1.126 -0.438 -1.126 -0.362 -0.631 -0.209 -0.959 
m13c63r3.htb -1.804 -1.555 -2.564 -2.053 -2.426 -1.670 -0.485 -0.125 0.569 0.228 -6.499 -6.973 -7.611 -8.684 -8.900 -9.490 -8.945 -9.075 -9.521 -8.281 -0.728 -1.460 -1.264 -1.254 -2.221 -1.738 -2.111 -1.587 -2.327 -3.309 
m13c75r3.htb -0.400 0.365 0.010 -0.218 -0.017 1.214 0.921 1.110 2.529 -4.454 -2.385 -0.970 -0.328 0.182 -2.284 -1.112 -0.921 -2.871 -0.310 -0.358 -0.685 -0.306 -0.111 -0.187 0.699 1.039 0.999 
m13c78r4.htb -1.064 -1.010 -0.749 -0.011 -0.055 -0.162 -0.182 -0.125 0.060 -1.333 -1.587 -2.949 -3.736 -1.845 -1.576 -1.056 -0.893 0.198 0.052 0.047 0.053 0.644 1.031 0.790 0.993 -0.134 0.320 
m13c81r3.htb -0.001 0.816 0.293 -0.108 -0.603 -1.108 -0.836 -0.980 1.439 1.771 0.609 1.895 0.915 1.743 1.667 1.360 -2.668 -0.882 -0.896 0.273 0.443 0.764 1.867 1.075 
m13c86r3.htb -0.647 1.050 1.939 1.776 2.440 1.939 0.615 -0.287 -1.221 0.649 1.280 2.049 3.498 2.801 3.305 3.079 4.073 3.372 2.714 2.660 1.967 1.457 0.778 0.847 -0.398 -0.346 -0.142 
m13c89r3.htb -0.121 -0.486 1.140 1.051 0.390 1.011 4.013 3.806 2.651 1.816 0.966 2.219 2.959 5.368 5.296 3.785 3.721 2.484 1.552 -0.305 -1.088 -0.222 0.454 0.048 0.280 -1.014 -1.932 -2.813 -1.762 -1.409 
m13c91r3.htb -0.941 -1.321 0.246 0.950 0.503 0.042 -0.554 -0.253 6.742 5.527 7.488 7.013 7.483 8.173 10.531 12.813 -0.618 -0.594 -0.558 -0.061 0.420 -0.060 0.501 0.774 
m13c94r3.htb -1.551 0.145 0.277 1.722 1.564 1.576 1.383 0.311 1.285 0.619 0.666 1.044 0.589 0.916 0.144 0.177 0.001 -0.346 -0.790 0.372 0.714 -0.357 -0.160 0.763 
m13c99r3.htb -1.574 -1.217 0.312 0.293 1.952 2.046 2.000 2.106 1.430 1.730 -3.474 -3.003 0.739 0.807 2.878 5.035 4.683 4.093 1.680 3.080 0.035 -0.391 -1.824 -1.113 -0.219 0.799 1.089 0.782 1.242 -0.366 
m13c102r3.htb 0.944 -0.023 -0.563 -1.736 -0.972 -1.727 -2.705 -1.459 -1.236 -0.074 -0.675 0.012 0.966 0.702 0.748 -1.378 1.919 1.988 3.960 4.469 5.277 6.410 2.306 1.918 0.738 0.250 0.465 -0.708 0.359 3.086 -1.607 -1.795 -1.317 -1.132 -0.952 -1.091 -0.908 0.155 0.415 0.988 0.541 0.132 0.428 0.064 -0.015 
m13c105r3.htb -2.951 -1.877 -1.333 -0.128 -0.268 -0.574 -0.059 -4.440 -4.190 -3.971 -4.266 -4.317 -2.954 -4.055 -0.519 -0.748 -0.807 -2.277 -2.250 -1.898 -1.376 
m13c108r3.htb -0.082 -0.094 -1.537 0.242 0.779 0.311 0.527 0.250 0.439 -0.416 2.163 1.850 1.479 1.153 1.144 0.914 -0.152 -3.513 -3.297 -2.660 -1.211 -0.625 0.187 -0.139 0.676 1.099 1.086 1.033 0.398 0.588 
m13c111r3.htb 0.966 0.440 0.584 0.573 -0.303 0.168 -1.122 -0.169 -0.855 -1.531 -0.909 -1.361 -0.844 -1.562 -0.443 2.350 2.342 1.816 1.234 0.952 0.867 1.630 0.784 1.054 0.680 1.164 1.127 0.821 0.880 1.066 -0.832 -1.129 -0.345 -0.301 -0.709 -0.724 -0.667 -0.618 -0.396 -1.001 -1.083 -0.939 -1.034 -0.926 -0.656 
m13c123r3.htb -0.330 0.546 0.928 0.177 0.429 0.582 -0.052 0.059 0.014 0.583 1.352 2.513 0.264 1.037 0.980 0.696 -0.298 -0.583 2.402 2.897 1.387 2.397 0.558 0.445 0.533 -0.277 -0.533 -0.523 0.050 -0.128 
m13c126r3.htb 0.395 0.298 -0.139 -0.336 0.995 1.124 1.121 0.769 -0.097 0.247 -1.107 1.076 0.325 0.048 -0.064 -0.775 0.113 -0.263 0.536 0.086 1.195 0.883 -2.619 -2.006 -1.747 -1.442 -1.415 -0.084 0.426 1.192 0.083 0.018 0.483 
m13c133r3.htb 2.723 2.794 2.895 2.877 2.447 0.629 0.394 3.943 3.618 3.794 2.866 3.156 2.818 2.400 1.528 1.244 0.357 -0.198 -0.541 0.412 -0.181 
m13c137r3.htb -1.338 -2.452 -1.458 -2.427 -2.740 -2.492 -2.853 -1.636 -0.715 -0.167 1.683 1.264 0.257 -0.404 -0.758 -0.404 -0.763 -0.924 -0.106 0.800 0.775 -0.495 -0.785 -0.600 -1.139 -0.734 -0.789 -0.203 -0.098 0.191 
m13c146r3.htb -1.205 -2.876 -2.229 -0.294 0.398 0.100 -0.627 0.537 -0.224 2.535 2.656 0.355 0.009 3.241 3.039 3.591 2.913 3.155 0.247 0.885 0.703 0.477 1.128 2.672 1.856 1.549 1.815 
m13c150r3.htb -0.504 -1.249 -0.684 0.329 -0.435 0.194 0.336 1.493 2.715 1.818 2.311 5.474 4.792 4.082 3.604 3.654 4.719 3.303 4.044 4.250 3.832 4.014 0.976 0.691 0.201 -0.537 -1.571 -2.146 -0.932 -1.380 -1.461 0.058 0.259 
m13c154r3.htb -1.836 -1.424 -1.417 -1.194 -0.019 0.849 0.386 -0.469 0.279 -0.476 -1.517 4.061 5.211 8.921 8.396 5.045 5.102 5.589 4.503 1.498 -0.909 -1.325 -0.222 -0.105 -0.737 -0.350 -0.664 0.156 0.168 0.569 0.823 0.280 0.619 
m13c157r3.htb 3.379 2.863 4.014 2.407 1.700 1.972 1.361 3.065 2.386 3.509 2.886 2.832 2.150 7.323 5.111 4.275 2.834 4.948 3.613 3.788 4.297 4.295 4.283 2.323 2.149 1.476 -0.027 -0.558 0.052 0.676 -0.369 -0.393 0.206 0.336 -0.337 -0.543 -0.033 -0.537 -0.732 
m13c160r3.htb 0.511 0.577 0.615 -0.794 0.640 0.231 1.281 1.295 0.641 2.361 1.801 2.124 1.374 2.218 2.928 2.035 1.638 2.043 1.828 0.013 -0.698 -0.376 0.729 0.835 1.511 1.341 0.990 0.902 0.335 -0.269 -1.008 -0.736 -0.563 
m13c163r3.htb 1.648 0.942 0.194 -0.490 -0.306 -0.382 6.645 5.227 3.932 4.556 5.645 6.885 1.760 1.594 2.023 1.049 2.066 1.279 
m13c171r3.htb -1.388 -2.259 -2.831 -2.459 -0.850 -0.712 -0.027 0.370 0.721 0.324 -0.055 0.627 0.026 -0.109 0.135 
m13c174r3.htb 0.802 -0.273 -1.161 -0.937 -0.321 -0.669 0.320 0.765 1.182 0.550 2.310 1.404 2.083 1.102 1.161 1.635 2.396 3.347 3.457 5.482 0.334 1.129 1.128 1.598 1.034 0.819 0.686 0.073 0.640 0.914 
m13c177r3.htb -1.105 -0.151 0.570 0.851 0.571 1.058 1.457 0.949 0.098 -0.737 5.971 3.830 4.062 3.663 2.755 1.784 1.678 1.211 0.560 -0.083 0.470 -0.212 -0.190 -0.344 -0.910 -0.380 -0.388 0.197 -0.054 0.902 
m13c180r3.htb -0.371 -0.549 -0.236 0.302 0.575 0.528 1.817 2.090 0.990 0.534 0.250 -0.401 -1.328 -0.372 -0.018 -0.566 -0.575 -1.475 1.690 1.632 2.021 1.464 0.720 0.798 -0.023 2.476 1.474 
m13c189r3.htb 1.634 2.282 3.503 3.882 4.089 2.497 3.081 3.734 2.398 1.618 2.443 2.190 3.979 2.487 3.291 3.923 0.270 -0.126 0.227 0.347 1.083 2.610 1.072 1.549 
m13c192r3.htb -1.297 -0.803 0.597 2.385 1.873 2.296 1.170 0.881 0.844 0.623 0.670 -0.961 -0.697 -1.106 -2.735 -3.274 -4.052 -2.933 -1.240 -0.031 -0.716 -0.029 0.052 -0.027 0.664 -1.155 -0.618 
m13c202r3.htb -1.801 -1.400 -1.281 -1.430 -0.201 0.849 1.912 2.493 0.855 0.586 0.393 0.152 -0.111 -0.183 -0.632 -1.112 -1.308 -2.266 -1.889 -1.509 -1.007 -0.550 -0.532 -2.163 -3.820 -3.388 -2.414 -2.214 -2.001 -1.172 -0.323 -0.500 -1.163 
m13c207r3.htb -0.818 -1.215 0.449 1.078 0.481 -0.944 -1.081 -0.239 -1.621 -0.889 -0.897 -0.500 -2.000 -1.449 0.089 -0.569 0.009 0.462 0.795 -0.003 0.684 0.647 1.211 0.261 -0.094 -0.305 0.252 0.024 -0.180 -0.225 
m13c211r3.htb -1.064 -0.606 -0.130 -0.055 0.701 0.236 0.395 0.236 0.044 0.249 -0.076 5.650 4.632 1.399 3.976 5.631 5.017 4.683 4.354 3.980 1.733 0.801 1.871 1.690 0.867 1.158 0.471 1.062 1.284 0.623 0.624 0.337 -0.042 
m13c217r3.htb 0.422 0.540 0.730 0.526 0.609 1.530 1.743 1.385 0.083 1.291 1.451 0.423 1.012 0.463 3.344 2.560 -0.852 -1.047 -1.630 -0.783 -1.105 -1.343 -0.786 -0.536 
m13c220r3.htb -1.464 -0.415 0.334 -0.569 -0.657 -0.394 -0.418 -0.512 -0.017 -0.120 0.708 -1.663 -1.194 -1.680 -1.707 -1.283 1.253 1.868 2.147 1.555 0.860 -1.182 0.460 1.241 0.775 1.462 0.441 -0.303 0.066 -0.291 -0.635 -0.239 1.347 
m13c228r3.htb -0.174 -0.415 0.753 0.403 1.168 2.459 2.148 2.622 0.411 -0.486 -1.465 -0.970 -0.703 -0.840 0.378 
m13c232r3.htb 2.593 1.773 0.850 -0.397 0.224 -0.209 0.344 0.435 1.442 1.055 0.801 0.538 0.957 0.576 2.010 0.167 1.242 1.367 0.488 1.647 2.487 0.787 0.604 2.283 2.854 2.972 2.614 3.010 2.803 1.143 0.018 -0.640 -0.660 -0.486 -0.629 0.216 0.427 0.463 0.994 1.869 0.999 0.244 -0.088 0.138 -0.857 
m13c235r3.htb -1.736 -1.567 -0.367 1.217 1.937 2.004 2.176 2.239 1.056 0.509 0.587 0.544 2.759 1.688 1.770 2.303 0.943 1.776 0.480 1.093 1.800 0.715 1.745 0.474 -0.226 -1.378 -0.540 -0.158 -0.298 -0.682 -0.802 -0.468 -0.341 -0.331 -0.202 0.118 
m13c240r3.htb 0.236 0.687 0.844 0.758 1.193 0.636 0.055 0.067 0.813 -2.600 -1.443 0.212 0.063 -0.206 -0.487 1.070 0.230 -0.468 -0.428 -0.833 -0.408 -0.031 -0.356 -0.369 -0.414 -0.485 -0.754 
m13c249r3.htb 1.728 2.195 2.480 1.871 -0.025 -0.336 -0.849 -1.881 -0.924 0.644 0.637 0.645 -2.279 -0.809 -0.053 0.739 0.461 0.832 1.117 1.438 0.477 0.318 1.842 1.880 -0.424 -0.210 0.293 0.344 1.095 1.852 2.262 1.422 0.231 -0.102 -0.987 -0.330 
m13c254r3.htb 0.242 0.299 0.188 0.186 -1.393 -1.431 -2.058 -1.339 -0.620 0.283 1.628 -0.531 -0.789 1.049 1.036 0.995 0.716 1.149 1.329 0.183 0.587 0.043 0.770 0.449 -0.191 -0.769 -1.769 -0.305 -0.009 0.238 0.610 1.202 2.370 
m13c259r3.htb -0.084 0.114 -1.020 -0.848 -0.782 0.458 1.470 1.661 1.367 -0.002 0.874 0.265 3.893 2.425 1.958 0.624 0.869 -0.106 0.187 0.516 0.608 1.012 -0.378 0.071 -0.713 -1.039 -0.699 -1.189 0.123 0.149 -0.137 0.693 0.307 1.215 0.270 0.114 
m13c270r3.htb 0.841 0.495 1.243 0.306 -0.720 -0.593 -0.079 -0.983 -1.882 -1.654 -0.798 -0.714 -0.528 -0.018 -6.812 -1.714 -0.054 -0.267 0.252 -0.116 0.284 -0.383 0.037 0.887 1.287 0.715 0.165 0.507 0.047 -0.243 0.563 0.475 1.933 1.287 0.830 0.878 0.094 0.640 0.008 -0.153 -0.232 0.130 
m13c275r3.htb 3.282 3.480 3.147 -0.207 -0.585 -0.990 -1.004 -0.950 -0.075 1.296 1.611 2.086 2.246 2.240 1.061 3.774 1.292 1.503 2.064 1.957 1.557 2.499 3.923 3.270 3.653 5.240 5.075 3.939 3.911 4.506 0.138 -0.456 0.107 -0.002 0.795 1.421 1.779 2.628 2.582 2.868 2.315 2.140 1.842 1.261 1.383 
m13c279r3.htb 0.059 -0.825 -0.626 -1.235 -1.359 -0.780 -0.959 -0.111 -1.467 -1.296 -0.517 2.942 3.151 2.728 1.045 1.701 1.472 1.367 0.654 0.726 1.590 1.459 -0.129 1.409 1.973 1.659 1.659 2.039 1.487 0.506 0.636 1.230 0.475 
m13c283r3.htb 1.170 -0.291 0.239 0.746 0.504 0.432 0.463 1.343 6.097 5.170 4.540 4.867 4.063 3.248 2.940 2.994 0.444 0.754 1.141 2.269 2.266 1.274 0.913 0.334 
m13c287r3.htb 0.784 1.315 1.593 1.510 1.319 1.965 1.646 1.090 1.009 0.413 -0.501 -0.956 -1.390 -1.958 -2.350 2.415 1.980 1.737 0.616 1.147 0.988 0.978 1.231 0.556 0.578 0.345 0.785 0.793 0.930 1.241 0.681 0.108 0.094 0.251 0.251 -0.781 -1.411 -0.998 -0.800 -1.048 -1.311 0.430 0.504 0.339 -0.053 
m13c291r3.htb 1.543 2.358 1.762 3.057 1.858 1.235 -0.300 -1.574 -2.061 -2.532 -2.466 -2.308 -2.042 -1.412 -0.941 2.048 1.111 1.701 2.329 0.927 -0.380 0.907 1.773 1.976 1.906 1.766 2.865 2.284 2.173 1.674 
m13c295r3.htb 0.423 0.713 0.770 0.145 -0.604 -1.909 -3.170 -2.502 -2.718 -1.100 3.865 3.436 2.968 2.021 3.419 0.199 0.868 0.686 0.103 -0.448 1.504 1.396 1.628 -0.008 -0.404 -0.939 -0.591 -1.001 -1.564 -1.713 
m13c298r3.htb -1.098 -0.382 0.022 -1.695 0.200 -0.115 -0.040 -0.040 0.237 1.115 0.363 -9.406 -9.114 -8.834 -6.595 -5.663 -5.602 -4.797 -5.932 -7.594 -7.992 -8.768 -1.349 -1.315 -0.325 -0.501 -0.218 -0.394 -1.037 -1.304 -1.521 -1.599 -1.163 
m13c301r3.htb 1.876 1.305 0.188 -0.792 -1.111 -0.680 -0.777 -0.260 0.952 1.021 -4.603 -5.152 -8.587 -6.644 -5.570 -3.379 -1.428 -0.816 0.232 -1.692 0.046 -0.576 -1.476 -0.680 -0.452 -1.430 -1.439 -0.958 0.055 -0.252 
m13c305r3.htb -0.558 -0.485 -0.870 -0.521 -0.257 -0.785 -0.392 -0.553 0.030 0.497 0.765 -6.187 -5.139 -6.326 -6.485 -5.654 -5.003 -4.835 -3.274 -2.354 -0.675 -1.672 2.449 1.394 0.229 -0.222 -0.925 -1.145 -0.790 -0.351 -0.454 -0.214 -1.518 
m13c308r3.htb -3.451 -1.413 -1.619 -0.469 -0.961 -2.114 -0.620 -1.506 -0.700 -1.916 -1.140 -0.569 -0.889 1.398 2.299 3.382 3.220 3.216 2.633 3.366 3.695 1.923 3.429 3.746 4.174 4.131 -2.855 -2.561 -2.071 -1.186 -0.520 0.468 0.454 0.382 0.236 0.016 -0.411 -0.734 -0.281 
m13c312r3.htb 0.378 -0.382 0.307 0.243 0.560 0.209 -2.393 -1.496 -2.192 -1.828 -2.326 -2.248 -1.283 -0.530 1.187 -0.153 -0.222 -0.834 -1.269 -1.421 -1.352 
m13c321r3.htb -0.875 -0.692 0.478 -0.527 -1.906 -2.331 -2.112 -2.573 -2.912 -2.175 -0.338 -7.611 -7.957 -7.208 -8.323 -8.249 -8.084 -8.028 -7.650 -7.757 -6.709 -6.422 0.183 -0.080 -0.330 -0.330 0.126 2.085 2.250 1.907 1.382 -0.010 -1.096 
m13c324r3.htb 3.146 1.548 0.460 1.009 1.393 0.467 1.153 1.360 1.013 1.721 1.564 1.733 -0.230 -3.751 -5.491 -5.087 -5.239 -6.109 -6.004 -5.129 -4.890 -4.813 -4.769 -4.663 -4.215 -4.153 0.862 -0.612 -1.448 -1.342 -0.956 -1.357 -0.930 -0.857 -1.549 -0.461 -0.364 0.404 -0.543 
m13c327r3.htb -2.022 -1.982 -2.407 -2.244 -1.417 -2.023 -3.076 -1.621 -0.668 -0.882 -1.084 0.085 0.791 0.260 0.418 1.230 0.574 1.873 1.849 2.741 2.616 3.224 2.784 3.742 -3.003 -2.083 -2.279 -2.151 -1.862 -0.670 -0.412 -0.657 -0.157 -0.158 -0.160 -0.135 
m5c391r3.htb 5.873 5.261 4.730 4.539 2.251 1.600 1.439 1.275 1.508 1.989 2.488 2.674 1.810 2.334 1.922 9.203 9.660 9.249 6.892 5.723 4.136 3.984 3.384 3.155 3.417 3.352 2.964 3.258 3.273 2.871 3.497 2.967 3.110 2.599 2.106 1.631 1.250 1.627 1.688 1.549 1.386 1.793 2.019 1.829 1.899 
m13c91r3.htb -0.941 -1.321 0.246 0.950 0.503 0.042 -0.554 -0.253 6.742 5.527 7.488 7.013 7.483 8.173 10.531 12.813 -0.618 -0.594 -0.558 -0.061 0.420 -0.060 0.501 0.774 
m13c91r3.htb -0.941 -1.321 0.246 0.950 0.503 0.042 -0.554 -0.253 6.742 5.527 7.488 7.013 7.483 8.173 10.531 12.813 -0.618 -0.594 -0.558 -0.061 0.420 -0.060 0.501 0.774 
m5c391r3.htb 4.717 8.412 3.020 
m5c398r3.htb 1.852 7.215 3.058 
m5c405r3.htb 1.274 3.284 2.144 
m5c410r3.htb 0.067 -0.892 -1.399 
m5c414r3.htb -0.909 -1.201 -0.220 
m5c419r3.htb 0.978 0.635 0.348 
m5c426r3.htb 0.410 5.889 1.143 
m5c431r3.htb -0.039 -1.256 0.305 
m5c445r3.htb -0.403 -0.212 -0.439 
m5c453r3.htb -0.250 1.425 -0.363 
m5c457r3.htb -0.193 0.112 0.342 
m5c463r3.htb 0.473 0.475 0.825 
m5c467r3.htb 1.146 0.975 0.024 
m5c471r3.htb -0.576 -0.760 -0.765 
m5c475r3.htb 0.244 0.946 0.406 
m5c479r3.htb -0.061 0.492 -0.446 
m5c482r3.htb 0.670 0.197 -0.119 
m5c486r3.htb 1.656 2.761 0.992 
m5c490r3.htb 0.742 1.214 0.346 
m5c494r3.htb -0.077 0.555 0.280 
m5c498r3.htb 0.161 0.062 -0.026 
m5c504r3.htb 1.349 1.445 -0.134 
m5c508r3.htb 0.215 2.026 0.799 
m5c513r3.htb 0.790 -1.533 -0.645 
m5c518r3.htb -0.179 0.135 -0.301 
m5c522r3.htb -0.108 0.779 0.398 
m5c526r3.htb 0.871 3.954 1.064 
m5c531r3.htb 0.236 0.708 0.282 
m5c536r3.htb -0.307 1.151 -0.521 
m5c540r3.htb 0.166 0.764 0.396 
m5c544r3.htb -0.508 1.024 0.603 
m5c548r3.htb 0.686 -0.704 0.963 
m5c552r3.htb 0.695 -1.073 -0.364 
m5c556r3.htb 0.027 -0.579 0.764 
m5c561r3.htb -0.773 0.185 -0.398 
m5c565r3.htb -0.547 -0.858 0.332 
m5c568r3.htb 0.109 0.240 -0.093 
m5c574r3.htb 0.147 -1.731 -0.276 
m5c578r3.htb -0.529 -1.338 -0.119 
m5c583r3.htb 0.196 -0.639 0.017 
m5c588r3.htb -0.309 0.860 0.042 
m5c593r3.htb 0.009 0.552 0.399 
m5c598r3.htb 0.412 1.150 0.334 
m5c602r3.htb -0.133 0.599 0.676 
m5c608r3.htb 0.665 0.714 0.075 
m5c614r3.htb -0.377 -0.995 -0.101 
m5c623r3.htb -0.482 -1.537 0.011 
m5c627r3.htb -0.564 -1.747 -0.069 
m5c631r3.htb 0.215 -1.860 -0.494 
m5c634r3.htb -0.327 -0.936 -0.017 
m5c638r3.htb 0.392 3.203 1.172 
m5c642r3.htb -0.249 0.619 0.398 
m5c646r3.htb 0.311 1.535 0.454 
m5c654r3.htb 0.010 -1.197 -0.205 
m5c656r3.htb 0.319 -0.436 -0.189 
m5c665r3.htb 0.153 0.182 2.427 
m5c667r3.htb 0.607 2.663 1.392 
m5c671r3.htb 0.478 -0.493 0.122 
m5c676r3.htb -0.133 1.155 -0.210 
m5c682r3.htb 0.593 0.874 0.765 
m5c685r3.htb -0.337 0.427 0.854 
m5c745r4.htb 0.617 1.512 0.177 
m5c755r3.htb 0.385 7.759 1.896 
m5c759r3.htb -0.826 -2.736 -1.118 
m5c762r3.htb 0.365 0.870 0.666 
m5c771r3.htb 0.824 -1.809 -0.300 
m5c777r3.htb -0.329 -4.855 -0.964 
m5c780r3.htb 0.058 -0.512 -0.480 
m5c785r3.htb -0.045 -4.631 -0.638 
m5c795r3.htb -0.068 -1.120 -0.376 
m5c799r3.htb -0.326 -3.348 -0.468 
m5c802r3.htb -0.245 -0.216 0.379 
m5c807r3.htb -0.314 -1.929 -0.510 
m5c814r3.htb -0.224 -0.398 -0.171 
m5c818r3.htb 0.134 -0.439 0.200 
m5c821r3.htb -0.167 -0.229 0.328 
m5c828r3.htb -0.305 0.326 -0.124 
m5c832r3.htb 0.181 0.463 0.262 
m5c835r4.htb 0.360 0.184 0.437 
m5c838r3.htb -0.257 -0.785 -0.596 
m5c862r3.htb 0.346 4.280 1.466 
m13c4r3.htb -2.586 3.589 0.292 
m13c7r3.htb 0.497 7.615 5.347 
m13c15r3.htb 0.396 -0.554 0.818 
m13c17r3.htb -0.301 4.876 3.046 
m13c27r3.htb 1.997 -1.041 0.903 
m13c30r3.htb 0.387 2.696 1.440 
m13c36r3.htb -0.162 1.349 -2.878 
m13c40r3.htb 1.715 4.168 0.431 
m13c44r3.htb 0.706 -2.037 -0.246 
m13c49r3.htb 1.009 -1.269 1.316 
m13c52r4.htb -0.709 4.522 0.459 
m13c56r3.htb -0.093 -1.550 -0.725 
m13c59r3.htb -0.131 1.372 -0.368 
m13c63r3.htb -1.954 -8.028 -1.075 
m13c75r3.htb -0.450 -2.783 -0.297 
m13c78r4.htb -0.930 -1.784 0.194 
m13c81r3.htb 0.175 1.349 -1.785 
m13c86r3.htb 0.505 1.292 2.133 
m13c89r3.htb 1.084 2.588 -0.370 
m13c91r3.htb -0.392 7.018 -0.430 
m13c94r3.htb -0.280 1.003 -0.275 
m13c99r3.htb -0.611 -1.494 -0.039 
m13c102r3.htb -0.010 2.042 -2.263 
m13c105r3.htb -1.795 -5.221 -0.943 
m13c108r3.htb -0.510 1.937 -0.642 
m13c111r3.htb 1.011 2.398 -0.753 
m13c123r3.htb 0.090 0.245 0.576 
m13c126r3.htb 0.522 0.648 -1.746 
m13c133r3.htb 3.078 4.090 0.564 
m13c137r3.htb -2.259 1.113 -0.157 
m13c146r3.htb -2.013 2.603 0.606 
m13c150r3.htb -0.672 3.797 0.787 
m13c154r3.htb -1.451 6.524 -0.379 
m13c157r3.htb 3.691 5.032 -0.040 
m13c160r3.htb 0.223 2.248 1.473 
m13c163r3.htb 0.818 5.684 1.955 
m13c171r3.htb -1.897 -0.026 0.134 
m13c174r3.htb -0.202 2.246 1.053 
m13c177r3.htb -0.440 5.131 0.235 
m13c180r3.htb -0.205 0.211 1.074 
m13c189r3.htb 2.196 2.172 0.515 
m13c192r3.htb -0.705 -0.448 -0.819 
m13c202r3.htb -1.088 -0.633 -1.726 
m13c207r3.htb -0.225 -1.216 0.900 
m13c211r3.htb -0.352 4.297 1.640 
m13c217r3.htb 0.683 0.474 -1.217 
m13c220r3.htb -0.659 -1.700 0.674 
m13c228r3.htb 0.231 1.966 -0.922 
m13c232r3.htb 1.547 -0.046 -0.123 
m13c235r3.htb 0.203 1.646 -0.497 
m13c240r3.htb 0.126 -1.820 -0.467 
m13c249r3.htb 1.635 -0.414 0.489 
m13c254r3.htb -0.367 0.541 0.213 
m13c259r3.htb -0.542 2.734 -1.115 
m13c270r3.htb 1.449 -3.119 0.108 
m13c275r3.htb 2.326 3.714 0.318 
m13c279r3.htb -0.368 2.268 0.862 
m13c283r3.htb 0.640 4.693 0.608 
m13c287r3.htb 0.943 1.917 0.176 
m13c291r3.htb 1.371 -1.570 0.615 
m13c295r3.htb 0.251 3.392 1.165 
m13c298r3.htb -0.928 -8.518 -0.665 
m13c301r3.htb 0.395 -5.947 -0.998 
m13c305r3.htb -0.538 -6.023 1.126 
m13c308r3.htb -3.599 2.329 -2.105 
m13c312r3.htb 0.162 -0.988 -0.111 
m13c321r3.htb 0.140 -7.677 -0.146 
m13c324r3.htb 2.292 -4.575 0.482 
m13c327r3.htb -2.179 0.735 -2.581 
