FILE	 Wves_predicted	 Wves_actual	 coherence	 thresh_predicted	 thresh_actual_d0	 coherence	 thresh_actual_all	 thresh_actual_pm	 bias_delta0	 Wves_actual_minus	 Wves_actual_plus
m24c68r2.htb	0.773	0.635	16	20.179	12.274	16	11.946	11.781	0.572	0.647	0.623
m24c68r2.htb	0.105	-0.162	60	7.445	9.309	60	8.826	8.584	1.361	-0.014	-0.309
m24c72r2.htb	0.991	0.499	16	8.583	7.172	16	8.971	9.871	-1.344	0.653	0.345
m24c72r2.htb	0.7	0.601	60	7.211	3.556	60	4.417	4.847	0.867	0.267	0.934
m18c101r2.htb	0.024	0.975	16	46.661	131.382	16	129.393	128.399	8.094	3.966	-2.016
m18c101r2.htb	0.009	1.477	90	28.954	27.399	90	31.338	33.308	-4.065	2.161	0.794
m18c127r2.htb	0.003	0.203	16	5.926	5.901	16	5.786	5.728	0.354	0.056	0.35
m18c127r2.htb	0.001	-0.065	90	2.465	2.053	90	2.201	2.276	-0.184	-0.312	0.181
m24c84r3.htb	0.97	1.967	16	9.195	17.706	16	18.446	18.816	-2.524	2.936	0.997
m24c84r3.htb	0.996	0.476	60	9.319	24.295	60	19.761	17.495	1.865	0.695	0.256
m24c84r3.htb	0.954	1.449	16	8.493	15.035	16	14.397	14.078	-2.876	1.496	1.402
m24c84r3.htb	0.999	0.462	60	8.692	12.009	60	12.386	12.575	1.564	0.257	0.668
m24c84r3.htb	0.962	1.387	16	8.225	14.237	16	13.085	12.509	-2.133	1.503	1.271
m24c84r3.htb	0.999	0.628	60	8.384	13.795	60	13.866	13.902	1.445	0.38	0.876
m24c84r3.htb	0.954	1.449	16	8.493	15.035	16	14.397	14.078	-2.876	1.496	1.402
m24c84r3.htb	0.999	0.462	60	8.692	12.009	60	12.386	12.575	1.564	0.257	0.668
m24c85r2.htb	0.865	0.946	16	19.618	16.999	16	16.912	16.869	-1.743	0.942	0.949
m24c85r2.htb	0.533	0.894	60	15.404	14.069	60	16.647	17.936	0.898	1.154	0.634
m24c38r2.htb	0.805	0.767	16	6.608	4.523	16	4.168	3.99	0.672	0.748	0.785
m24c38r2.htb	0.06	0.189	60	1.802	1.784	60	1.693	1.648	-0.064	0.202	0.176
m24c38r2.htb	0.805	0.767	16	6.608	4.523	16	4.168	3.99	0.672	0.748	0.785
m24c38r2.htb	0.06	0.189	60	1.802	1.784	60	1.693	1.648	-0.064	0.202	0.176
m24c38r2.htb	0.808	0.789	16	6.432	3.204	16	3.091	3.035	-0.106	0.726	0.853
m24c38r2.htb	0.079	0.166	60	2.006	1.291	60	1.443	1.519	-0.206	0.257	0.075
m24c38r2.htb	0.805	0.767	16	6.608	4.523	16	4.168	3.99	0.672	0.748	0.785
m24c38r2.htb	0.06	0.189	60	1.802	1.784	60	1.693	1.648	-0.064	0.202	0.176
m24c38r2.htb	0.808	0.789	16	6.432	3.204	16	3.091	3.035	-0.106	0.726	0.853
m24c38r2.htb	0.079	0.166	60	2.006	1.291	60	1.443	1.519	-0.206	0.257	0.075
m24c38r2.htb	0.802	0.763	16	6.022	3.46	16	3.374	3.332	0.54	0.791	0.735
m24c38r2.htb	0.088	0.165	60	1.995	1.139	60	1.449	1.604	-0.104	0.266	0.063
m24c37r2.htb	0.005	-0.053	18	9.435	10.365	18	9.694	9.358	-1.01	0.195	-0.3
m24c37r2.htb	0.001	-0.209	60	3.601	4.033	60	3.407	3.095	0.002	-0.371	-0.046
m24c37r2.htb	0.008	-0.108	18	9.529	10.521	18	9.771	9.396	-2.03	0.059	-0.276
m24c37r2.htb	0.001	-0.234	60	3.259	4.266	60	3.57	3.222	-0.138	-0.388	-0.081
m24c72r2.htb	0.943	0.41	16	8.372	7.148	16	8.023	8.46	-1.865	0.546	0.273
m24c72r2.htb	0.818	0.501	60	7.797	2.748	60	4.044	4.692	0.833	0.178	0.823
m24c68r2.htb	0.718	0.662	16	18.041	12.13	16	11.292	10.873	0.801	0.705	0.619
m24c68r2.htb	0.128	-0.142	60	7.611	8.513	60	8.682	8.766	1.044	-0.094	-0.19
m24c64r2.htb	0.599	0.681	16	13.663	6.535	16	6.874	7.044	0.093	0.734	0.628
m24c64r2.htb	0.048	-0.089	60	3.873	6.142	60	7.042	7.492	-0.233	0.322	-0.501
m24c52r2.htb	0.185	0.45	18	18.694	10.101	18	9.749	9.573	2.436	0.739	0.16
m24c52r2.htb	0.036	0.116	60	8.292	5.692	60	4.843	4.419	-3.418	-0.047	0.279
m18c101r2.htb	0.03	0.99	16	51.735	181.967	16	119.615	88.44	14.741	5.731	-3.752
m18c101r2.htb	0.005	2.115	90	22.236	22.175	90	34.871	41.218	-3.351	3.904	0.325
m18c101r2.htb	0.09	1.618	16	22.993	38.119	16	61.417	73.066	8.189	1.343	1.893
m18c101r2.htb	0.019	0.104	90	10.596	10.561	90	10.514	10.49	2.701	0.175	0.034
m18c108r3.htb	0.22	0.7	16	30.641	27.866	16	25.006	23.577	-2.514	0.832	0.567
m18c108r3.htb	0.143	0.217	90	24.772	32.368	90	25.6	22.216	9.623	0.5	-0.066
m18c108r3.htb	0.867	0.672	16	109.496	300	16	172.522	108.783	-28.858	-6.426	7.771
m18c108r3.htb	0.867	6.185	90	109.496	114.534	90	175.029	205.277	-6.434	10.954	1.416
m18c108r3.htb	0.848	-0.428	16	116.887	58.83	16	70.121	75.767	3.233	0.141	-0.996
m18c108r3.htb	0.005	-0.639	90	8.538	8.392	90	8.991	9.29	0.244	-0.546	-0.732
m18c115r2.htb	0.376	-2.022	16	28.186	21.096	16	39.671	48.958	8.936	-2.736	-1.307
m18c115r2.htb	0.093	-0.43	90	13.985	11.382	90	10.559	10.147	1.991	-0.424	-0.435
m18c115r2.htb	0.775	1.039	16	16.554	18.152	16	18.572	18.783	0.907	0.69	1.387
m18c115r2.htb	0.946	-1.014	90	18.289	22.021	90	24.414	25.61	6.029	-0.958	-1.071
m18c117r3.htb	0.724	-0.432	16	21.67	31.2	16	56.593	69.289	11.091	-4.105	3.241
m18c117r3.htb	0.659	0.037	90	20.679	20.661	90	18.846	17.939	1.299	0.368	-0.294
m18c119r3.htb	0.701	34.795	16	17.234	73.936	16	205.137	270.738	-7.064	52.695	16.895
m18c119r3.htb	0.408	-0.66	90	13.154	209.364	90	88.226	27.657	73.267	15.192	-16.513
m18c119r3.htb	0.701	34.795	16	17.234	73.936	16	205.137	270.738	-7.064	52.695	16.895
m18c119r3.htb	0.408	-0.66	90	13.154	209.364	90	88.226	27.657	73.267	15.192	-16.513
m18c119r3.htb	0.015	0.669	16	13.664	5.744	16	5.582	5.5	2.37	1.077	0.261
m18c119r3.htb	0.001	-0.012	90	2.522	5.882	90	3.966	3.008	-0.757	-0.089	0.066
m18c120r2.htb	0.576	0.297	16	24.078	300	16	139.248	58.872	-22.068	0.427	0.166
m18c120r2.htb	0.161	-1.211	90	12.722	22.549	90	121.686	171.254	2.129	-2.579	0.158
m18c121r2.htb	0.699	-1.007	16	39.381	48.349	16	36.993	31.315	-4.279	-2.592	0.579
m18c121r2.htb	0.018	-0.145	90	6.302	8.171	90	6.541	5.726	-0.205	-0.085	-0.205
m18c121r2.htb	0.992	1.603	16	26.147	41.691	16	63.266	74.053	-3.57	4.117	-0.911
m18c121r2.htb	0.846	-0.885	90	24.137	200.284	90	88.531	32.655	-10.92	-2.992	1.223
m18c127r2.htb	0.013	0.263	16	5.897	5.098	16	5.369	5.505	0.443	0.021	0.505
m18c127r2.htb	0.002	-0.144	90	2.36	3.747	90	3.853	3.906	0.409	-0.418	0.13
m24c115r2.htb	0.042	-0.863	16	61.338	46.892	16	88.43	109.199	-2.897	-1.97	0.243
m24c115r2.htb	0.003	-0.53	60	16.106	16.255	60	20.537	22.679	1.823	-0.126	-0.934
m24c111r2.htb	0.994	1.805	16	23.42	23.611	16	29.452	32.372	0.241	1.123	2.488
m24c111r2.htb	0.9	0.131	60	22.284	16.001	60	19.346	21.019	-1.218	0.14	0.121
m24c119r2.htb	0.54	0.605	16	6.698	3.652	16	3.321	3.155	0.04	0.714	0.496
m24c119r2.htb	0.038	0.151	60	1.775	2.031	60	1.974	1.946	-0.135	0.039	0.262
m24c18r2.htb	0.987	0.306	15	34.12	300	15	216.878	175.318	3.787	1.081	-0.469
m24c18r2.htb	0.75	-0.38	60	29.739	300	60	152.203	78.304	-3.222	-1.704	0.945
m24c28r2.htb	0.423	0.74	15	16.864	18.339	15	12.107	8.991	10.486	2.784	-1.304
m24c28r2.htb	0.123	-0.142	60	9.098	11.17	60	11.002	10.918	11.44	1.506	-1.789
m24c88r2.htb	0.803	2.394	16	40.955	25.374	16	74.835	99.566	-3.137	5.417	-0.629
m24c88r2.htb	0.348	1.302	60	26.975	56.389	60	43.982	37.778	4.725	3.34	-0.737
m24c88r2.htb	0.803	2.394	16	40.955	25.374	16	74.835	99.566	-3.137	5.417	-0.629
m24c88r2.htb	0.348	1.302	60	26.975	56.389	60	43.982	37.778	4.725	3.34	-0.737
m24c94r2.htb	0.951	3.057	16	22.371	300	16	171.232	106.848	-28.286	-8.238	14.352
m24c94r2.htb	0.874	3.765	60	21.45	72.065	60	117.337	139.972	-8.144	2.455	5.075
m24c94r2.htb	0.475	3.683	16	22.25	123.908	16	152.158	166.282	8.658	3.838	3.527
m24c94r2.htb	0.807	16.876	60	29.004	32.006	60	170.48	239.717	-5.953	24.042	9.711
m24c94r2.htb	0.711	2.874	16	26.474	202.011	16	122.819	83.224	-1.662	0.396	5.352
m24c94r2.htb	0.628	10.259	60	24.885	300	60	188.602	132.903	81.606	36.58	-16.061
m24c102r2.htb	0.708	2.377	16	27.788	300	16	141.8	62.7	7.958	1.638	3.116
m24c102r2.htb	0.74	1.016	60	28.417	12.66	60	12.296	12.115	-2.346	1.094	0.939
m24c102r2.htb	0.501	5.045	16	29.08	26.223	16	66.186	86.167	5.987	1.137	8.952
m24c102r2.htb	0.982	0.792	60	40.708	12.625	60	14.097	14.834	-3.132	0.886	0.698
m24c103r2.htb	0.246	2.764	16	45.571	123.069	16	194.832	230.713	12.85	0.915	4.612
m24c103r2.htb	0.914	-0.904	60	87.777	109.669	60	101.73	97.761	0.672	-2.56	0.752
m24c105r2.htb	0.242	-21.583	16	27.862	137.762	16	180.196	201.413	-43.085	-17.764	-25.402
m24c105r2.htb	0.966	-2.116	60	55.657	55.129	60	66.938	72.843	-5.025	0.246	-4.478
m24c110r2.htb	0.987	-2.423	16	19.056	125.841	16	125.436	125.234	7.95	-3.603	-1.242
m24c110r2.htb	0.152	-0.202	60	7.471	10.023	60	10.142	10.202	1.866	-0.777	0.373
m24c111r2.htb	0.996	1.54	16	19.578	23.86	16	29.041	31.631	3.541	0.632	2.448
m24c111r2.htb	0.918	0.209	60	18.799	19.323	60	22.539	24.147	-0.873	0.383	0.035
m24c115r2.htb	0.025	-0.435	16	18.515	18.006	16	17.845	17.764	-7.378	-1.007	0.137
m24c115r2.htb	0.002	-0.168	60	5.606	6.595	60	5.957	5.638	-0.58	-0.234	-0.102
m24c118r2.htb	0.983	0.173	16	39.229	300	16	112.91	19.366	-59.311	-21.107	21.453
m24c118r2.htb	0.983	1.215	60	39.229	15.769	60	52.631	71.062	-3.597	-0.435	2.865
m24c119r2.htb	0.566	0.627	16	5.904	3.643	16	3.089	2.811	0.294	0.8	0.454
m24c119r2.htb	0.05	0.152	60	1.764	2.1	60	2.061	2.041	-0.044	0.041	0.263
m24c125r2.htb	0.724	0.319	16	104.35	38.759	16	49.65	55.096	-0.567	0.597	0.04
m24c125r2.htb	0.138	-0.147	60	45.55	31.391	60	26.121	23.487	3.038	0.065	-0.36
m18c101r2.htb	0.136	1.731	16	27.143	79.978	16	62.667	54.012	10.857	3.063	0.399
m18c101r2.htb	0.027	0.084	90	12.129	12.51	90	11.105	10.403	3.406	0.247	-0.078
m18c117r3.htb	0.594	-0.609	16	20.713	33.27	16	57.113	69.034	11.236	-4.069	2.852
m18c117r3.htb	0.661	0.02	90	21.849	19.163	90	19.404	19.524	1.156	0.258	-0.218
m18c119r3.htb	0.002	0.734	16	13.752	7.677	16	5.996	5.155	3.331	1.121	0.348
m18c119r3.htb	0	-0.459	90	2.703	5.882	90	6.492	6.798	-0.757	-0.341	-0.578
m18c121r2.htb	0.699	-1.464	16	39.381	39.644	16	38.048	37.251	-5.198	-1.353	-1.576
m18c121r2.htb	0.008	-0.16	90	4.123	8.34	90	7.159	6.569	-0.589	-0.087	-0.233
m18c127r2.htb	0.005	0.235	16	6.303	5.147	16	5.424	5.562	0.075	-0.071	0.542
m18c127r2.htb	0.001	-0.144	90	2.362	3.803	90	3.872	3.906	0.631	-0.363	0.075
m24c134r2.htb	0.998	1.131	16	8.647	15.696	16	12.543	10.966	0.416	1.221	1.041
m24c134r2.htb	0.998	1.522	60	8.646	32.542	60	28.852	27.007	9.135	0.493	2.552
m24c134r2.htb	0.967	0.984	16	9.138	16.345	16	11.611	9.245	-0.197	1.238	0.729
m24c134r2.htb	0.974	1.051	60	9.171	57.151	60	32.275	19.837	12.411	2.42	-0.318
m24c133r3.htb	0.43	0.641	16	17.109	19.038	16	17.456	16.665	9.626	0.868	0.414
m24c133r3.htb	0.054	-0.1	60	6.084	6.882	60	5.457	4.745	-0.867	-0.056	-0.144
m24c158r2.htb	0.71	0.808	16	14.905	13.729	16	14.136	14.339	0.837	0.77	0.845
m24c158r2.htb	0.224	0.333	60	8.38	10.462	60	7.816	6.493	1.657	0.51	0.157
m24c158r2.htb	0.78	0.493	16	21.799	16.591	16	21.958	24.642	-0.515	0.954	0.032
m24c158r2.htb	0.441	0.565	60	16.399	14.588	60	13.435	12.858	-1.115	0.662	0.469
m24c158r2.htb	0.71	0.837	16	14.905	10.62	16	14.206	15.999	0.168	0.76	0.914
m24c158r2.htb	0.237	0.379	60	8.611	8.354	60	7.157	6.558	1.95	0.583	0.175
m24c158r2.htb	0.71	0.808	16	14.905	13.729	16	14.136	14.339	0.837	0.77	0.845
m24c158r2.htb	0.224	0.333	60	8.38	10.462	60	7.816	6.493	1.657	0.51	0.157
m24c155r2.htb	0.49	0.486	16	9.438	7.13	16	6.775	6.598	-0.965	0.363	0.609
m24c155r2.htb	0.089	0.123	60	4.019	2.84	60	2.886	2.91	0.059	0.053	0.193
m24c155r2.htb	0.549	0.517	16	8.206	8.431	16	7.461	6.976	-0.563	0.315	0.719
m24c155r2.htb	0.089	0.108	60	3.301	2.485	60	2.606	2.666	-0.073	-0.06	0.276
m24c154r2.htb	0.112	0.608	16	18.681	19.427	16	20.414	20.907	-0.568	0.348	0.868
m24c154r2.htb	0.113	-0.336	60	18.822	17.205	60	18.458	19.084	-0.848	-0.457	-0.216
m24c153r2.htb	0.777	0.925	16	26.743	79.163	16	49.696	34.963	2.668	-0.522	2.373
m24c153r2.htb	0.278	0.218	60	16.007	70.505	60	38.072	21.855	11.559	2.14	-1.705
m24c144r2.htb	0.998	-4.229	16	14.691	18.507	16	109.402	154.85	-0.627	-0.914	-7.543
m24c144r2.htb	0.237	0.197	60	7.165	9.587	60	12.447	13.877	-4.573	-0.108	0.502
m24c140r2.htb	0.265	0.939	16	9.266	12.863	16	11.965	11.516	-1.734	0.533	1.345
m24c140r2.htb	0.064	-0.068	60	4.549	2.422	60	2.469	2.493	-0.919	-0.155	0.019
m24c138r2.htb	0.995	1.012	16	22.235	6.113	16	7.548	8.266	-1.495	0.979	1.044
m24c138r2.htb	0.773	0.028	60	19.604	18.481	60	22.897	25.106	1.426	1.613	-1.558
m24c134r2.htb	0.97	0.954	16	9.154	15.393	16	11.276	9.217	1.055	1.485	0.423
m24c134r2.htb	0.993	1.827	60	9.263	28.545	60	26.786	25.906	7.374	1.241	2.412
m24c134r2.htb	0.999	1.051	16	10.224	17.453	16	11.975	9.235	1.761	1.42	0.682
m24c134r2.htb	0.999	1.066	60	10.224	31.053	60	23.424	19.609	7.574	1.448	0.685
m24c133r3.htb	0.43	0.641	16	17.109	19.038	16	17.456	16.665	9.626	0.868	0.414
m24c133r3.htb	0.054	-0.1	60	6.084	6.882	60	5.457	4.745	-0.867	-0.056	-0.144
m24c129r2.htb	0.917	2.114	16	20.523	16.184	16	21.183	23.682	3.439	0.918	3.309
m24c129r2.htb	0.796	-1.621	60	19.122	300	60	157.878	86.817	-20.689	-7.234	3.992
m24c127r2.htb	0.673	0.605	16	7.322	3.278	16	3.319	3.339	-0.807	0.435	0.776
m24c127r2.htb	0.206	0.144	60	4.05	2.168	60	2.269	2.319	0.577	0.191	0.097
m24c125r2.htb	0.975	5.177	16	44.539	25.852	16	88.594	119.965	2.773	4.37	5.985
m24c125r2.htb	0.182	-3.146	60	19.242	168.371	60	104.108	71.977	-25.831	-10.641	4.349
m24c125r2.htb	0.724	0.319	16	104.35	38.759	16	49.65	55.096	-0.567	0.597	0.04
m24c125r2.htb	0.138	-0.147	60	45.55	31.391	60	26.121	23.487	3.038	0.065	-0.36
m24c119r2.htb	0.566	0.627	16	5.904	3.643	16	3.089	2.811	0.294	0.8	0.454
m24c119r2.htb	0.05	0.152	60	1.764	2.1	60	2.061	2.041	-0.044	0.041	0.263
m24c38r2.htb	0.8	0.759	16	6.362	3.437	16	3.35	3.306	0.217	0.779	0.738
m24c38r2.htb	0.079	0.157	60	2.005	1.291	60	1.433	1.504	-0.206	0.24	0.075
m24c118r2.htb	0.983	0.173	16	39.229	300	16	112.91	19.366	-59.311	-21.107	21.453
m24c118r2.htb	0.983	1.215	60	39.229	15.769	60	52.631	71.062	-3.597	-0.435	2.865
m24c115r2.htb	0.025	-0.435	16	18.515	18.006	16	17.845	17.764	-7.378	-1.007	0.137
m24c115r2.htb	0.002	-0.168	60	5.606	6.595	60	5.957	5.638	-0.58	-0.234	-0.102
m24c115r2.htb	0.025	-0.435	16	18.515	18.006	16	17.845	17.764	-7.378	-1.007	0.137
m24c115r2.htb	0.002	-0.161	60	5.487	6.595	60	5.998	5.7	-0.58	-0.22	-0.102
m24c112r2.htb	0.041	0.775	16	25.957	0.238	16	3.024	4.417	0	-0.229	1.779
m24c112r2.htb	0	0.055	60	1.986	1.507	60	2.4	2.847	-1.603	0.126	-0.016
m24c111r2.htb	0.732	1.659	16	20.012	16.382	16	94.09	132.944	4.421	-0.978	4.297
m24c111r2.htb	0.864	0.235	60	21.736	26.352	60	26.658	26.811	-0.432	-0.181	0.651
m24c111r2.htb	0.875	1.082	16	23.896	20.195	16	35.837	43.658	-2.697	1.215	0.95
m24c111r2.htb	0.868	0.369	60	23.807	16.61	60	21.815	24.418	-2.208	0.889	-0.15
m24c111r2.htb	0.483	-0.302	16	19.397	32.83	16	131.793	181.275	6.711	1.613	-2.217
m24c111r2.htb	0.952	-0.317	60	27.245	29.747	60	24.407	21.737	-5.433	-1.809	1.176
m24c111r2.htb	0.926	-0.884	16	16.279	24.859	16	148.832	210.818	0.955	3.612	-5.38
m24c111r2.htb	0.997	0.71	60	16.889	97.203	60	48.875	24.712	-6.151	-1.063	2.484
m24c111r2.htb	0.986	1.607	16	17.946	17.447	16	27.755	32.909	2.19	0.812	2.401
m24c111r2.htb	0.894	-0.036	60	17.094	15.698	60	21.052	23.729	-0.74	0.155	-0.228
m24c110r2.htb	0.987	-2.423	16	19.056	125.841	16	125.436	125.234	7.95	-3.603	-1.242
m24c110r2.htb	0.152	-0.202	60	7.471	10.023	60	10.142	10.202	1.866	-0.777	0.373
m24c106r2.htb	0.004	-1.043	16	19.08	15.386	16	16.371	16.864	2.971	-0.393	-1.694
m24c106r2.htb	0	-0.605	60	5.325	4.891	60	5.721	6.137	0.919	-1.056	-0.154
m24c105r2.htb	0.221	-10.678	16	28.145	112.944	16	167.045	194.096	-32.38	-14.305	-7.05
m24c105r2.htb	0.626	0.117	60	47.393	44.093	60	43.652	43.432	-0.772	1.053	-0.819
m24c105r2.htb	0.315	-13.819	16	42.025	95.335	16	125.631	140.779	55.894	8.618	-36.256
m24c105r2.htb	0.893	1.43	60	70.778	45.046	60	47.618	48.904	3.423	1.667	1.192
m24c103r2.htb	0.436	-4.9	16	22.795	26.254	16	52.99	66.357	10.718	6.628	-16.429
m24c103r2.htb	0.984	-3.612	60	34.228	19.444	60	112.081	158.4	2.865	1.384	-8.609
m24c103r2.htb	0.385	-4.407	16	21.411	36.856	16	50.732	57.67	23.81	9.901	-18.716
m24c103r2.htb	0.866	5.365	60	32.123	23.351	60	113.596	158.719	2.187	1.449	9.282
m24c103r2.htb	0.024	0.948	16	18.68	43.054	16	39.31	37.438	5.454	1.562	0.334
m24c103r2.htb	0.06	0.649	60	29.452	9.089	60	10.109	10.62	-1.076	0.127	1.171
m24c164r1.htb	0.606	1	16	19.078	19.807	16	15.426	13.236	13.543	3.296	-1.295
m24c164r1.htb	0.196	-0.253	60	10.856	4.742	60	6.401	7.23	-7.608	0.057	-0.563
m24c160r2.htb	0.054	0.3	16	15.312	11.839	16	14.134	15.282	2.321	0.765	-0.165
m24c160r2.htb	0.004	-0.243	60	4.383	3.504	60	4.346	4.767	-0.107	-0.18	-0.306
m24c166r2.htb	0.836	-0.157	16	121.659	65.158	16	132.505	166.178	14.431	5.048	-5.361
m24c166r2.htb	0.727	-0.178	60	113.46	72.206	60	52.661	42.888	10.538	0.8	-1.156
m24c166r2.htb	0.004	-0.382	16	19.575	300	16	117.927	26.891	68.748	18.095	-18.859
m24c166r2.htb	0.065	6.152	60	76.203	18.289	60	112.792	160.044	5.379	12.56	-0.257
m24c166r2.htb	0.018	0.242	16	40.422	300	16	119.532	29.298	11.838	3.976	-3.492
m24c166r2.htb	0.044	9.922	60	63.114	18.289	60	111.343	157.869	5.379	18.796	1.048
m24c166r2.htb	0.281	1.453	16	158.893	31.311	16	28.359	26.883	-7.863	-0.371	3.277
m24c166r2.htb	0.025	-104.552	60	47.342	42.356	60	124.81	166.037	5.579	-209.802	0.698
m24c18r2.htb	0.571	6.211	15	72.195	108.519	15	171.068	202.343	3.27	4.89	7.532
m24c18r2.htb	0.025	-0.379	60	15.039	17.505	60	107.458	152.435	2.85	0.599	-1.358
m24c18r2.htb	0.651	-0.22	15	26.891	55.628	15	86.206	101.496	-4.106	0.294	-0.734
m24c18r2.htb	0.312	28.481	60	18.621	47.745	60	129.027	169.668	-16.356	-2.006	58.969
m24c36r2.htb	0.984	0.573	18	9.509	12.956	18	16.054	17.603	2.1	0.326	0.821
m24c36r2.htb	0.922	0.664	60	9.203	8.535	60	11.878	13.55	2.435	0.169	1.16
m24c36r2.htb	0.766	1.068	18	4.164	7.786	18	12.206	14.416	0.928	1.237	0.899
m24c36r2.htb	0.801	0.937	60	4.258	6.846	60	13.038	16.134	1.107	0.521	1.353
m24c37r2.htb	0.033	-0.027	18	9.408	9.627	18	9.362	9.23	-0.723	0.194	-0.247
m24c37r2.htb	0.004	-0.126	60	3.422	4.42	60	4.055	3.873	-0.138	-0.225	-0.026
m24c37r2.htb	0.03	-0.041	18	9.107	8.934	18	8.936	8.938	-0.193	0.168	-0.251
m24c37r2.htb	0.004	-0.202	60	3.375	4.539	60	3.803	3.435	-0.072	-0.381	-0.022
m24c37r2.htb	0.026	-0.019	18	10.646	8.726	18	8.567	8.488	-0.359	0.136	-0.174
m24c37r2.htb	0.003	-0.17	60	3.734	4.3	60	3.995	3.843	-0.004	-0.276	-0.064
m24c37r2.htb	0.033	-0.027	18	9.408	9.627	18	9.362	9.23	-0.723	0.194	-0.247
m24c37r2.htb	0.004	-0.126	60	3.422	4.42	60	4.055	3.873	-0.138	-0.225	-0.026
m24c37r2.htb	0.807	0.738	18	49.608	47.444	18	47.025	46.815	1.54	0.725	0.751
m24c37r2.htb	0.124	0.376	60	19.431	23.134	60	21.714	21.003	1.063	0.398	0.353
m24c37r2.htb	0.624	1.062	18	63.011	41.69	18	58.03	66.2	0.537	0.808	1.315
m24c37r2.htb	0.071	0.222	60	21.32	31.061	60	25.248	22.342	1.338	0.272	0.172
m24c37r2.htb	0.771	0.678	18	43.296	40.865	18	33.056	29.152	3.276	0.943	0.413
m24c37r2.htb	0.091	0.333	60	14.838	22.022	60	20.842	20.252	0.933	0.63	0.036
m24c37r2.htb	0.807	0.738	18	49.608	47.444	18	47.025	46.815	1.54	0.725	0.751
m24c37r2.htb	0.124	0.376	60	19.431	23.134	60	21.714	21.003	1.063	0.398	0.353
m24c37r2.htb	0.882	0.448	18	29.488	36.864	18	28.997	25.063	4.293	0.631	0.265
m24c37r2.htb	0.16	0.424	60	12.557	15.672	60	16.754	17.294	-1.188	0.565	0.284
m24c49r2.htb	0.342	50.954	18	29.064	113.633	18	237.878	300	-9.532	88.291	13.618
m24c49r2.htb	0.973	0.198	60	49.013	300	60	132.559	48.839	-17.241	-5.222	5.617
m24c49r2.htb	0.44	-2.741	18	39.847	42.659	18	134.646	180.64	10.17	12.843	-18.324
m24c49r2.htb	0.961	-1.634	60	58.881	35.485	60	40.699	43.307	1.12	-3.063	-0.206
m24c49r2.htb	0.797	0.862	18	15.913	24.541	18	21.733	20.328	2.417	0.724	1
m24c49r2.htb	0.363	1.31	60	10.742	24.317	60	31.804	35.547	-1.694	2.392	0.228
m24c52r2.htb	0.07	0.383	18	24.976	5.64	18	5.959	6.118	-0.395	0.392	0.373
m24c52r2.htb	0.006	0.202	60	7.445	2.929	60	3.695	4.079	-1.369	0.041	0.364
m24c56r2.htb	0.857	0.735	18	14.52	12.872	18	14.415	15.186	-3.605	0.936	0.534
m24c56r2.htb	0.252	0.628	60	7.87	16.001	60	12.536	10.804	-0.954	0.825	0.431
m24c56r2.htb	0.749	0.832	18	14.109	13.01	18	12.55	12.319	-3.999	0.884	0.779
m24c56r2.htb	0.232	0.532	60	7.858	16.364	60	11.386	8.898	0.067	0.747	0.316
m24c56r2.htb	0.845	0.747	18	13.59	13.181	18	13.087	13.04	-3.802	0.795	0.699
m24c56r2.htb	0.293	0.505	60	8.011	15.514	60	12.218	10.569	0.227	0.732	0.278
m24c56r2.htb	0.81	0.835	18	14.473	13.55	18	13.366	13.274	-4.368	0.944	0.725
m24c56r2.htb	0.242	0.381	60	7.903	16.777	60	12.236	9.965	-0.392	0.391	0.371
m24c56r2.htb	0.81	0.835	18	14.473	13.55	18	13.366	13.274	-4.368	0.944	0.725
m24c56r2.htb	0.242	0.381	60	7.903	16.777	60	12.236	9.965	-0.392	0.391	0.371
m24c64r2.htb	0.619	0.681	16	14.059	6.653	16	6.913	7.044	0.064	0.727	0.635
m24c64r2.htb	0.043	-0.086	60	3.713	6.142	60	6.538	6.736	-0.233	0.235	-0.406
m24c64r2.htb	0.571	0.692	16	15.387	3.504	16	4.403	4.853	-0.713	0.734	0.65
m24c64r2.htb	0.029	-0.053	60	3.455	5.82	60	6.434	6.741	-0.292	0.221	-0.326
m24c64r2.htb	0.403	0.672	16	13.186	3.542	16	5.173	5.989	-0.475	0.669	0.676
m24c64r2.htb	0.028	0.01	60	3.453	6.101	60	6.727	7.04	-0.39	0.088	-0.069
m24c64r2.htb	0.665	0.657	16	14.828	6.396	16	6.596	6.695	-0.033	0.702	0.611
m24c64r2.htb	0.04	-0.073	60	3.623	5.249	60	6.387	6.956	0.146	0.339	-0.484
m24c64r2.htb	0.633	0.668	16	15.662	6.613	16	6.686	6.723	0.122	0.741	0.595
m24c64r2.htb	0.035	-0.079	60	3.702	5.249	60	6.415	6.999	0.146	0.302	-0.459
m24c18r2.htb	0.628	-0.178	15	67.181	300	15	300	300	32.376	6.31	-6.665
m24c18r2.htb	0.057	-0.561	60	20.212	17.505	60	106.884	151.574	2.85	0.236	-1.358
m24c18r2.htb	0.571	6.211	15	72.195	108.519	15	171.068	202.343	3.27	4.89	7.532
m24c18r2.htb	0.025	-0.379	60	15.039	17.505	60	107.458	152.435	2.85	0.599	-1.358
m24c18r2.htb	0.651	-0.22	15	26.891	55.628	15	86.206	101.496	-4.106	0.294	-0.734
m24c18r2.htb	0.312	28.481	60	18.621	47.745	60	129.027	169.668	-16.356	-2.006	58.969
m24c21r2.htb	0.975	1.075	15	15.374	21.523	15	18.174	16.5	7.925	1.926	0.224
m24c21r2.htb	0.997	-7.986	60	15.546	73.676	60	58.95	51.587	40.023	7.61	-23.582
m24c29r2.htb	0.921	0.901	15	8.538	5.658	15	6.802	7.374	1.711	0.789	1.013
m24c29r2.htb	0.335	0.38	60	5.149	3.382	60	3.135	3.012	0.627	0.341	0.418
m24c36r2.htb	0.999	0.847	18	9.32	10.416	18	11.825	12.53	0.101	0.723	0.971
m24c36r2.htb	0.931	0.685	60	8.997	8.887	60	11.406	12.665	2.863	0.467	0.902
m24c36r2.htb	0.994	0.691	18	10.711	11.427	18	12.998	13.783	1.384	0.454	0.928
m24c36r2.htb	0.938	0.658	60	10.407	8.652	60	11.581	13.045	3.643	0.23	1.085
m24c36r2.htb	0.994	0.691	18	10.711	11.427	18	12.998	13.783	1.384	0.454	0.928
m24c36r2.htb	0.938	0.658	60	10.407	8.652	60	11.581	13.045	3.643	0.23	1.085
m24c36r2.htb	0.982	0.846	18	6.499	7.21	18	7.167	7.145	0.04	0.66	1.032
m24c36r2.htb	0.716	0.539	60	5.548	5.367	60	6.035	6.369	1.801	0.552	0.525
m24c36r2.htb	0.982	0.846	18	6.499	7.21	18	7.167	7.145	0.04	0.66	1.032
m24c36r2.htb	0.716	0.539	60	5.548	5.367	60	6.035	6.369	1.801	0.552	0.525
m24c36r2.htb	0.926	0.92	18	4.662	8.12	18	8.068	8.042	0.452	0.777	1.064
m24c36r2.htb	0.655	0.642	60	3.921	5.48	60	6.583	7.134	1	0.533	0.75
m24c36r2.htb	0.926	0.92	18	4.662	8.12	18	8.068	8.042	0.452	0.777	1.064
m24c36r2.htb	0.655	0.642	60	3.921	5.48	60	6.583	7.134	1	0.533	0.75
m24c36r2.htb	0.033	0.69	18	26.706	183.179	18	113.053	77.991	-11.966	-2.181	3.562
m24c36r2.htb	0.006	1.533	60	11.659	28.335	60	55.008	68.344	5.641	-1.24	4.307
m24c37r2.htb	0.033	-0.027	18	9.408	9.627	18	9.362	9.23	-0.723	0.194	-0.247
m24c37r2.htb	0.004	-0.126	60	3.422	4.42	60	4.055	3.873	-0.138	-0.225	-0.026
m24c37r2.htb	0.033	-0.027	18	9.408	9.627	18	9.362	9.23	-0.723	0.194	-0.247
m24c37r2.htb	0.004	-0.126	60	3.422	4.42	60	4.055	3.873	-0.138	-0.225	-0.026
m24c37r2.htb	0.807	0.738	18	49.608	47.444	18	47.025	46.815	1.54	0.725	0.751
m24c37r2.htb	0.124	0.376	60	19.431	23.134	60	21.714	21.003	1.063	0.398	0.353
m24c37r2.htb	0.624	1.062	18	63.011	41.69	18	58.03	66.2	0.537	0.808	1.315
m24c37r2.htb	0.071	0.222	60	21.32	31.061	60	25.248	22.342	1.338	0.272	0.172
m24c38r2.htb	0.802	0.763	16	6.022	3.46	16	3.374	3.332	0.54	0.791	0.735
m24c38r2.htb	0.088	0.165	60	1.995	1.139	60	1.449	1.604	-0.104	0.266	0.063
m24c41r2.htb	0.341	0.309	16	10.187	5.574	16	4.997	4.708	0.022	0.417	0.2
m24c41r2.htb	0.045	-0.266	60	3.696	5.607	60	5.418	5.324	-1.386	-0.296	-0.236
m24c41r2.htb	0.258	0.293	16	10.211	5.16	16	4.847	4.691	0.438	0.374	0.212
m24c41r2.htb	0.029	-0.32	60	3.399	6.196	60	5.442	5.065	-1.353	-0.371	-0.269
m24c41r2.htb	0.341	0.309	16	10.187	5.574	16	4.997	4.708	0.022	0.417	0.2
m24c41r2.htb	0.045	-0.266	60	3.696	5.607	60	5.418	5.324	-1.386	-0.296	-0.236
m24c43r3.htb	0.659	0.57	18	12.198	7.261	18	6.629	6.313	1.541	0.437	0.704
m24c43r3.htb	0.176	0.2	60	6.307	5.459	60	5.121	4.952	-0.082	0.156	0.245
m24c43r3.htb	0.709	0.578	18	9.015	6.611	18	5.918	5.571	1.689	0.383	0.773
m24c43r3.htb	0.236	0.228	60	5.198	5.496	60	4.3	3.703	0.401	0.276	0.179
m24c43r3.htb	0.759	0.553	18	10.924	7.261	18	6.308	5.832	1.541	0.447	0.659
m24c43r3.htb	0.276	0.162	60	6.584	5.276	60	4.823	4.597	0.234	0.225	0.1
m24c49r2.htb	0.797	0.862	18	15.913	24.541	18	21.733	20.328	2.417	0.724	1
m24c49r2.htb	0.363	1.31	60	10.742	24.317	60	31.804	35.547	-1.694	2.392	0.228
m24c52r2.htb	0.002	0.737	18	12.305	16.397	18	14.374	13.362	0.229	0.685	0.789
m24c52r2.htb	0	0.057	60	6.159	4.634	60	4.283	4.107	-1.986	0.159	-0.045
m24c52r2.htb	0.063	0.551	18	10.144	17.498	18	16.723	16.335	0.198	0.286	0.816
m24c52r2.htb	0.023	0.1	60	6.091	5.253	60	5.382	5.446	-1.736	0.308	-0.107
m24c52r2.htb	0.07	0.383	18	24.976	5.64	18	5.959	6.118	-0.395	0.392	0.373
m24c52r2.htb	0.006	0.202	60	7.445	2.929	60	3.695	4.079	-1.369	0.041	0.364
m24c52r2.htb	0.668	0.823	18	21.331	11.957	18	13.777	14.688	-0.484	0.839	0.807
m24c52r2.htb	0.071	-0.315	60	6.963	12.898	60	11.918	11.428	-2.811	-0.757	0.127
m24c56r2.htb	0.81	0.835	18	14.473	13.55	18	13.366	13.274	-4.368	0.944	0.725
m24c56r2.htb	0.242	0.381	60	7.903	16.777	60	12.236	9.965	-0.392	0.391	0.371
m24c64r2.htb	0.665	0.657	16	14.828	6.396	16	6.596	6.695	-0.033	0.702	0.611
m24c64r2.htb	0.04	-0.073	60	3.623	5.249	60	6.387	6.956	0.146	0.339	-0.484
m24c68r2.htb	0.718	0.662	16	18.041	12.13	16	11.292	10.873	0.801	0.705	0.619
m24c68r2.htb	0.128	-0.142	60	7.611	8.513	60	8.682	8.766	1.044	-0.094	-0.19
m24c68r2.htb	0.734	0.729	16	16.996	11.397	16	10.758	10.438	0.084	0.635	0.823
m24c68r2.htb	0.1	-0.117	60	6.287	8.984	60	8.229	7.852	1.827	0.044	-0.278
m24c72r2.htb	0.943	0.41	16	8.372	7.148	16	8.023	8.46	-1.865	0.546	0.273
m24c72r2.htb	0.818	0.501	60	7.797	2.748	60	4.044	4.692	0.833	0.178	0.823
m24c72r2.htb	0.934	0.59	16	8.33	7.532	16	7.928	8.126	-1.388	0.666	0.514
m24c72r2.htb	0.794	0.601	60	7.683	2.399	60	4.031	4.847	1.076	0.32	0.882
m24c72r2.htb	0.5	0.626	16	212.132	300	16	190.729	136.093	-51.308	-15.531	16.784
m24c72r2.htb	0.5	-3.96	60	212.132	300	60	242.707	214.06	30.029	1.197	-9.117
m24c84r3.htb	0.978	1.524	16	7.033	10.813	16	12.352	13.121	-2.708	1.929	1.118
m24c84r3.htb	0.998	1.499	60	7.103	21.489	60	23.169	24.01	7.41	1.179	1.82
m24c84r3.htb	0.992	1.629	16	10.448	16.709	16	15.375	14.709	-4.316	1.448	1.81
m24c84r3.htb	0.971	0.609	60	10.334	15.011	60	14.196	13.789	0.844	0.753	0.465
m24c84r3.htb	0.967	1.355	16	7.98	14.149	16	13.091	12.562	-3.394	1.321	1.389
m24c84r3.htb	0.989	0.619	60	8.073	16.085	60	14.456	13.641	1.651	0.261	0.976
m24c84r3.htb	0.97	1.967	16	9.195	17.706	16	18.446	18.816	-2.524	2.936	0.997
m24c84r3.htb	0.996	0.476	60	9.319	24.295	60	19.761	17.495	1.865	0.695	0.256
m24c84r3.htb	0.961	1.687	16	10.044	18.997	16	16.076	14.615	-4.028	1.52	1.853
m24c84r3.htb	0.999	0.563	60	10.24	15.472	60	15.123	14.948	1.229	0.757	0.369
m24c85r2.htb	0.876	0.804	16	19.778	17.741	16	19.085	19.757	-1.893	0.839	0.769
m24c85r2.htb	0.567	0.888	60	15.912	14.342	60	15.975	16.791	1.285	1.368	0.407
m24c85r2.htb	0.876	0.764	16	19.778	15.458	16	18.409	19.885	-1.132	0.949	0.579
m24c85r2.htb	0.654	0.888	60	17.095	14.92	60	16.167	16.791	0.95	1.284	0.491
m24c85r2.htb	0.882	1.189	16	22.809	24.67	16	31.916	35.538	-1.327	1.553	0.826
m24c85r2.htb	0.791	0.936	60	21.602	24.223	60	23.563	23.234	2.062	0.921	0.951
m24c88r2.htb	0.016	0.852	16	37.856	29.998	16	30.007	30.011	-0.983	2.584	-0.88
m24c88r2.htb	0.155	0.839	60	118.292	39.662	60	36.467	34.869	-0.315	1.524	0.155
m24c88r2.htb	0.016	0.852	16	37.856	29.998	16	30.007	30.011	-0.983	2.584	-0.88
m24c88r2.htb	0.155	0.839	60	118.292	39.662	60	36.467	34.869	-0.315	1.524	0.155
m24c94r2.htb	0.904	5.12	16	24.058	151.335	16	129.57	118.688	-16.645	-4.998	15.239
m24c94r2.htb	0.795	1.707	60	22.562	108.181	60	98.804	94.116	-8.507	-0.77	4.184
m24c94r2.htb	0.999	-31.223	16	10.916	97.836	16	146.15	170.308	38.489	5.722	-68.168
m24c94r2.htb	0.899	-13.436	60	10.357	41.736	60	208.041	291.193	14.383	39.033	-65.905
m24c88r2.htb	0.336	0.94	16	46.883	36.034	16	33.982	32.956	0.791	2.158	-0.278
m24c88r2.htb	0.596	1.223	60	62.42	36.291	60	34.697	33.9	-2.233	1.448	0.999
m24c88r2.htb	0.986	1.173	16	25.267	22.043	16	23.622	24.411	0.658	1.263	1.082
m24c88r2.htb	0.902	-0.264	60	24.161	13.219	60	12.719	12.469	-5.985	0.329	-0.858
m24c94r2.htb	0.904	5.12	16	24.058	151.335	16	129.57	118.688	-16.645	-4.998	15.239
m24c94r2.htb	0.795	1.707	60	22.562	108.181	60	98.804	94.116	-8.507	-0.77	4.184
m24c85r2.htb	0.876	0.804	16	19.778	17.741	16	19.085	19.757	-1.893	0.839	0.769
m24c85r2.htb	0.567	0.888	60	15.912	14.342	60	15.975	16.791	1.285	1.368	0.407
m24c85r2.htb	0.882	1.189	16	22.809	24.67	16	31.916	35.538	-1.327	1.553	0.826
m24c85r2.htb	0.791	0.936	60	21.602	24.223	60	23.563	23.234	2.062	0.921	0.951
m24c102r2.htb	0.353	0.725	16	33.976	36.704	16	26.056	20.732	6.328	1.284	0.167
m24c102r2.htb	0.032	0.328	60	10.305	2.972	60	4.203	4.819	0.417	0.674	-0.018
m24c102r2.htb	0.297	0.551	16	30.367	19.047	16	19.467	19.676	4.443	0.143	0.959
m24c102r2.htb	0.065	0.37	60	14.248	8.008	60	7.653	7.476	-0.61	0.628	0.112
m24c102r2.htb	0.353	0.725	16	33.976	36.704	16	26.056	20.732	6.328	1.284	0.167
m24c102r2.htb	0.032	0.328	60	10.305	2.972	60	4.203	4.819	0.417	0.674	-0.018
m24c103r2.htb	0.038	-6.912	16	16.851	51.591	16	95.057	116.79	18.795	8.462	-22.285
m24c103r2.htb	0.923	1.296	60	83.072	21.215	60	41.025	50.931	4.258	0.431	2.16
m24c103r2.htb	0.254	0.653	16	33.207	24.063	16	19.664	17.465	3.901	0.801	0.504
m24c103r2.htb	0.09	0.481	60	19.793	9.57	60	10.924	11.602	-2.154	0.195	0.768
m24c105r2.htb	0.343	-0.169	16	23.804	300	16	158.571	87.856	40.689	10.002	-10.339
m24c105r2.htb	0.968	0.995	60	40.008	111.828	60	63.787	39.767	-9.109	-0.191	2.182
m24c105r2.htb	0.032	-48.966	16	28.497	300	16	221.923	182.885	-149.587	-39.991	-57.94
m24c105r2.htb	0.78	0.117	60	140.561	38.888	60	41.917	43.432	-1.731	0.814	-0.58
m24c106r2.htb	0.107	-1.247	16	18.068	15.386	16	18.397	19.903	2.971	-0.393	-2.102
m24c106r2.htb	0.003	-0.473	60	3.17	5.532	60	5.473	5.443	1.542	-1.007	0.061
m24c110r2.htb	0.971	-2.402	16	18.752	125.841	16	116.139	111.288	7.95	-1.702	-3.102
m24c110r2.htb	0.154	-0.421	60	7.462	9.169	60	9.071	9.022	2.229	-0.965	0.122
m24c111r2.htb	0.802	3.05	16	16.148	17.428	16	53.797	71.982	-1.635	6.544	-0.444
m24c111r2.htb	0.931	0.384	60	17.398	37.192	60	30.103	26.559	-2.406	-0.792	1.56
m24c111r2.htb	0.871	1.052	16	23.552	19.725	16	15.869	13.941	3.382	-0.11	2.213
m24c111r2.htb	0.343	0.135	60	14.772	9.656	60	18.833	23.422	0.482	0.554	-0.285
m24c115r2.htb	0.002	-0.489	16	13.456	16.602	16	20.833	22.948	-6.064	-0.828	-0.151
m24c115r2.htb	0	-0.36	60	5.611	8.054	60	7.164	6.719	-0.601	-0.239	-0.482
m24c115r2.htb	0.007	-1.606	16	24.933	16.269	16	32.885	41.193	-5.188	-0.476	-2.736
m24c115r2.htb	0.001	-0.082	60	8.04	6.595	60	6.956	7.136	-0.58	-0.037	-0.127
m24c115r2.htb	0.004	-0.496	16	17.267	13.814	16	18.544	20.909	-3.857	-0.705	-0.286
m24c115r2.htb	0.001	-0.23	60	6.142	6.556	60	6.86	7.012	-1.249	-0.213	-0.247
m24c115r2.htb	0.024	-0.357	16	18.197	18.34	16	18.308	18.293	-8.377	-1.257	0.542
m24c115r2.htb	0.002	-0.198	60	5.606	6.436	60	6.61	6.696	-0.899	-0.204	-0.192
m24c119r2.htb	0.578	0.605	16	5.46	3.955	16	3.258	2.909	0.283	0.774	0.435
m24c119r2.htb	0.074	0.151	60	1.956	2.031	60	1.974	1.946	-0.135	0.039	0.262
m24c125r2.htb	0.978	29.864	16	41.564	24.91	16	115.907	161.406	13.743	56.794	2.934
m24c125r2.htb	0.223	0.741	60	19.85	300	60	227.828	191.742	-12.769	-0.609	2.09
m24c125r2.htb	0.5	-3.254	16	212.132	87.708	16	77.316	72.119	-11.552	-1.259	-5.25
m24c125r2.htb	0.032	-0.287	60	53.355	22.975	60	24.714	25.583	1.465	0.052	-0.626
m24c125r2.htb	0.015	0.156	16	36.295	15.138	16	13.944	13.347	-0.358	0.588	-0.276
m24c125r2.htb	0.002	0.021	60	13.447	3.59	60	4.599	5.104	1.266	0.394	-0.351
m24c125r2.htb	0.089	0.334	16	89.557	13.191	16	16.714	18.475	-1.064	0.246	0.422
m24c125r2.htb	0.005	-0.18	60	20.445	7.836	60	6.564	5.928	1.25	0.386	-0.746
m24c125r2.htb	0.564	-1.369	16	149.595	62.784	16	84.473	95.317	-4.782	0.305	-3.044
m24c125r2.htb	0.309	-0.118	60	110.685	26.529	60	23.229	21.579	5.216	0.937	-1.173
m24c127r2.htb	0.68	0.641	16	8.03	2.981	16	3.912	4.377	0.02	0.505	0.776
m24c127r2.htb	0.174	0.168	60	4.059	2.491	60	2.475	2.467	0.802	0.26	0.077
m24c129r2.htb	0.971	2.08	16	24.068	19.102	16	31.828	38.191	0.918	0.439	3.722
m24c129r2.htb	0.982	-1.517	60	24.214	99.513	60	70.913	56.613	-5.311	-3.986	0.953
m24c133r3.htb	0.652	0.587	16	176.997	51.012	16	72.083	82.618	16.821	-6.022	7.196
m24c133r3.htb	0.002	-0.312	60	10.092	8.2	60	7.197	6.696	-2.464	0.003	-0.627
m24c133r3.htb	0.326	2.568	16	125.173	40.922	16	69.699	84.088	19.953	-6.084	11.219
m24c133r3.htb	0.002	-0.302	60	9.753	10.155	60	10.32	10.403	-2.03	0.171	-0.775
m24c133r3.htb	0.385	0.435	16	18.473	20.567	16	17.355	15.748	7.08	0.38	0.49
m24c133r3.htb	0.046	-0.097	60	6.387	6.166	60	4.637	3.872	-1.668	-0.274	0.08
m24c134r2.htb	0.998	0.957	16	14.797	27.69	16	15.862	9.949	2.707	1.615	0.299
m24c134r2.htb	0.993	1.358	60	14.765	54.765	60	34.254	23.999	14.946	3.416	-0.7
m24c134r2.htb	0.984	1.051	16	9.114	15.574	16	10.722	8.296	1.591	1.604	0.499
m24c134r2.htb	0.999	1.151	60	9.182	36.423	60	24.105	17.945	6.63	1.337	0.964
m24c134r2.htb	0.998	1.168	16	8.574	12.633	16	10.689	9.718	0.699	1.397	0.939
m24c134r2.htb	0.986	1.367	60	8.523	33.212	60	28.359	25.932	7.702	0.865	1.869
m24c138r2.htb	0.994	0.755	16	22.232	9.68	16	9.596	9.554	-1.148	1.066	0.443
m24c138r2.htb	0.773	-0.317	60	19.604	17	60	20.093	21.64	-1.335	0.091	-0.725
m24c140r2.htb	0.101	0.741	16	5.716	9.801	16	9.16	8.839	-1.198	0.168	1.314
m24c140r2.htb	0.064	-0.059	60	4.549	1.33	60	2.055	2.418	-0.129	-0.038	-0.081
m24c140r2.htb	0.141	0.642	16	5.691	6.946	16	8.622	9.459	-0.109	0.177	1.107
m24c140r2.htb	0.08	-0.04	60	4.28	3.305	60	2.924	2.734	-0.202	-0.26	0.179
m24c144r2.htb	0.998	-4.42	16	14.458	18.507	16	110.495	156.489	-0.627	-1.296	-7.543
m24c144r2.htb	0.243	0.406	60	7.138	10.394	60	13.144	14.518	-5.717	0.025	0.787
m24c153r2.htb	0.966	1.012	16	21.335	30.97	16	23.215	19.337	8.778	0.117	1.907
m24c153r2.htb	0.335	0.62	60	12.563	39.489	60	25.458	18.443	3.919	0.554	0.687
m24c153r2.htb	0.966	1.012	16	21.335	30.97	16	23.215	19.337	8.778	0.117	1.907
m24c153r2.htb	0.335	0.62	60	12.563	39.489	60	25.458	18.443	3.919	0.554	0.687
m24c153r2.htb	0.989	-1.14	16	22.194	17.409	16	27.814	33.017	2.224	-3.863	1.583
m24c153r2.htb	0.279	0.332	60	11.798	25.474	60	19.522	16.546	3.699	0.61	0.054
m24c154r2.htb	0.021	0.538	16	5.719	3.003	16	3.281	3.42	0.038	0.669	0.408
m24c154r2.htb	0.003	0.013	60	2.302	1.922	60	2.22	2.369	0.098	0	0.027
m24c154r2.htb	0.021	0.538	16	5.719	3.003	16	3.281	3.42	0.038	0.669	0.408
m24c154r2.htb	0.003	0.013	60	2.302	1.922	60	2.22	2.369	0.098	0	0.027
m24c155r2.htb	0.507	0.54	16	8.715	7.071	16	6.736	6.568	-0.691	0.499	0.581
m24c155r2.htb	0.092	0.164	60	3.72	2.6	60	2.685	2.727	-0.057	0.068	0.26
m24c155r2.htb	0.575	0.494	16	7.96	8.343	16	7.269	6.732	-0.85	0.276	0.713
m24c155r2.htb	0.098	0.132	60	3.279	2.154	60	2.05	1.998	-0.219	-0.048	0.313
m24c155r2.htb	0.442	0.491	16	8.323	5.271	16	5.058	4.952	-0.731	0.529	0.453
m24c155r2.htb	0.077	0.107	60	3.473	2.294	60	2.394	2.443	0.125	0.02	0.193
m24c158r2.htb	0.684	0.808	16	13.349	10.85	16	13.176	14.339	0.739	0.746	0.87
m24c158r2.htb	0.258	0.383	60	8.197	8.354	60	7.37	6.878	1.95	0.682	0.084
m24c158r2.htb	0.768	0.807	16	15.504	13.729	16	14.989	15.619	0.837	0.769	0.845
m24c158r2.htb	0.268	0.339	60	9.16	10.462	60	9.443	8.933	1.657	0.609	0.07
m24c160r2.htb	0.054	0.3	16	15.312	11.839	16	14.134	15.282	2.321	0.765	-0.165
m24c160r2.htb	0.004	-0.243	60	4.383	3.504	60	4.346	4.767	-0.107	-0.18	-0.306
m24c166r2.htb	0.958	-0.992	16.000	61.495	74.721	16.000	133.250	162.514	17.924	5.411	-7.395	
m24c166r2.htb	0.923	-0.178	60.000	60.351	72.206	60.000	52.661	42.888	10.538	0.800	-1.156	
m24c166r2.htb	0.009	-1.026	16.000	28.637	300.000	16.000	124.302	36.453	45.221	12.638	-14.691	
m24c166r2.htb	0.008	5.397	60.000	27.619	18.289	60.000	112.792	160.044	5.379	11.050	-0.257	
m24c171r2.htb	0.032	-37.085	16.000	14.133	35.750	16.000	185.340	260.136	0.554	8.684	-82.855	
m24c171r2.htb	0.040	-0.040	60.000	15.803	62.806	60.000	27.191	9.383	-14.767	-3.448	3.369	
m24c180r2.htb	0.990	0.980	16.000	18.276	16.891	16.000	18.070	18.659	3.635	1.142	0.818	
m24c180r2.htb	0.935	0.239	60.000	17.761	21.595	60.000	22.590	23.088	-7.600	1.283	-0.805	
m24c180r2.htb	0.978	0.918	16.000	17.464	9.786	16.000	10.328	10.599	-0.016	0.972	0.865	
m24c180r2.htb	0.663	0.772	60.000	14.379	12.674	60.000	12.501	12.414	-1.959	0.806	0.738	
m24c182r2.htb	0.073	2.115	16.000	38.772	33.619	16.000	36.082	37.313	6.595	4.735	-0.506	
m24c182r2.htb	0.003	-0.184	60.000	8.193	15.094	60.000	11.903	10.307	-6.397	-0.410	0.041	
m24c182r2.htb	0.018	25.022	16.000	40.504	28.157	16.000	117.323	161.907	3.394	49.995	0.049	
m24c182r2.htb	0.001	0.150	60.000	9.766	16.108	60.000	12.893	11.285	-4.349	0.401	-0.102	
m24c182r2.htb	0.011	4.578	16.000	30.868	39.452	16.000	104.282	136.697	2.483	9.521	-0.365	
m24c182r2.htb	0.001	-0.052	60.000	8.959	20.642	60.000	16.189	13.962	-2.419	0.313	-0.416	
m24c182r2.htb	0.209	10.056	16.000	59.581	83.582	16.000	140.174	168.470	-9.767	17.199	2.913	
m24c182r2.htb	0.012	-0.006	60.000	14.216	35.652	60.000	30.286	27.603	-0.481	-0.139	0.128	
m18c101r2.htb	0.030	0.990	16.000	51.735	181.967	16.000	119.615	88.440	14.741	5.731	-3.752	
m18c101r2.htb	0.005	2.115	90.000	22.236	22.175	90.000	34.871	41.218	-3.351	3.904	0.325	
m18c101r2.htb	0.134	7.248	16.000	48.888	62.054	16.000	131.630	166.418	6.995	16.658	-2.162	
m18c101r2.htb	0.014	0.902	90.000	15.870	18.578	90.000	21.506	22.970	-0.460	1.458	0.347	
m18c101r2.htb	0.030	0.990	16.000	51.735	181.967	16.000	119.615	88.440	14.741	5.731	-3.752	
m18c101r2.htb	0.005	2.115	90.000	22.236	22.175	90.000	34.871	41.218	-3.351	3.904	0.325	
m18c101r2.htb	0.134	7.248	16.000	48.888	62.054	16.000	131.630	166.418	6.995	16.658	-2.162	
m18c101r2.htb	0.014	0.902	90.000	15.870	18.578	90.000	21.506	22.970	-0.460	1.458	0.347	
m18c101r2.htb	0.455	0.563	16.000	43.021	300.000	16.000	170.100	105.151	35.781	8.703	-7.576	
m18c101r2.htb	0.244	2.208	90.000	31.533	30.767	90.000	46.110	53.781	-1.281	4.790	-0.374	
m18c101r2.htb	0.859	-0.403	16.000	29.553	141.192	16.000	170.358	184.941	-21.489	-3.477	2.672	
m18c101r2.htb	0.493	0.292	90.000	22.381	32.859	90.000	37.451	39.746	-2.871	-0.495	1.078	
m18c101r2.htb	0.090	1.618	16.000	22.993	38.119	16.000	61.417	73.066	8.189	1.343	1.893	
m18c101r2.htb	0.019	0.104	90.000	10.596	10.561	90.000	10.514	10.490	2.701	0.175	0.034	
m18c108r3.htb	0.215	1.111	16.000	32.820	31.600	16.000	26.818	24.427	-2.804	1.061	1.160	
m18c108r3.htb	0.237	-0.415	90.000	34.481	31.618	90.000	30.851	30.468	3.968	-1.617	0.788	
m18c108r3.htb	0.220	0.700	16.000	30.641	27.866	16.000	25.006	23.577	-2.514	0.832	0.567	
m18c108r3.htb	0.143	0.217	90.000	24.772	32.368	90.000	25.600	22.216	9.623	0.500	-0.066	
m18c108r3.htb	0.500	-1.818	16.000	212.132	55.749	16.000	77.371	88.182	1.641	-2.231	-1.405	
m18c108r3.htb	0.001	-0.639	90.000	8.554	8.562	90.000	9.048	9.290	-0.310	-0.684	-0.594	
m18c108r3.htb	0.848	-0.428	16.000	116.887	58.830	16.000	70.121	75.767	3.233	0.141	-0.996	
m18c108r3.htb	0.005	-0.639	90.000	8.538	8.392	90.000	8.991	9.290	0.244	-0.546	-0.732	
m18c115r2.htb	0.278	-2.761	16.000	19.427	21.517	16.000	33.573	39.600	8.262	-3.975	-1.547	
m18c115r2.htb	0.096	-0.416	90.000	11.406	10.891	90.000	10.556	10.389	1.540	-0.398	-0.434	
m18c115r2.htb	0.821	0.649	16.000	24.786	25.490	16.000	23.499	22.504	0.263	0.074	1.224	
m18c115r2.htb	0.683	-0.268	90.000	22.604	22.712	90.000	20.316	19.118	1.026	-0.666	0.129	
m18c115r2.htb	0.994	-0.057	16.000	22.065	20.909	16.000	20.911	20.911	5.015	-0.854	0.740	
m18c115r2.htb	0.621	-2.077	90.000	17.442	27.460	90.000	34.725	38.357	3.319	-0.786	-3.368	
m18c117r3.htb1	0.724	-0.432	16.000	21.670	31.200	16.000	56.593	69.289	11.091	-4.105	3.241	
m18c117r3.htb1	0.659	0.037	90.000	20.679	20.661	90.000	18.846	17.939	1.299	0.368	-0.294	
m18c117r3.htb1	0.795	0.962	16.000	17.547	28.707	16.000	46.991	56.134	7.950	-1.457	3.382	
m18c117r3.htb1	0.789	-0.021	90.000	17.471	18.562	90.000	20.658	21.706	1.767	0.266	-0.309	
m18c117r3.htb1	0.783	0.624	16.000	20.672	28.707	16.000	46.493	55.386	7.950	-2.135	3.382	
m18c117r3.htb1	0.810	-0.001	90.000	21.025	18.211	90.000	20.462	21.587	2.047	0.137	-0.139	
m18c119r3.htb1	0.701	34.795	16.000	17.234	73.936	16.000	205.137	270.738	-7.064	52.695	16.895	
m18c119r3.htb1	0.408	-0.660	90.000	13.154	209.364	90.000	88.226	27.657	73.267	15.192	-16.513	
m18c119r3.htb1	0.701	34.795	16.000	17.234	73.936	16.000	205.137	270.738	-7.064	52.695	16.895	
m18c119r3.htb1	0.408	-0.660	90.000	13.154	209.364	90.000	88.226	27.657	73.267	15.192	-16.513	
m18c119r3.htb4	0.015	0.669	16.000	13.664	5.744	16.000	5.582	5.500	2.370	1.077	0.261	
m18c119r3.htb4	0.001	-0.012	90.000	2.522	5.882	90.000	3.966	3.008	-0.757	-0.089	0.066	
m18c120r2.htb4	0.527	-1.038	16.000	25.130	300.000	16.000	128.466	42.699	-22.068	-2.388	0.312	
m18c120r2.htb4	0.129	-0.165	90.000	12.407	27.013	90.000	114.673	158.503	4.301	0.056	-0.385	
m18c121r2.htb3	0.777	-1.159	16.000	33.859	39.644	16.000	34.373	31.737	-5.198	-1.568	-0.749	
m18c121r2.htb3	0.013	-0.101	90.000	4.309	6.174	90.000	4.984	4.389	0.578	0.228	-0.431	
m18c121r2.htb4	0.993	1.603	16.000	25.189	53.598	16.000	67.235	74.053	-9.193	2.711	0.495	
m18c121r2.htb4	0.726	-0.964	90.000	21.536	151.168	90.000	74.904	36.772	-14.312	-3.227	1.300	
m18c127r2.htb3	0.013	0.263	16.000	5.897	5.098	16.000	5.369	5.505	0.443	0.021	0.505	
m18c127r2.htb3	0.002	-0.144	90.000	2.360	3.747	90.000	3.853	3.906	0.409	-0.418	0.130	
m24c194r2.htb1	0.734	3.790	16.000	32.954	36.547	16.000	48.975	55.188	-1.766	2.555	5.025	
m24c194r2.htb1	0.029	-0.694	60.000	6.503	11.356	60.000	12.944	13.738	2.880	-0.965	-0.422	
m24c194r2.htb1	0.980	2.807	16.000	42.635	25.384	16.000	30.704	33.364	1.704	2.228	3.386	
m24c194r2.htb1	0.051	-0.568	60.000	9.769	11.702	60.000	11.604	11.556	3.690	-0.554	-0.581	
m24c194r2.htb1	0.980	2.807	16.000	42.635	25.384	16.000	30.704	33.364	1.704	2.228	3.386	
m24c194r2.htb1	0.051	-0.568	60.000	9.769	11.702	60.000	11.604	11.556	3.690	-0.554	-0.581	
m24c188r2.htb1	0.563	0.967	16.000	8.835	6.802	16.000	7.321	7.580	0.492	0.975	0.958	
m24c188r2.htb1	0.441	0.244	60.000	7.816	4.308	60.000	5.022	5.379	0.964	0.294	0.195	
m24c188r2.htb1	0.725	0.859	16.000	9.877	8.872	16.000	9.515	9.836	1.045	0.871	0.846	
m24c188r2.htb1	0.688	0.325	60.000	9.623	7.942	60.000	7.565	7.377	0.490	0.499	0.151	
m24c140r2.htb1	0.014	-0.063	16.000	35.619	42.530	16.000	48.563	51.580	4.427	-0.388	0.262	
m24c140r2.htb1	0.023	-0.468	60.000	45.642	24.763	60.000	36.850	42.894	1.893	-0.441	-0.496	
m24c188r2.htb1	0.563	0.967	16.000	8.835	6.802	16.000	7.321	7.580	0.492	0.975	0.958	
m24c188r2.htb1	0.441	0.244	60.000	7.816	4.308	60.000	5.022	5.379	0.964	0.294	0.195	
m24c38r2.htb1	0.802	0.763	16.000	6.022	3.460	16.000	3.374	3.332	0.540	0.791	0.735	
m24c38r2.htb1	0.088	0.165	60.000	1.995	1.139	60.000	1.449	1.604	-0.104	0.266	0.063	
m24c119r2.htb1	0.578	0.605	16.000	5.460	3.955	16.000	3.258	2.909	0.283	0.774	0.435	
m24c119r2.htb1	0.074	0.151	60.000	1.956	2.031	60.000	1.974	1.946	-0.135	0.039	0.262	
m24c127r2.htb1	0.704	0.577	16.000	7.726	2.981	16.000	4.036	4.563	0.020	0.505	0.649	
m24c127r2.htb1	0.157	0.168	60.000	3.648	2.491	60.000	2.475	2.467	0.802	0.260	0.077	
m24c155r2.htb1	0.312	0.606	16.000	12.338	9.008	16.000	8.977	8.962	-1.490	0.509	0.703	
m24c155r2.htb1	0.067	0.083	60.000	5.706	4.853	60.000	3.891	3.410	0.898	0.090	0.076	
m24c56r2.htb1	0.810	0.835	18.000	14.473	13.550	18.000	13.366	13.274	-4.368	0.944	0.725	
m24c56r2.htb1	0.242	0.381	60.000	7.903	16.777	60.000	12.236	9.965	-0.392	0.391	0.371	
m24c195r2.htb1	0.992	0.949	16.000	10.566	8.096	16.000	7.112	6.621	-0.131	1.048	0.851	
m24c195r2.htb1	0.988	0.870	60.000	10.548	8.736	60.000	9.133	9.332	0.151	0.656	1.084	
m24c195r2.htb1	0.981	0.997	16.000	7.257	5.027	16.000	5.666	5.986	0.188	0.943	1.052	
m24c195r2.htb1	0.969	0.678	60.000	7.212	2.177	60.000	3.795	4.604	-0.959	1.146	0.211	
m24c195r2.htb1	0.986	0.715	16.000	9.429	7.832	16.000	4.197	2.380	-1.072	0.528	0.902	
m24c195r2.htb1	0.956	1.069	60.000	9.284	6.529	60.000	6.810	6.951	2.280	0.677	1.461	
m24c195r2.htb1	0.993	0.911	16.000	9.885	8.122	16.000	6.625	5.876	0.305	0.889	0.933	
m24c195r2.htb1	0.999	0.934	60.000	9.915	9.927	60.000	9.635	9.489	0.381	0.778	1.090	
m24c195r2.htb1	0.992	0.949	16.000	10.566	8.096	16.000	7.112	6.621	-0.131	1.048	0.851	
m24c195r2.htb1	0.988	0.870	60.000	10.548	8.736	60.000	9.133	9.332	0.151	0.656	1.084	
m18c497r2.htb1	0.143	-0.438	16.000	14.500	300.000	16.000	209.451	164.177	7.891	0.159	-1.034	
m18c497r2.htb1	0.953	-0.377	60.000	37.462	6.545	60.000	119.948	176.649	-4.154	-2.406	1.653	
m18c515r2.htb1	0.359	-7.302	16.000	6.985	45.444	16.000	77.871	94.084	-17.128	1.391	-15.996	
m18c515r2.htb1	0.011	0.439	60.000	1.239	15.566	60.000	18.958	20.654	-8.615	0.559	0.320	
m18c515r2.htb1	0.181	-3.161	16.000	19.837	75.837	16.000	192.086	250.211	-17.475	10.726	-17.049	
m18c515r2.htb1	0.099	2.029	60.000	14.638	94.544	60.000	68.250	55.103	-32.483	-2.370	6.429	
m18c509r2.htb1	0.508	-20.410	10.000	15.152	117.073	10.000	163.222	186.296	40.632	-40.500	-0.320	
m18c509r2.htb1	0.337	-0.590	60.000	12.345	12.719	60.000	14.539	15.449	-4.598	-1.209	0.029	
m18c515r2.htb1	0.301	-4.878	16.000	18.549	75.837	16.000	171.540	219.391	-17.475	5.169	-14.926	
m18c515r2.htb1	0.207	1.215	60.000	15.388	69.486	60.000	54.869	47.561	-18.263	-0.577	3.007	
m18c498r2.htb1	0.908	-58.085	10.000	91.114	50.604	10.000	168.919	228.077	-2.489	-119.886	3.716	
m18c498r2.htb1	0.009	-0.252	60.000	8.840	20.876	60.000	16.242	13.926	1.592	-1.081	0.576	
m18c481r2.htb1	0.257	-1.169	12.000	24.507	300.000	12.000	125.708	38.562	-132.639	-39.010	36.673	
m18c481r2.htb1	0.289	0.127	60.000	25.982	132.365	60.000	70.282	39.241	-4.794	0.515	-0.262	
m24c200r2.htb1	0.794	-0.102	16.000	11.402	12.241	16.000	13.016	13.403	3.030	-0.834	0.630	
m24c200r2.htb1	0.091	0.373	60.000	3.862	4.313	60.000	3.504	3.100	1.203	0.944	-0.199	
m24c200r2.htb1	0.806	0.279	16.000	17.901	12.203	16.000	12.704	12.955	1.220	-0.439	0.997	
m24c200r2.htb1	0.038	0.458	60.000	3.896	6.812	60.000	4.948	4.015	2.587	1.065	-0.148	
m24c200r2.htb1	0.617	-1.045	16.000	14.254	15.756	16.000	21.874	24.933	3.042	-2.632	0.542	
m24c200r2.htb1	0.135	0.468	60.000	6.669	9.544	60.000	5.799	3.927	2.856	1.209	-0.274	
m24c200r2.htb1	0.785	0.154	16.000	9.485	12.241	16.000	13.767	14.529	3.030	-0.652	0.960	
m24c200r2.htb1	0.104	0.301	60.000	3.449	4.827	60.000	3.560	2.927	0.884	0.722	-0.119	
m24c200r2.htb1	0.794	-0.102	16.000	11.402	12.241	16.000	13.016	13.403	3.030	-0.834	0.630	
m24c200r2.htb1	0.091	0.373	60.000	3.862	4.313	60.000	3.504	3.100	1.203	0.944	-0.199	
m24c201r2.htb1	0.719	2.415	16.000	37.723	69.829	16.000	51.825	42.822	-6.229	2.719	2.112	
m24c201r2.htb1	0.145	-2.894	60.000	16.923	84.727	60.000	161.185	199.414	18.682	5.421	-11.209	
m18c537r2.htb1	0.645	0.821	16.000	5.319	5.335	16.000	6.137	6.538	2.196	0.935	0.707	
m18c537r2.htb1	0.485	0.506	60.000	4.611	2.680	60.000	2.972	3.118	-1.085	0.606	0.405	
m18c537r2.htb1	0.854	2.524	16.000	105.242	300.000	16.000	202.507	153.760	-7.493	2.777	2.270	
m18c537r2.htb1	0.835	0.766	60.000	104.098	79.647	60.000	45.054	27.758	-6.601	-2.461	3.992	
m18c537r2.htb1	0.656	0.873	16.000	5.235	5.730	16.000	6.226	6.473	1.521	0.871	0.876	
m18c537r2.htb1	0.513	0.662	60.000	4.629	2.022	60.000	2.833	3.239	-0.743	1.004	0.320	
m18c481r2.htb1	0.686	-1.772	12.000	49.661	18.818	12.000	29.578	34.957	14.685	-3.480	-0.064	
m18c481r2.htb1	0.325	0.737	60.000	34.174	110.080	60.000	53.977	25.926	-10.894	-1.205	2.679	
m24c202r3.htb1	0.453	0.358	16.000	47.503	28.579	16.000	38.056	42.794	-2.790	-0.795	1.511	
m24c202r3.htb1	0.293	1.001	60.000	38.249	25.466	60.000	24.757	24.402	1.141	0.446	1.555	
m18c556r2.htb1	0.002	2.003	16.000	14.806	15.846	16.000	40.485	52.805	1.187	-0.095	4.102	
m18c556r2.htb1	0.000	0.156	60.000	4.136	6.710	60.000	9.440	10.805	1.547	-0.185	0.496	
m18c556r2.htb1	0.500	-0.709	16.000	212.132	186.812	16.000	172.719	165.672	-51.370	-14.492	13.074	
m18c556r2.htb1	0.002	-3.047	60.000	13.238	32.932	60.000	66.215	82.856	-13.961	-7.247	1.154	
m18c556r2.htb1	0.004	1.878	16.000	18.301	10.281	16.000	46.221	64.191	1.634	0.136	3.619	
m18c556r2.htb1	0.001	0.221	60.000	7.730	8.417	60.000	10.867	12.092	3.160	0.313	0.128	
m18c556r2.htb1	0.002	2.003	16.000	14.806	15.846	16.000	40.485	52.805	1.187	-0.095	4.102	
m18c556r2.htb1	0.000	0.156	60.000	4.136	6.710	60.000	9.440	10.805	1.547	-0.185	0.496	
m24c207r3.htb1	0.864	0.725	16.000	20.332	9.770	16.000	10.215	10.438	-3.309	0.228	1.222	
m24c207r3.htb1	0.442	0.579	60.000	14.535	15.342	60.000	12.848	11.601	0.020	0.810	0.348	
m24c207r3.htb1	0.791	0.656	16.000	23.740	8.812	16.000	9.225	9.432	-2.243	0.508	0.804	
m24c207r3.htb1	0.301	0.557	60.000	14.639	13.962	60.000	12.650	11.994	-0.514	0.541	0.573	
m24c207r3.htb1	0.785	0.837	16.000	20.770	11.319	16.000	11.292	11.278	-3.016	0.432	1.243	
m24c207r3.htb1	0.359	0.529	60.000	14.051	15.342	60.000	12.774	11.490	0.020	0.810	0.248	
m18c570r3.htb1	0.978	0.997	16.000	14.574	45.396	16.000	32.754	26.434	-7.830	0.011	1.984	
m18c570r3.htb1	0.623	-0.171	60.000	11.627	39.040	60.000	46.121	49.662	0.731	-0.148	-0.195	
m24c202r3.htb1	0.453	0.358	16.000	47.503	28.579	16.000	38.056	42.794	-2.790	-0.795	1.511	
m24c202r3.htb1	0.293	1.001	60.000	38.249	25.466	60.000	24.757	24.402	1.141	0.446	1.555	
m24c200r2.htb1	0.794	-0.102	16.000	11.402	12.241	16.000	13.016	13.403	3.030	-0.834	0.630	
m24c200r2.htb1	0.091	0.373	60.000	3.862	4.313	60.000	3.504	3.100	1.203	0.944	-0.199	
m24c200r2.htb1	0.782	0.067	16.000	15.585	11.937	16.000	14.698	16.079	3.065	-0.403	0.536	
m24c200r2.htb1	0.044	0.397	60.000	3.699	6.812	60.000	4.665	3.592	2.587	1.067	-0.273	
m24c200r2.htb1	0.627	0.149	16.000	20.369	23.224	16.000	19.840	18.147	6.503	-0.075	0.374	
m24c200r2.htb1	0.046	0.393	60.000	5.488	10.464	60.000	6.000	3.768	1.756	0.860	-0.074	
m24c200r2.htb1	0.736	0.589	16.000	17.319	17.118	16.000	18.799	19.639	4.103	0.117	1.060	
m24c200r2.htb1	0.046	0.291	60.000	4.315	7.099	60.000	4.893	3.790	2.805	0.982	-0.401	
m24c200r2.htb1	0.782	0.067	16.000	15.585	11.937	16.000	14.698	16.079	3.065	-0.403	0.536	
m24c200r2.htb1	0.044	0.397	60.000	3.699	6.812	60.000	4.665	3.592	2.587	1.067	-0.273	
m18c570r3.htb1	0.997	2.637	16.000	17.126	29.726	16.000	32.711	34.204	-8.653	3.450	1.824	
m18c570r3.htb1	0.372	-0.874	60.000	10.465	20.036	60.000	34.671	41.989	0.999	0.425	-2.173	
m24c216r1.htb1	0.361	4.494	16.000	124.693	143.022	16.000	172.821	187.721	-3.134	5.997	2.991	
m24c216r1.htb1	0.676	12.614	60.000	170.663	52.639	60.000	142.816	187.904	-8.715	0.165	25.064	
m24c216r1.htb1	0.641	4.149	16.000	36.057	293.146	16.000	232.305	201.885	0.995	-0.226	8.524	
m24c216r1.htb1	0.903	29.354	60.000	42.789	46.425	60.000	135.451	179.964	-3.105	0.706	58.002	
m24c217r3.htb1	0.747	-3.265	16.000	114.205	300.000	16.000	223.127	184.691	21.906	6.150	-12.680	
m24c217r3.htb1	0.234	-0.166	60.000	63.985	50.185	60.000	135.146	177.627	7.475	-0.492	0.161	
m24c216r1.htb1	0.641	4.149	16.000	36.057	293.146	16.000	232.305	201.885	0.995	-0.226	8.524	
m24c216r1.htb1	0.903	29.354	60.000	42.789	46.425	60.000	135.451	179.964	-3.105	0.706	58.002	
m24c216r1.htb1	0.012	-2.280	16.000	32.309	143.022	16.000	159.423	167.623	-3.134	-6.574	2.014	
m24c216r1.htb1	0.500	6.561	60.000	212.132	300.000	60.000	297.791	296.686	16.798	13.391	-0.269	
m24c218r3.htb1	0.960	1.502	16.000	37.229	35.199	16.000	38.027	39.440	7.678	0.926	2.079	
m24c218r3.htb1	0.737	1.300	60.000	32.620	66.038	60.000	39.595	26.373	5.566	1.892	0.708	
m18c571r3.htb1	0.990	0.642	16.000	11.216	28.681	16.000	42.617	49.586	-6.693	2.161	-0.878	
m18c571r3.htb1	0.999	5.198	60.000	11.266	26.466	60.000	133.528	187.060	-5.653	5.007	5.389	
m18c571r3.htb1	0.840	-1.177	16.000	9.045	18.865	16.000	40.291	51.005	-3.729	1.288	-3.643	
m18c571r3.htb1	0.868	2.870	60.000	9.194	25.313	60.000	45.546	55.663	-13.619	8.488	-2.748	
m18c571r3.htb1	0.988	1.891	16.000	11.633	56.542	16.000	41.527	34.020	-2.813	1.767	2.015	
m18c571r3.htb1	0.998	12.719	60.000	11.697	25.430	60.000	187.387	268.366	-9.368	31.948	-6.511	
m18c575r2.htb1	0.762	-3.222	16.000	35.498	84.746	16.000	143.664	173.123	8.489	3.264	-9.707	
m18c575r2.htb1	0.688	0.491	60.000	33.743	26.739	60.000	38.266	44.029	-0.723	0.258	0.724	
m18c575r2.htb1	0.991	-3.469	16.000	27.983	84.555	16.000	138.928	166.114	4.148	1.784	-8.722	
m18c575r2.htb1	0.817	0.406	60.000	25.404	26.739	60.000	34.073	37.740	-0.723	-0.308	1.120	
m18c575r2.htb1	0.992	-0.076	16.000	27.437	300.000	16.000	211.821	167.731	19.604	6.142	-6.294	
m18c575r2.htb1	0.992	0.925	60.000	27.437	25.337	60.000	48.117	59.507	2.141	-0.723	2.574	
m18c575r2.htb1	0.595	-3.066	16.000	32.554	84.555	16.000	139.663	167.217	4.148	2.491	-8.622	
m18c575r2.htb1	0.495	0.724	60.000	29.695	26.739	60.000	59.079	75.249	-0.723	0.194	1.254	
m24c221r3.htb1	0.852	0.869	16.000	29.337	49.626	16.000	72.135	83.390	8.406	3.507	-1.770	
m24c221r3.htb1	0.894	3.465	60.000	30.053	207.584	60.000	108.269	58.612	30.020	11.943	-5.012	
m18c576r2.htb1	0.929	0.782	16.000	16.601	13.426	16.000	16.819	18.515	3.110	1.196	0.369	
m18c576r2.htb1	0.889	1.071	60.000	16.244	32.866	60.000	39.922	43.450	2.759	2.561	-0.419	
m18c577r3.htb1	0.541	1.051	16.000	14.709	15.287	16.000	14.231	13.703	1.367	0.866	1.236	
m18c577r3.htb1	0.133	0.841	60.000	7.286	16.651	60.000	14.277	13.090	2.353	1.238	0.445	
m18c579r3.htb1	0.597	-3.031	16.000	190.375	141.632	16.000	81.451	51.360	-24.685	-14.157	8.095	
m18c579r3.htb1	0.002	1.506	60.000	11.732	300.000	60.000	113.871	20.806	-2.279	3.024	-0.011	
m18c580r1.htb1	0.313	7.179	16.000	103.084	67.501	16.000	85.280	94.169	3.633	12.994	1.363	
m18c580r1.htb1	0.038	4.117	60.000	35.949	41.461	60.000	85.406	107.378	0.753	8.044	0.190	
m18c580r1.htb1	0.012	-14.418	16.000	32.274	67.138	16.000	134.501	168.182	9.614	-29.350	0.514	
m18c580r1.htb1	0.057	-2.571	60.000	71.395	84.220	60.000	146.033	176.939	18.016	-2.551	-2.591	
m18c581r3.htb1	0.892	2.170	16.000	98.697	300.000	16.000	150.774	76.161	-2.920	0.450	3.890	
m18c581r3.htb1	0.892	-3.856	60.000	98.697	300.000	60.000	300.000	300.000	-24.203	-3.475	-4.237	
m18c583r3.htb1	0.141	0.407	16.000	11.695	13.543	16.000	8.206	5.537	-5.580	-0.407	1.221	
m18c583r3.htb1	0.022	0.194	60.000	4.662	3.543	60.000	3.131	2.926	-0.831	0.128	0.261	
m18c585r3.htb1	0.862	0.958	16.000	73.190	15.225	16.000	15.869	16.190	0.577	0.850	1.067	
m18c585r3.htb1	0.935	-0.020	60.000	76.255	22.386	60.000	21.889	21.640	1.099	0.002	-0.041	
m24c222r3.htb1	0.171	0.569	16.000	28.497	36.243	16.000	34.931	34.275	-2.690	0.225	0.912	
m24c222r3.htb1	0.096	1.207	60.000	21.333	76.775	60.000	60.999	53.110	-2.095	-0.416	2.831	
m24c224r3.htb1	0.274	-0.759	16.000	46.775	300.000	16.000	216.024	174.035	-1.030	-0.783	-0.735	
m24c224r3.htb1	0.390	-0.032	60.000	55.807	47.690	60.000	70.743	82.270	4.282	-0.460	0.395	
m18c599r2.htb1	0.068	1.105	16.000	11.589	23.638	16.000	20.711	19.247	-7.653	-0.271	2.481	
m18c599r2.htb1	0.128	0.261	60.000	15.818	17.521	60.000	16.034	15.290	9.855	1.253	-0.731	
m18c599r2.htb1	0.033	1.076	16.000	14.461	29.307	16.000	22.625	19.285	-11.487	-1.298	3.450	
m18c599r2.htb1	0.043	0.498	60.000	16.566	17.551	60.000	15.319	14.203	9.072	1.199	-0.204	
m18c599r2.htb5	0.074	1.029	16.000	14.153	30.858	16.000	23.012	19.088	-10.915	-1.436	3.494	
m18c599r2.htb5	0.067	0.307	60.000	13.544	21.304	60.000	16.243	13.713	8.461	0.989	-0.376	
m18c599r2.htb5	0.030	1.006	16.000	23.341	34.173	16.000	28.968	26.365	-7.284	-0.437	2.449	
m18c599r2.htb5	0.035	0.432	60.000	25.311	29.952	60.000	25.987	24.005	8.065	0.594	0.269	
m18c599r2.htb5	0.047	0.894	16.000	17.236	30.858	16.000	26.260	23.961	-10.915	-0.962	2.751	
m18c599r2.htb5	0.032	0.365	60.000	14.064	25.258	60.000	17.593	13.761	9.004	1.566	-0.836	
m18c599r2.htb5	0.074	1.029	16.000	14.153	30.858	16.000	23.012	19.088	-10.915	-1.436	3.494	
m18c599r2.htb5	0.067	0.307	60.000	13.544	21.304	60.000	16.243	13.713	8.461	0.989	-0.376	
m18c599r2.htb6	0.146	-5.104	16.000	52.857	300.000	16.000	215.939	173.909	-248.362	-59.743	49.536	
m18c599r2.htb6	0.248	5.546	60.000	68.958	300.000	60.000	180.650	120.975	41.932	22.442	-11.350	
m18c599r2.htb6	0.146	-5.104	16.000	52.857	300.000	16.000	215.939	173.909	-248.362	-59.743	49.536	
m18c599r2.htb6	0.248	5.546	60.000	68.958	300.000	60.000	180.650	120.975	41.932	22.442	-11.350	
m24c229r3.htb1	0.380	0.899	16.000	15.966	13.317	16.000	14.347	14.863	-0.784	0.831	0.967	
m24c229r3.htb1	0.034	0.129	60.000	4.810	5.894	60.000	5.210	4.868	-0.995	0.055	0.203	
m18c628r3.htb1	0.859	0.037	16.000	41.588	18.360	16.000	15.364	13.866	2.065	-0.410	0.483	
m18c628r3.htb1	0.700	0.691	60.000	37.534	10.134	60.000	13.283	14.857	1.214	0.624	0.757	
m18c625r3.htb1	0.175	-6.443	16.000	15.973	81.622	16.000	64.905	56.546	31.921	6.426	-19.313	
m18c625r3.htb1	0.404	-2.611	60.000	24.311	28.744	60.000	35.090	38.263	6.848	-4.162	-1.059	
m18c588r2.htb5	0.992	1.767	16.000	26.572	36.875	16.000	69.854	86.344	3.531	2.035	1.498	
m18c588r2.htb5	0.965	1.663	60.000	26.204	300.000	60.000	153.798	80.697	-19.990	-4.323	7.648	
m18c588r3.htb5	0.047	0.630	16.000	64.899	101.793	16.000	80.811	70.321	1.994	0.459	0.800	
m18c588r3.htb5	0.006	-0.330	60.000	22.350	21.169	60.000	23.325	24.402	2.874	-0.835	0.176	
m18c590r2.htb1	0.007	0.347	16.000	24.610	113.822	16.000	53.069	22.693	-11.514	-2.450	3.145	
m18c590r2.htb1	0.002	0.012	60.000	12.822	9.641	60.000	8.391	7.766	2.695	-0.500	0.524	
m18c590r2.htb1	0.351	1.489	16.000	17.732	17.139	16.000	25.183	29.205	1.286	3.147	-0.169	
m18c590r2.htb1	0.219	-0.090	60.000	14.014	8.721	60.000	9.443	9.804	1.156	-1.254	1.075	
m18c590r2.htb1	0.006	3.187	16.000	23.300	48.610	16.000	123.330	160.690	1.405	5.764	0.609	
m18c590r2.htb1	0.002	-0.480	60.000	13.720	13.981	60.000	13.771	13.666	1.346	-1.973	1.012	
m18c590r2.htb1	0.119	-1.309	16.000	19.062	250.561	16.000	114.666	46.718	-50.454	-15.533	12.914	
m18c590r2.htb1	0.072	-0.408	60.000	14.868	10.845	60.000	12.651	13.554	2.203	-1.536	0.720	
m18c590r2.htb1	0.010	0.267	16.000	29.750	27.539	16.000	25.612	24.648	-2.817	-0.298	0.832	
m18c590r2.htb1	0.002	-0.442	60.000	14.418	11.903	60.000	9.869	8.852	3.261	-0.871	-0.013	
m18c590r2.htb1	0.010	0.078	16.000	29.750	27.539	16.000	27.149	26.954	-2.817	-0.298	0.453	
m18c590r2.htb1	0.002	-0.315	60.000	13.919	11.903	60.000	9.572	8.406	3.261	-0.490	-0.141	
m18c590r2.htb1	0.010	0.466	16.000	29.466	133.194	16.000	70.567	39.254	-6.384	-1.228	2.160	
m18c590r2.htb1	0.002	-0.328	60.000	11.831	9.641	60.000	9.134	8.881	2.695	-1.080	0.425	
m18c590r2.htb1	0.007	0.347	16.000	24.610	113.822	16.000	53.069	22.693	-11.514	-2.450	3.145	
m18c590r2.htb1	0.002	0.012	60.000	12.822	9.641	60.000	8.391	7.766	2.695	-0.500	0.524	
m18c590r2.htb1	0.159	1.625	16.000	35.717	21.822	16.000	49.553	63.419	-3.497	3.646	-0.396	
m18c590r2.htb1	0.024	-0.357	60.000	13.747	10.151	60.000	10.462	10.617	2.197	-0.666	-0.048	
m18c593r2.htb1	0.501	1.330	16.000	20.555	108.356	16.000	62.821	40.053	-15.211	-0.286	2.946	
m18c593r2.htb1	0.849	-1.041	60.000	26.767	22.945	60.000	24.799	25.727	4.322	-0.580	-1.502	
m18c593r2.htb1	0.537	1.134	16.000	19.257	217.802	16.000	96.127	35.290	-29.503	-3.980	6.248	
m18c593r2.htb1	0.676	-0.548	60.000	21.605	15.658	60.000	19.640	21.630	3.497	-0.337	-0.760	
m18c593r2.htb1	0.609	0.864	16.000	27.473	300.000	16.000	125.533	38.299	81.774	23.779	-22.051	
m18c593r2.htb1	0.530	-0.381	60.000	25.623	16.843	60.000	21.415	23.701	3.824	-0.179	-0.583	
m18c593r2.htb1	0.501	1.330	16.000	20.555	108.356	16.000	62.821	40.053	-15.211	-0.286	2.946	
m18c593r2.htb1	0.849	-1.041	60.000	26.767	22.945	60.000	24.799	25.727	4.322	-0.580	-1.502	
m18c630r3.htb1	0.279	0.403	16.000	9.070	10.295	16.000	8.962	8.296	1.389	0.586	0.221	
m18c630r3.htb1	0.109	-0.058	60.000	5.652	5.798	60.000	5.884	5.927	1.953	-0.051	-0.066	
m18c596r3.htb5	0.972	1.746	16.000	7.838	13.084	16.000	11.896	11.301	-2.707	2.012	1.480	
m18c596r3.htb5	0.975	32.364	60.000	7.848	150.755	60.000	171.748	182.245	-7.487	5.547	59.182	
m18c596r3.htb5	0.999	2.188	16.000	10.711	17.735	16.000	16.600	16.032	-6.023	2.121	2.256	
m18c596r3.htb5	0.987	-23.047	60.000	10.648	153.665	60.000	160.449	163.841	-17.683	-44.855	-1.238	
m18c596r3.htb5	0.936	2.863	16.000	14.977	17.735	16.000	22.991	25.620	-6.023	3.716	2.010	
m18c596r3.htb5	0.997	-5.599	60.000	15.456	300.000	60.000	143.232	64.848	-66.001	-23.080	11.883	
m18c596r3.htb5	0.940	1.802	16.000	7.705	12.337	16.000	11.880	11.651	-2.114	2.075	1.528	
m18c596r3.htb5	0.948	99.739	60.000	7.739	251.358	60.000	205.283	182.245	15.324	11.250	188.228	
m18c596r3.htb5	0.603	1.762	16.000	19.465	44.294	16.000	35.484	31.079	-6.246	2.250	1.274	
m18c596r3.htb5	0.691	-3.177	60.000	20.839	300.000	60.000	164.164	96.246	25.779	5.132	-11.486	
m18c596r3.htb5	0.988	2.023	16.000	9.432	16.784	16.000	17.358	17.644	-1.988	2.165	1.881	
m18c596r3.htb5	0.982	18.130	60.000	9.404	300.000	60.000	300.000	300.000	32.181	243.098	-206.837	
m18c596r2.htb5	0.323	0.034	16.000	170.515	60.459	16.000	152.722	198.854	0.692	-3.245	3.313	
m18c596r2.htb5	0.028	1.569	60.000	50.304	39.319	60.000	46.462	50.034	4.729	1.380	1.758	
m18c596r2.htb5	0.588	-13.109	16.000	192.669	50.807	16.000	157.900	211.447	-4.605	-29.696	3.479	
m18c596r2.htb5	0.161	-2.010	60.000	100.974	53.311	60.000	61.779	66.013	-14.076	-0.806	-3.213	
m18c597r2.htb6	0.368	0.703	16.000	26.310	40.608	16.000	42.336	43.200	1.297	1.084	0.321	
m18c597r2.htb6	0.709	0.111	60.000	36.511	36.758	60.000	42.886	45.950	2.181	-0.267	0.489	
m18c597r2.htb6	0.379	1.019	16.000	18.568	25.909	16.000	38.646	45.015	4.401	0.418	1.620	
m18c597r2.htb6	0.654	0.164	60.000	24.397	38.081	60.000	33.005	30.467	2.806	0.209	0.119	
m18c597r2.htb6	0.467	0.370	16.000	14.615	9.308	16.000	13.999	16.345	4.520	-0.073	0.813	
m18c597r2.htb6	0.490	0.217	60.000	14.973	17.788	60.000	16.144	15.321	0.048	0.296	0.139	
m18c597r2.htb6	0.398	0.661	16.000	16.640	12.354	16.000	20.735	24.925	3.153	0.821	0.502	
m18c597r2.htb6	0.251	0.282	60.000	13.216	25.101	60.000	20.428	18.092	-1.792	-0.023	0.586	
m18c597r2.htb7	0.120	-0.753	16.000	31.114	44.497	16.000	78.491	95.488	-2.735	-1.181	-0.326	
m18c597r2.htb7	0.153	-2.385	60.000	35.116	80.172	60.000	88.451	92.591	5.786	-2.699	-2.070	
m18c633r3.htb1	0.009	0.677	16.000	28.757	37.688	16.000	31.128	27.848	4.667	1.180	0.174	
m18c633r3.htb1	0.002	0.273	60.000	11.626	20.337	60.000	18.578	17.699	2.898	0.601	-0.054	
m18c599r2.htb5	0.047	0.894	16.000	17.236	30.858	16.000	26.260	23.961	-10.915	-0.962	2.751	
m18c599r2.htb5	0.032	0.365	60.000	14.064	25.258	60.000	17.593	13.761	9.004	1.566	-0.836	
m18c599r2.htb5	0.074	1.029	16.000	14.153	30.858	16.000	23.012	19.088	-10.915	-1.436	3.494	
m18c599r2.htb5	0.067	0.307	60.000	13.544	21.304	60.000	16.243	13.713	8.461	0.989	-0.376	
m18c599r2.htb5	0.021	1.171	16.000	20.994	31.271	16.000	25.259	22.253	-7.659	0.031	2.312	
m18c599r2.htb5	0.017	0.282	60.000	18.782	23.809	60.000	18.100	15.246	10.939	1.189	-0.626	
m18c597r2.htb5	0.998	2.262	16.000	11.688	54.382	16.000	129.745	167.427	-8.511	3.585	0.938	
m18c597r2.htb5	0.991	-0.028	60.000	11.645	22.704	60.000	24.560	25.488	-8.185	0.369	-0.425	
m18c597r2.htb6	0.192	0.091	16.000	19.960	16.203	16.000	28.531	34.695	1.920	-0.324	0.505	
m18c597r2.htb6	0.089	-0.119	60.000	13.633	17.571	60.000	14.984	13.690	1.400	0.153	-0.390	
m18c600r3.htb1	0.965	-2.637	16.000	56.231	300.000	16.000	226.655	189.982	-91.090	-26.181	20.907	
m18c600r3.htb1	0.034	0.751	60.000	10.583	12.112	60.000	16.558	18.781	0.635	-0.180	1.682	
m18c600r3.htb1	0.969	1.439	16.000	52.974	40.483	16.000	47.831	51.504	-0.010	0.840	2.037	
m18c600r3.htb1	0.009	0.378	60.000	5.220	9.601	60.000	16.561	20.041	-0.839	-0.660	1.416	
m18c600r3.htb1	0.596	-1.347	16.000	74.852	30.567	16.000	210.189	300.000	-5.567	-5.343	2.648	
m18c600r3.htb1	0.025	0.530	60.000	15.467	11.870	60.000	17.432	20.213	1.838	0.329	0.731	
m18c605r4.htb1	0.019	0.177	16.000	5.846	7.233	16.000	7.387	7.464	0.553	0.264	0.091	
m18c605r4.htb1	0.003	0.094	60.000	2.358	1.721	60.000	1.873	1.949	0.747	0.194	-0.007	
m18c605r4.htb1	0.003	0.187	16.000	3.171	7.023	16.000	7.477	7.704	-0.750	0.464	-0.091	
m18c605r4.htb1	0.002	-0.002	60.000	2.259	1.612	60.000	1.703	1.748	0.673	0.023	-0.027	
m18c630r3.htb1	0.279	0.403	16.000	9.070	10.295	16.000	8.962	8.296	1.389	0.586	0.221	
m18c630r3.htb1	0.109	-0.058	60.000	5.652	5.798	60.000	5.884	5.927	1.953	-0.051	-0.066	
m18c637r3.htb1	0.524	0.768	16.000	10.719	12.838	16.000	10.607	9.492	-1.500	0.761	0.774	
m18c637r3.htb1	0.250	0.013	60.000	7.407	11.320	60.000	10.162	9.583	-0.506	0.110	-0.084	
m18c636r4.htb1	0.002	-0.628	16.000	13.506	17.873	16.000	54.027	72.103	2.730	0.455	-1.712	
m18c636r4.htb1	0.043	0.786	60.000	61.852	300.000	60.000	129.167	43.751	-4.973	-1.277	2.848	
m18c635r3.htb1	0.096	-3.061	16.000	26.803	49.062	16.000	98.769	123.622	-7.913	4.154	-10.275	
m18c635r3.htb1	0.044	-0.317	60.000	18.143	31.479	60.000	34.398	35.858	-0.595	-1.301	0.667	
m18c645r3.htb1	0.079	0.673	16.000	26.417	14.686	16.000	21.170	24.412	-4.870	-0.022	1.369	
m18c645r3.htb1	0.026	0.253	60.000	15.047	12.067	60.000	9.978	8.933	3.849	0.021	0.486	
m18c643r4.htb1	0.908	0.635	16.000	13.785	12.037	16.000	10.971	10.439	0.394	0.715	0.555	
m18c643r4.htb1	0.265	0.511	60.000	7.449	7.404	60.000	7.740	7.908	1.296	0.677	0.345	
m18c642r3.htb1	0.461	7.168	16.000	31.732	108.475	16.000	145.993	164.752	9.479	1.588	12.748	
m18c642r3.htb1	0.976	-83.028	60.000	46.169	65.751	60.000	144.678	184.141	24.280	0.186	-166.241	
m18c642r3.htb1	0.461	7.168	16.000	31.732	108.475	16.000	145.993	164.752	9.479	1.588	12.748	
m18c642r3.htb1	0.976	-83.028	60.000	46.169	65.751	60.000	144.678	184.141	24.280	0.186	-166.241	
m18c643r5.htb1	0.952	0.634	16.000	15.143	16.869	16.000	14.577	13.431	1.261	0.891	0.376	
m18c643r5.htb1	0.357	0.428	60.000	9.279	12.103	60.000	11.962	11.892	1.026	0.622	0.235	
m18c641r2.htb1	0.342	0.368	16.000	20.007	19.852	16.000	58.672	78.082	-0.435	1.457	-0.721	
m18c641r2.htb1	0.226	-2.661	60.000	16.255	30.393	60.000	85.822	113.537	1.293	-5.978	0.657	
m18c646r3.htb1	0.099	-0.270	16.000	47.931	35.241	16.000	32.504	31.135	13.982	0.573	-1.112	
m18c646r3.htb1	0.022	-0.431	60.000	22.678	15.762	60.000	20.331	22.615	5.535	-2.210	1.349	
m18c647r3.htb7	0.547	2.878	16.000	201.961	136.743	16.000	169.056	185.213	-29.185	-2.732	8.487	
m18c647r3.htb7	0.404	-2.375	60.000	173.545	50.276	60.000	104.432	131.510	-17.783	-12.796	8.045	
m18c647r3.htb6	0.959	-5.893	16.000	60.926	226.241	16.000	225.580	225.249	45.652	5.952	-17.739	
m18c647r3.htb6	0.648	0.113	60.000	50.087	167.945	60.000	114.385	87.604	24.419	4.872	-4.647	
m18c647r3.htb5	0.189	-13.875	16.000	54.529	288.533	16.000	213.939	176.642	-22.095	-4.112	-23.638	
m18c647r3.htb5	0.784	0.458	60.000	111.083	300.000	60.000	145.457	68.186	2.005	2.767	-1.852	
m18c647r3.htb6	0.959	-5.893	16.000	60.926	226.241	16.000	225.580	225.249	45.652	5.952	-17.739	
m18c647r3.htb6	0.648	0.113	60.000	50.087	167.945	60.000	114.385	87.604	24.419	4.872	-4.647	
m18c656r3.htb1	0.567	0.784	16.000	17.550	11.739	16.000	14.993	16.620	-3.451	1.349	0.219	
m18c656r3.htb1	0.240	0.336	60.000	11.425	17.565	60.000	16.927	16.608	0.015	0.033	0.639	
m18c653r3.htb1	0.007	17.331	16.000	24.900	105.058	16.000	143.338	162.479	-1.136	32.501	2.161	
m18c653r3.htb1	0.001	-1.638	60.000	11.600	300.000	60.000	232.646	198.968	16.342	-6.523	3.246	
m24c36r2.htb6	0.021	0.750	18.000	31.775	270.463	18.000	130.348	60.290	15.158	4.585	-3.084	
m24c36r2.htb6	0.008	-3.233	60.000	19.178	126.856	60.000	110.229	101.916	28.050	-3.966	-2.500	
