FILE	        ThreshVeMU	, ThreshViMU	,ThreshComMU	,CorrcoefVeSUMU	,CorrcoefViSUMU	,CorrcoefComSUMU	,noiseVe	,noiseVi	,noiseCom	
m2c66r2.htb	 14.089	 10.930	 32.272	 0.889	 -0.650	 -0.319	 -0.001	 0.036	 -0.024	 
m2c67r2.htb	 111.154	 23.149	 28.023	 0.330	 0.838	 0.502	 0.031	 0.099	 0.076	 
m2c71r2.htb	 7.579	 22.976	 33.299	 0.945	 0.516	 0.687	 0.302	 0.354	 0.289	 
m2c72r2.htb	 13.926	 21.572	 22.485	 0.918	 0.581	 0.838	 0.344	 0.290	 0.436	 
m2c77r2.htb	 19.425	 147.962	 45.955	 0.860	 0.515	 0.648	 0.156	 0.213	 0.130	 
m2c78r2.htb	 27.796	 300.000	 88.487	 0.344	 0.587	 0.369	 0.175	 0.146	 0.277	 
m2c79r2.htb	 121.574	 12.169	 11.558	 0.655	 0.894	 0.954	 0.164	 0.071	 -0.046	 
m2c81r2.htb	 43.974	 26.071	 69.427	 0.666	 0.876	 0.446	 0.166	 -0.430	 -0.063	 
m2c84r2.htb	 15.319	 3.929	 10.364	 0.925	 0.981	 0.746	 0.652	 0.588	 0.604	 
m2c86r2.htb	 22.810	 17.776	 17.191	 0.909	 0.841	 0.802	 0.437	 0.272	 0.579	 
m2c91r2.htb	 28.026	 10.635	 12.488	 0.349	 0.771	 0.610	 0.190	 0.289	 0.163	 
m2c93r2.htb	 130.188	 34.317	 96.666	 0.473	 0.583	 0.295	 0.556	 0.459	 0.398	 
m2c94r2.htb	 18.870	 287.713	 300.000	 0.842	 0.617	 0.514	 0.534	 0.511	 0.450	 
m2c97r2.htb	 22.305	 2.315	 4.692	 0.657	 0.994	 0.980	 0.384	 0.254	 0.195	 
m2c98r2.htb	 300.000	 16.245	 30.760	 0.376	 0.242	 0.744	 0.599	 0.208	 0.345	 
m2c99r2.htb	 15.485	 19.296	 14.416	 0.918	 0.650	 0.940	 0.256	 0.318	 0.210	 
m2c100r2.htb	 14.942	 13.759	 13.412	 0.861	 0.910	 0.794	 0.196	 0.198	 0.048	 
m2c101r2.htb	 25.979	 70.740	 17.567	 0.652	 -0.069	 0.857	 -0.295	 -0.478	 -0.136	 
m2c103r2.htb	 252.804	 17.428	 75.695	 0.275	 0.873	 0.696	 0.464	 0.583	 0.551	 
m2c109r2.htb	 19.336	 11.318	 18.147	 0.909	 0.935	 0.765	 0.436	 0.352	 0.361	 
m2c110r2.htb	 40.201	 7.249	 9.726	 0.605	 0.996	 0.894	 0.393	 0.305	 0.406	 
m2c116r2.htb	 10.440	 6.525	 23.168	 -0.582	 0.948	 0.656	 0.227	 0.332	 0.306	 
m2c119r2.htb	 75.944	 74.152	 81.404	 0.558	 0.543	 0.617	 0.316	 0.490	 0.425	 
m2c121r2.htb	 20.668	 17.872	 15.407	 0.651	 0.653	 0.954	 0.752	 0.515	 0.528	 
m2c125r2.htb	 63.864	 5.954	 10.086	 0.730	 0.989	 0.894	 0.545	 0.517	 0.469	 
m2c126r2.htb	 300.000	 69.701	 37.175	 0.143	 0.148	 -0.469	 0.140	 0.090	 0.128	 
m2c127r2.htb	 80.882	 3.198	 6.731	 0.157	 0.964	 0.945	 0.250	 0.055	 0.025	 
m2c128r2.htb	 86.316	 4.061	 6.938	 -0.175	 0.942	 0.941	 0.233	 0.083	 0.114	 
m2c129r2.htb	 46.400	 6.693	 11.533	 0.799	 0.986	 0.980	 0.315	 0.323	 0.303	 
m2c130r2.htb	 17.336	 28.435	 201.855	 0.778	 -0.228	 0.372	 0.236	 0.309	 0.240	 
m2c131r2.htb	 19.015	 1.927	 2.722	 0.669	 0.984	 0.994	 0.402	 0.292	 0.400	 
m2c134r2.htb	 21.810	 15.926	 60.580	 0.691	 0.878	 0.854	 0.140	 0.162	 0.075	 
m2c135r2.htb	 31.369	 11.868	 24.959	 0.682	 0.892	 0.942	 0.120	 0.035	 -0.060	 
m2c137r2.htb	 20.324	 36.377	 18.487	 0.586	 0.893	 0.918	 0.127	 0.081	 0.193	 
m2c138r2.htb	 11.122	 25.732	 9.387	 0.924	 0.584	 0.743	 -0.356	 -0.593	 -0.482	 
m2c139r2.htb	 18.562	 37.739	 27.882	 0.467	 0.683	 0.493	 -0.315	 0.124	 0.234	 
m2c140r2.htb	 6.270	 3.614	 5.809	 0.993	 0.997	 0.991	 0.586	 0.476	 0.507	 
m2c141r2.htb	 38.566	 47.979	 29.567	 0.826	 -0.575	 0.741	 -0.084	 0.058	 -0.013	 
m2c143r2.htb	 118.290	 5.820	 7.072	 0.152	 0.919	 0.912	 -0.203	 -0.100	 -0.016	 
m2c144r2.htb	 39.328	 15.754	 8.108	 0.331	 0.611	 0.876	 0.007	 -0.109	 0.017	 
m2c145r2.htb	 22.976	 4.057	 7.352	 0.545	 0.943	 0.682	 0.111	 -0.149	 0.139	 
m2c148r2.htb	 28.330	 7.003	 16.633	 0.410	 0.863	 0.783	 -0.307	 -0.367	 -0.334	 
m2c149r2.htb	 28.185	 12.651	 21.122	 -0.320	 0.966	 0.949	 0.351	 0.347	 0.279	 
m2c150r2.htb	 67.555	 300.000	 101.979	 0.362	 0.541	 0.369	 0.230	 0.284	 0.134	 
m2c151r2.htb	 70.627	 8.923	 12.503	 0.165	 0.883	 0.936	 0.388	 0.554	 0.500	 
m2c152r2.htb	 28.682	 23.939	 20.389	 0.848	 0.718	 0.590	 0.435	 0.407	 0.466	 
m2c155r2.htb	 20.674	 16.028	 33.313	 0.641	 0.966	 0.723	 -0.347	 -0.121	 -0.442	 
m2c157r2.htb	 300.000	 16.667	 27.843	 -0.492	 0.979	 0.677	 0.064	 -0.250	 -0.096	 
m2c158r2.htb	 4.857	 5.743	 4.712	 0.995	 0.988	 0.984	 0.334	 0.389	 0.325	 
m2c159r2.htb	 34.622	 143.731	 36.171	 0.643	 -0.444	 0.852	 0.059	 0.090	 -0.015	 
m2c160r2.htb	 18.258	 9.395	 22.102	 -0.647	 0.856	 -0.678	 0.413	 -0.051	 0.199	 
m2c161r2.htb	 153.323	 37.918	 153.030	 0.084	 0.708	 -0.549	 -0.107	 -0.130	 -0.112	 
m2c162r2.htb	 51.276	 12.180	 11.456	 -0.399	 0.918	 -0.312	 0.221	 0.175	 0.201	 
m2c163r2.htb	 110.243	 20.900	 30.626	 0.512	 0.700	 0.914	 0.100	 0.102	 0.089	 
m2c170r2.htb	 20.864	 26.765	 300.000	 0.732	 0.828	 0.664	 0.436	 0.257	 0.315	 
m2c172r2.htb	 42.310	 29.402	 227.481	 -0.739	 -0.957	 -0.599	 0.215	 0.071	 0.133	 
m2c174r2.htb	 90.020	 85.648	 300.000	 0.559	 -0.247	 0.129	 -0.085	 -0.102	 -0.305	 
m2c175r2.htb	 25.888	 38.679	 13.131	 0.135	 0.294	 0.540	 0.411	 0.519	 0.525	 
m2c176r2.htb	 28.819	 120.838	 22.793	 0.901	 0.725	 0.888	 0.526	 0.622	 0.447	 
m2c177r2.htb	 71.114	 64.802	 120.446	 0.536	 0.825	 0.665	 0.686	 0.582	 0.615	 
m2c178r2.htb	 11.968	 5.288	 1.491	 -0.860	 0.865	 0.863	 0.243	 0.279	 0.310	 
m2c179r2.htb	 300.000	 300.000	 131.884	 -0.538	 -0.104	 0.314	 0.084	 0.114	 0.087	 
m2c180r2.htb	 300.000	 300.000	 18.109	 0.540	 -0.428	 0.814	 0.327	 0.278	 0.303	 
m2c181r2.htb	 13.045	 14.058	 11.327	 0.990	 0.972	 0.937	 0.400	 0.376	 0.355	 
m2c182r2.htb	 36.599	 194.613	 300.000	 0.648	 0.578	 0.011	 0.112	 0.069	 0.026	 
m2c183r2.htb	 9.069	 11.981	 15.180	 -0.852	 0.682	 -0.717	 0.022	 -0.099	 -0.059	 
m2c184r2.htb	 20.986	 21.842	 22.550	 0.852	 0.072	 0.939	 0.160	 -0.085	 -0.011	 
m2c185r2.htb	 14.802	 25.039	 10.178	 -0.777	 -0.755	 -0.744	 -0.203	 0.137	 -0.009	 
m2c186r2.htb	 215.283	 34.158	 41.774	 0.857	 0.690	 0.787	 0.274	 0.171	 0.221	 
m2c187r2.htb	 300.000	 227.481	 81.392	 0.111	 -0.548	 -0.137	 0.157	 0.176	 -0.048	 
m2c189r2.htb	 300.000	 65.492	 63.607	 0.765	 0.614	 0.436	 0.232	 0.386	 0.127	 
m2c190r2.htb	 47.950	 6.876	 7.447	 0.420	 0.984	 0.993	 0.188	 0.205	 0.109	 
m2c191r2.htb	 44.948	 32.649	 47.846	 -0.402	 0.641	 0.572	 0.188	 0.256	 0.050	 
m2c193r2.htb	 300.000	 300.000	 100.929	 0.005	 0.162	 -0.156	 -0.073	 -0.019	 -0.311	 
m2c195r2.htb	 54.940	 20.351	 20.034	 0.220	 -0.438	 0.042	 -0.054	 -0.055	 0.160	 
m2c197r2.htb	 39.579	 9.296	 10.772	 0.629	 0.991	 0.964	 0.106	 0.094	 0.202	 
m2c198r2.htb	 10.668	 16.012	 16.600	 0.758	 0.696	 0.742	 0.181	 0.223	 0.060	 
m2c199r2.htb	 18.848	 13.798	 7.346	 0.733	 0.933	 0.968	 0.167	 0.240	 0.175	 
m2c200r2.htb	 17.103	 8.865	 7.239	 0.736	 0.972	 0.933	 -0.062	 0.012	 -0.042	 
m2c202r2.htb	 300.000	 58.752	 33.963	 0.358	 -0.202	 -0.758	 0.167	 0.205	 0.111	 
m2c214r2.htb	 23.791	 3.248	 2.775	 0.643	 0.996	 0.968	 -0.342	 -0.308	 -0.347	 
m2c220r2.htb	 27.325	 10.789	 33.779	 0.715	 0.986	 0.688	 0.576	 0.702	 0.593	 
m2c221r2.htb	 14.427	 15.552	 35.038	 0.950	 0.849	 0.800	 0.401	 0.430	 0.423	 
m2c223r2.htb	 37.129	 19.958	 11.532	 0.708	 0.955	 0.972	 0.634	 0.513	 0.705	 
m2c226r2.htb	 32.715	 27.357	 27.420	 -0.298	 0.150	 -0.142	 -0.014	 0.207	 0.215	 
m2c231r2.htb	 66.611	 10.937	 20.701	 0.000	 0.888	 0.224	 0.416	 0.143	 0.282	 
m2c233r2.htb	 23.204	 40.459	 26.476	 -0.171	 0.579	 0.906	 0.376	 0.346	 0.388	 
m2c236r2.htb	 17.221	 227.481	 112.904	 0.287	 0.957	 0.775	 0.440	 0.481	 0.539	 
m2c237r2.htb	 40.877	 8.725	 8.355	 0.175	 0.930	 0.842	 -0.173	 -0.446	 -0.519	 
m2c240r2.htb	 147.962	 22.602	 27.205	 0.190	 0.971	 0.771	 0.435	 -0.069	 -0.182	 
m2c241r2.htb	 121.582	 35.285	 61.254	 -0.318	 0.692	 -0.050	 -0.419	 -0.375	 -0.275	 
m2c252r2.htb	 30.090	 107.363	 78.173	 -0.361	 0.592	 -0.805	 -0.093	 -0.188	 -0.096	 
m2c254r2.htb	 14.590	 23.265	 14.772	 0.934	 0.875	 0.788	 0.485	 0.462	 0.415	 
m2c258r2.htb	 37.124	 18.629	 20.101	 -0.388	 0.883	 0.823	 0.161	 0.034	 0.121	 
m2c260r2.htb	 60.206	 15.146	 15.205	 0.777	 0.973	 0.949	 0.400	 0.201	 0.440	 
m2c364r2.htb	 19.318	 8.091	 7.099	 0.198	 0.955	 0.910	 0.214	 0.351	 0.264	 
m2c365r2.htb	 9.797	 29.442	 11.512	 0.597	 0.462	 0.689	 0.044	 -0.044	 -0.043	 
m2c368r2.htb	 300.000	 94.439	 71.450	 0.111	 0.173	 0.728	 0.415	 0.379	 0.369	 
m2c369r2.htb	 71.413	 147.954	 33.392	 0.364	 0.184	 0.713	 0.389	 0.222	 0.204	 
m2c370r2.htb	 300.000	 11.139	 11.889	 -0.011	 -0.413	 -0.321	 0.219	 0.167	 0.184	 
m2c372r2.htb	 53.463	 24.384	 52.037	 -0.095	 0.936	 0.738	 0.294	 0.334	 0.267	 
m2c374r2.htb	 19.754	 17.450	 23.330	 0.742	 0.683	 0.500	 0.153	 0.335	 0.346	 
m2c376r2.htb	 59.737	 12.287	 10.281	 0.681	 0.632	 0.906	 0.144	 0.089	 0.079	 
m2c378r2.htb	 66.327	 28.924	 69.712	 0.387	 0.822	 0.694	 0.336	 0.274	 0.399	 
m2c382r2.htb	 300.000	 3.974	 3.225	 0.372	 0.955	 0.965	 0.485	 0.376	 0.473	 
m2c392r2.htb	 22.689	 13.091	 10.628	 0.691	 0.735	 0.857	 0.375	 0.391	 0.288	 
m2c403r2.htb	 70.602	 2.033	 1.842	 -0.343	 0.966	 0.945	 0.325	 0.213	 0.106	 
m2c409r2.htb	 300.000	 36.586	 300.000	 0.717	 -0.195	 -0.166	 0.152	 0.021	 0.004	 
m2c417r2.htb	 60.256	 35.726	 43.487	 -0.063	 0.028	 -0.571	 0.005	 -0.000	 0.031	 
m2c423r2.htb	 53.947	 16.888	 21.566	 0.052	 -0.230	 -0.213	 0.060	 0.097	 0.018	 
m2c427r2.htb	 118.236	 5.352	 5.521	 -0.377	 0.843	 0.664	 0.472	 0.276	 0.448	 
m2c429r2.htb	 56.086	 116.633	 193.398	 0.784	 0.456	 0.825	 0.278	 0.265	 0.314	 
m2c436r2.htb	 10.862	 8.762	 8.172	 0.958	 0.974	 0.963	 -0.028	 0.150	 -0.156	 
m2c441r2.htb	 20.462	 6.731	 6.849	 0.824	 0.968	 0.937	 -0.281	 0.115	 -0.153	 
m2c443r2.htb	 21.782	 23.994	 32.558	 -0.481	 0.863	 0.841	 0.197	 0.404	 0.280	 
m2c445r2.htb	 8.515	 5.750	 5.877	 -0.467	 0.936	 -0.040	 -0.012	 0.134	 -0.113	 
m2c450r2.htb	 41.043	 4.792	 18.515	 -0.227	 0.955	 0.310	 0.358	 0.174	 0.285	 
m5c25r2.htb	 78.004	 26.016	 26.482	 0.921	 0.830	 0.918	 0.139	 0.422	 0.418	 
m5c29r2.htb	 99.304	 300.000	 33.706	 0.646	 0.948	 0.384	 0.488	 0.422	 0.431	 
m5c30r2.htb	 56.036	 145.356	 192.234	 0.125	 -0.333	 -0.013	 0.451	 0.368	 0.406	 
m5c35r2.htb	 300.000	 142.689	 300.000	 0.288	 0.120	 0.292	 0.150	 0.040	 0.311	 
m5c37r2.htb	 20.212	 61.564	 17.286	 0.276	 0.593	 0.139	 -0.039	 -0.540	 -0.042	 
m5c40r2.htb	 71.090	 12.965	 32.888	 0.695	 0.943	 0.364	 0.452	 0.454	 0.386	 
m5c42r2.htb	 69.188	 46.654	 106.842	 -0.169	 0.349	 0.177	 0.195	 -0.033	 0.320	 
m5c46r2.htb	 300.000	 263.043	 300.000	 -0.120	 0.565	 0.122	 0.287	 0.300	 0.449	 
m5c49r2.htb	 76.695	 300.000	 300.000	 0.930	 0.988	 0.705	 0.708	 0.663	 0.668	 
m5c54r2.htb	 300.000	 29.885	 17.794	 -0.415	 0.907	 0.911	 0.325	 0.444	 0.287	 
m5c60r2.htb	 35.686	 19.846	 31.779	 0.194	 0.872	 0.986	 0.062	 -0.004	 0.175	 
m5c63r2.htb	 68.902	 13.549	 7.930	 -0.135	 0.897	 0.600	 0.308	 0.181	 0.320	 
m5c66r2.htb	 20.714	 20.641	 12.731	 0.935	 0.865	 0.935	 -0.165	 0.005	 -0.143	 
m5c69r2.htb	 11.092	 10.231	 20.549	 0.997	 0.988	 0.926	 0.364	 0.302	 0.307	 
m5c70r2.htb	 31.397	 112.573	 180.205	 0.943	 0.456	 0.795	 0.581	 0.352	 0.643	 
m5c71r2.htb	 77.754	 31.960	 24.054	 0.374	 0.953	 0.953	 0.229	 0.286	 0.282	 
m5c75r2.htb	 300.000	 20.987	 37.223	 0.346	 0.991	 0.774	 0.133	 0.133	 0.154	 
m5c79r2.htb	 49.714	 124.356	 65.834	 0.036	 0.608	 0.194	 0.089	 0.199	 0.120	 
m5c81r2.htb	 38.088	 40.869	 27.000	 -0.610	 0.800	 0.877	 0.228	 0.168	 0.154	 
m5c82r2.htb	 76.917	 11.768	 15.826	 0.784	 0.789	 -0.621	 -0.065	 0.044	 -0.072	 
m5c83r2.htb	 19.262	 31.206	 27.468	 0.249	 -0.743	 0.149	 0.081	 0.049	 0.116	 
m5c87r2.htb	 300.000	 142.689	 74.050	 0.356	 -0.344	 -0.236	 0.282	 0.275	 0.289	 
m5c92r2.htb	 300.000	 38.556	 300.000	 0.191	 0.041	 0.413	 0.179	 0.021	 0.047	 
m5c95r2.htb	 20.480	 40.709	 23.390	 -0.175	 -0.472	 0.559	 0.362	 0.741	 0.519	 
m5c100r2.htb	 49.297	 44.773	 40.882	 0.914	 0.894	 0.940	 0.634	 0.616	 0.646	 
m5c103r2.htb	 19.578	 60.968	 19.731	 0.857	 0.354	 0.490	 0.134	 0.170	 0.231	 
m5c107r2.htb	 51.196	 93.189	 33.537	 0.256	 0.414	 0.510	 0.255	 0.045	 0.002	 
m5c108r3.htb	 162.493	 37.715	 20.365	 0.305	 0.815	 0.961	 0.144	 0.633	 0.478	 
m5c109r2.htb	 77.495	 61.567	 229.089	 0.421	 0.900	 0.949	 0.589	 0.683	 0.627	 
m5c111r2.htb	 58.822	 21.013	 23.640	 -0.083	 0.736	 0.277	 0.040	 0.337	 0.177	 
m5c118r2.htb	 300.000	 63.847	 300.000	 -0.337	 0.288	 -0.766	 -0.138	 0.363	 0.115	 
m5c125r2.htb	 40.473	 32.351	 300.000	 0.231	 0.924	 0.750	 0.225	 0.308	 0.233	 
m5c128r2.htb	 232.055	 24.242	 16.269	 0.730	 0.975	 0.937	 0.461	 0.648	 0.683	 
m5c129r2.htb	 29.785	 19.178	 300.000	 0.029	 0.942	 0.808	 0.278	 0.360	 0.243	 
m5c135r2.htb	 300.000	 185.134	 28.927	 -0.525	 0.553	 0.765	 0.478	 0.596	 0.453	 
m5c140r2.htb	 300.000	 119.533	 171.432	 -0.235	 0.441	 -0.724	 0.100	 -0.116	 -0.154	 
m5c152r2.htb	 52.573	 108.391	 41.384	 0.732	 -0.771	 0.282	 0.172	 0.266	 0.231	 
m5c154r2.htb	 50.343	 22.584	 42.286	 0.899	 0.945	 0.821	 0.035	 0.067	 0.048	 
m5c156r2.htb	 36.459	 190.279	 21.952	 -0.166	 0.551	 0.118	 0.110	 0.209	 0.078	 
m5c159r2.htb	 79.038	 300.000	 112.090	 0.730	 0.158	 0.558	 0.520	 0.204	 0.165	 
m5c163r2.htb	 60.377	 23.957	 300.000	 0.810	 0.956	 0.894	 0.163	 0.367	 0.304	 
m5c166r2.htb	 300.000	 74.020	 66.554	 0.591	 0.693	 0.820	 0.418	 0.424	 0.500	 
m5c167r2.htb	 33.843	 27.232	 300.000	 0.907	 0.649	 0.251	 -0.111	 0.149	 -0.066	 
m5c170r2.htb	 38.550	 19.601	 57.301	 0.885	 0.835	 0.171	 0.617	 0.390	 0.457	 
m5c222r5.htb	 59.975	 16.024	 19.523	 0.785	 0.792	 0.772	 -0.028	 0.227	 0.442	 
