FILE	        ThreshVeMU	, ThreshViMU	,ThreshComMU	,CorrcoefVeSUMU	,CorrcoefViSUMU	,CorrcoefComSUMU	,noiseVe	,noiseVi	,noiseCom	
m2c162r2.htb	 0.362	 -0.567	 0.339	 0.112	 -0.487	 0.027	 0.184	 0.944	 
m2c163r2.htb	 -0.503	 0.660	 0.167	 0.053	 -0.127	 0.248	 0.744	 0.520	 
m2c170r2.htb	 -0.778	 0.502	 0.014	 0.168	 -0.625	 0.764	 0.072	 0.017	 
m2c172r2.htb	 -0.794	 0.956	 0.011	 0.000	 -0.477	 0.312	 0.194	 0.413	 
m2c174r2.htb	 -0.574	 0.079	 0.106	 0.841	 0.389	 0.277	 0.300	 0.470	 
m2c175r2.htb	 -0.436	 -0.433	 0.241	 0.245	 0.506	 -0.430	 0.165	 0.247	 
m2c176r2.htb	 0.367	 0.234	 0.331	 0.545	 0.088	 0.649	 0.821	 0.059	 
m2c177r2.htb	 -0.476	 0.610	 0.195	 0.081	 0.084	 -0.638	 0.831	 0.064	 
m2c178r2.htb	 -0.763	 -0.799	 0.017	 0.010	 0.346	 0.124	 0.362	 0.751	 
m2c179r2.htb	 -0.272	 -0.308	 0.478	 0.419	 -0.006	 -0.381	 0.987	 0.312	 
m2c180r2.htb	 -0.049	 -0.146	 0.899	 0.707	 -0.058	 0.092	 0.882	 0.815	 
m2c181r2.htb	 -0.983	 -0.895	 0.000	 0.001	 -0.107	 -0.399	 0.785	 0.288	 
m2c182r2.htb	 0.640	 0.277	 0.063	 0.470	 -0.002	 -0.502	 0.997	 0.168	 
m2c183r2.htb	 0.955	 -0.769	 0.000	 0.016	 -0.165	 -0.788	 0.671	 0.012	 
m2c184r2.htb	 -0.881	 -0.777	 0.002	 0.014	 -0.121	 -0.181	 0.756	 0.641	 
m2c185r2.htb	 -0.889	 -0.829	 0.001	 0.006	 -0.448	 0.072	 0.226	 0.854	 
m2c186r2.htb	 0.031	 -0.661	 0.937	 0.052	 -0.307	 0.067	 0.422	 0.863	 
m2c187r2.htb	 -0.269	 -0.604	 0.484	 0.085	 -0.387	 0.374	 0.303	 0.322	 
m2c189r2.htb	 0.080	 0.346	 0.837	 0.362	 -0.180	 -0.301	 0.642	 0.432	 
m2c190r2.htb	 0.412	 -0.905	 0.270	 0.001	 -0.263	 -0.170	 0.495	 0.661	 
m2c191r2.htb	 -0.670	 -0.881	 0.048	 0.002	 0.366	 -0.242	 0.332	 0.531	 
m2c193r2.htb	 0.610	 -0.041	 0.081	 0.917	 -0.301	 -0.019	 0.431	 0.961	 
m2c195r2.htb	 -0.793	 -0.899	 0.011	 0.001	 -0.065	 -0.841	 0.868	 0.005	 
m2c197r2.htb	 0.732	 0.986	 0.025	 0.000	 -0.297	 -0.447	 0.437	 0.228	 
m2c198r2.htb	 0.910	 0.394	 0.001	 0.294	 -0.522	 -0.022	 0.149	 0.956	 
m2c200r2.htb	 0.705	 0.911	 0.034	 0.001	 0.290	 -0.144	 0.450	 0.712	 
m2c202r2.htb	 0.032	 -0.303	 0.935	 0.428	 -0.512	 -0.015	 0.159	 0.969	 
m2c214r2.htb	 -0.644	 -0.915	 0.061	 0.001	 0.697	 0.190	 0.037	 0.625	 
m2c220r2.htb	 0.336	 -0.889	 0.376	 0.001	 0.032	 0.209	 0.935	 0.590	 
m2c221r2.htb	 0.968	 -0.706	 0.000	 0.033	 0.261	 -0.099	 0.498	 0.800	 
m2c223r2.htb	 0.513	 -0.459	 0.158	 0.214	 -0.536	 -0.159	 0.137	 0.684	 
m2c226r2.htb	 -0.521	 0.035	 0.150	 0.929	 -0.170	 -0.340	 0.662	 0.371	 
m2c231r2.htb	 0.007	 -0.890	 0.985	 0.001	 0.304	 0.116	 0.426	 0.766	 
m2c233r2.htb	 0.876	 0.516	 0.002	 0.155	 0.058	 -0.136	 0.881	 0.727	 
m2c236r2.htb	 -0.343	 -0.165	 0.366	 0.671	 -0.211	 -0.647	 0.586	 0.060	 
m2c240r2.htb	 -0.173	 -0.989	 0.656	 0.000	 0.533	 -0.736	 0.140	 0.024	 
m2c241r2.htb	 0.582	 -0.780	 0.100	 0.013	 0.184	 0.118	 0.636	 0.762	 
m2c252r2.htb	 0.603	 0.393	 0.085	 0.296	 0.636	 -0.539	 0.065	 0.135	 
m2c258r2.htb	 -0.854	 -0.737	 0.003	 0.023	 -0.075	 -0.040	 0.847	 0.919	 
m2c260r2.htb	 -0.775	 -0.910	 0.014	 0.001	 0.004	 0.050	 0.993	 0.899	 
m2c364r2.htb	 -0.356	 -0.947	 0.347	 0.000	 0.183	 0.499	 0.637	 0.172	 
m2c365r2.htb	 0.864	 0.561	 0.003	 0.116	 0.294	 0.413	 0.442	 0.269	 
m2c368r2.htb	 0.019	 -0.028	 0.961	 0.943	 0.040	 -0.241	 0.919	 0.532	 
m2c369r2.htb	 0.029	 -0.122	 0.942	 0.754	 -0.381	 0.227	 0.311	 0.556	 
m2c370r2.htb	 0.000	 -0.027	 0.999	 0.944	 -0.042	 0.049	 0.916	 0.901	 
m2c372r2.htb	 0.567	 -0.909	 0.112	 0.001	 -0.236	 0.035	 0.540	 0.928	 
m2c374r2.htb	 -0.789	 0.930	 0.011	 0.000	 -0.489	 0.040	 0.182	 0.919	 
m2c376r2.htb	 0.513	 -0.833	 0.157	 0.005	 -0.323	 -0.200	 0.397	 0.605	 
m2c378r2.htb	 0.476	 -0.480	 0.195	 0.191	 0.517	 0.314	 0.154	 0.411	 
m2c382r2.htb	 -0.094	 0.939	 0.809	 0.000	 0.348	 0.467	 0.358	 0.205	 
m2c392r2.htb	 -0.595	 -0.724	 0.091	 0.027	 -0.424	 -0.096	 0.256	 0.807	 
m2c403r2.htb	 0.587	 0.891	 0.096	 0.001	 0.255	 0.008	 0.508	 0.983	 
m2c409r2.htb	 -0.031	 0.328	 0.936	 0.389	 -0.685	 0.230	 0.042	 0.552	 
m2c417r2.htb	 0.789	 0.539	 0.011	 0.134	 -0.440	 0.003	 0.236	 0.995	 
m2c423r2.htb	 -0.182	 0.860	 0.639	 0.003	 -0.302	 0.220	 0.430	 0.570	 
m2c427r2.htb	 -0.089	 0.961	 0.821	 0.000	 0.339	 -0.003	 0.372	 0.994	 
m2c429r2.htb	 0.730	 0.285	 0.025	 0.457	 -0.274	 -0.025	 0.476	 0.949	 
m2c436r2.htb	 -0.922	 -0.926	 0.000	 0.000	 0.059	 0.180	 0.879	 0.644	 
m2c441r2.htb	 0.899	 0.994	 0.001	 0.000	 0.349	 0.205	 0.357	 0.597	 
m2c443r2.htb	 -0.709	 0.584	 0.032	 0.099	 -0.241	 -0.360	 0.533	 0.341	 
m2c445r2.htb	 0.836	 0.943	 0.005	 0.000	 0.012	 0.149	 0.976	 0.703	 
m2c450r2.htb	 -0.425	 0.955	 0.255	 0.000	 -0.490	 0.260	 0.180	 0.499	 
m5c25r2.htb	 -0.699	 0.853	 0.036	 0.003	 0.509	 -0.184	 0.162	 0.636	 
m5c29r2.htb	 -0.380	 -0.058	 0.313	 0.882	 -0.256	 0.239	 0.506	 0.535	 
m5c30r2.htb	 -0.011	 -0.419	 0.978	 0.261	 0.188	 0.243	 0.628	 0.529	 
m5c37r2.htb	 -0.358	 -0.446	 0.344	 0.229	 -0.420	 -0.312	 0.260	 0.414	 
m5c40r2.htb	 0.269	 -0.787	 0.484	 0.012	 0.344	 -0.565	 0.364	 0.113	 
m5c42r2.htb	 -0.356	 -0.585	 0.347	 0.098	 0.034	 0.818	 0.932	 0.007	 
m5c49r2.htb	 -0.774	 0.021	 0.014	 0.958	 0.137	 0.311	 0.725	 0.415	 
m5c54r2.htb	 0.667	 0.937	 0.050	 0.000	 -0.288	 -0.070	 0.452	 0.858	 
m5c60r2.htb	 0.296	 -0.544	 0.439	 0.130	 -0.126	 -0.056	 0.746	 0.885	 
m5c63r2.htb	 0.184	 -0.881	 0.635	 0.002	 0.341	 0.220	 0.369	 0.569	 
m5c66r2.htb	 -0.876	 -0.836	 0.002	 0.005	 -0.523	 0.216	 0.148	 0.576	 
m5c69r2.htb	 -0.740	 0.858	 0.023	 0.003	 0.203	 -0.602	 0.600	 0.086	 
m5c70r2.htb	 -0.978	 0.304	 0.000	 0.427	 0.253	 0.003	 0.512	 0.993	 
m5c71r2.htb	 0.411	 0.936	 0.272	 0.000	 -0.710	 0.212	 0.032	 0.584	 
m5c75r2.htb	 -0.062	 -0.920	 0.874	 0.000	 0.688	 0.006	 0.040	 0.987	 
m5c79r2.htb	 -0.375	 -0.658	 0.320	 0.054	 0.030	 -0.630	 0.940	 0.069	 
m5c81r2.htb	 -0.729	 -0.900	 0.026	 0.001	 0.298	 -0.075	 0.436	 0.849	 
m5c82r2.htb	 0.379	 -0.861	 0.314	 0.003	 -0.689	 -0.065	 0.040	 0.869	 
m5c83r2.htb	 -0.718	 -0.861	 0.030	 0.003	 0.545	 -0.070	 0.129	 0.857	 
m5c87r2.htb	 -0.215	 -0.385	 0.578	 0.306	 0.407	 0.086	 0.277	 0.826	 
m5c92r2.htb	 0.365	 -0.797	 0.334	 0.010	 0.142	 0.011	 0.716	 0.977	 
m5c95r2.htb	 -0.866	 0.753	 0.003	 0.019	 0.060	 0.353	 0.879	 0.351	 
m5c100r2.htb	 0.741	 -0.345	 0.022	 0.363	 0.053	 0.413	 0.891	 0.269	 
m5c103r2.htb	 0.748	 0.307	 0.020	 0.422	 0.047	 0.139	 0.904	 0.721	 
m5c107r2.htb	 -0.563	 0.602	 0.114	 0.087	 -0.809	 -0.128	 0.008	 0.744	 
m5c108r3.htb	 0.227	 -0.304	 0.558	 0.426	 0.016	 -0.058	 0.967	 0.882	 
m5c109r2.htb	 0.505	 -0.387	 0.166	 0.303	 0.754	 0.459	 0.019	 0.214	 
m5c111r2.htb	 -0.693	 0.876	 0.039	 0.002	 -0.502	 0.178	 0.169	 0.647	 
m5c118r2.htb	 0.303	 -0.279	 0.427	 0.467	 -0.365	 0.064	 0.334	 0.870	 
m5c125r2.htb	 -0.215	 0.898	 0.578	 0.001	 -0.802	 -0.321	 0.009	 0.399	 
m5c128r2.htb	 0.165	 -0.744	 0.671	 0.021	 0.350	 -0.124	 0.356	 0.751	 
m5c129r2.htb	 -0.097	 0.937	 0.803	 0.000	 -0.051	 -0.068	 0.896	 0.862	 
m5c135r2.htb	 0.491	 -0.276	 0.180	 0.473	 0.130	 -0.706	 0.739	 0.033	 
m5c140r2.htb	 -0.073	 -0.849	 0.851	 0.004	 0.224	 0.720	 0.562	 0.029	 
m5c152r2.htb	 -0.685	 -0.653	 0.042	 0.056	 -0.502	 0.190	 0.168	 0.625	 
m5c154r2.htb	 -0.605	 -0.848	 0.084	 0.004	 0.487	 -0.537	 0.184	 0.136	 
m5c156r2.htb	 0.638	 0.394	 0.065	 0.294	 0.042	 0.520	 0.915	 0.151	 
m5c159r2.htb	 -0.585	 -0.460	 0.098	 0.213	 0.029	 -0.573	 0.941	 0.107	 
m5c163r2.htb	 -0.171	 -0.926	 0.659	 0.000	 0.221	 -0.513	 0.567	 0.158	 
m5c166r2.htb	 0.166	 0.712	 0.669	 0.031	 0.251	 0.069	 0.515	 0.859	 
m5c167r2.htb	 0.843	 -0.614	 0.004	 0.078	 -0.412	 -0.332	 0.271	 0.382	 
m5c170r2.htb	 -0.730	 0.975	 0.025	 0.000	 -0.295	 0.144	 0.440	 0.712	 
m5c222r5.htb	 -0.813	 -0.983	 0.008	 0.000	 0.623	 -0.058	 0.073	 0.881	 
