FILE	          coherence	  1_bias	 2_bias	 3_bias	 1_thresh	 2_thresh	 3_thresh	
m5c0r252.htb 3.383 6.175 2.617 1.907 2.580 2.550 
m5c0r253.htb 2.818 1.626 1.965 2.758 
m5c0r254.htb 2.102 4.241 0.206 2.314 1.947 1.308 1.666 3.486 1.984 2.054 1.536 2.175 1.551 2.198 
m5c0r255.htb 1.712 2.481 2.340 1.602 2.161 1.219 0.773 1.235 1.137 
m5c0r256.htb 1.867 2.094 2.610 1.738 0.996 2.013 2.489 1.687 
m5c0r257.htb 2.156 1.295 1.332 1.332 2.094 2.203 2.852 2.332 2.589 1.755 2.506 1.388 
m5c0r258.htb 2.186 2.393 1.513 2.045 1.580 2.559 1.804 2.457 
m5c0r259.htb 1.725 3.095 1.714 2.609 1.214 1.444 1.165 1.481 1.411 1.954 0.782 
m5c0r260.htb 2.570 3.553 2.140 2.067 
m5c0r261.htb 1.514 1.018 0.788 1.249 2.151 2.076 1.508 0.702 0.766 1.445 1.481 
m5c0r262.htb 1.745 1.857 1.256 1.692 2.010 1.991 1.591 1.102 
m5c0r263.htb 1.988 2.596 2.261 1.633 0.639 1.480 2.043 2.167 1.424 2.042 1.400 
m5c0r264.htb 1.278 1.014 1.061 1.631 1.270 1.434 0.925 
m5c0r270.htb 2.918 3.299 1.938 2.455 2.061 2.772 2.531 
m5c0r271.htb 1.666 1.689 1.368 2.466 1.600 1.614 1.850 
m5c0r273.htb 1.644 1.749 1.986 1.116 1.659 1.433 1.962 0.766 
m5c0r276.htb 1.821 1.771 2.396 1.623 1.361 1.278 
m5c691r3.htb 2.698 2.233 
m5c692r2.htb 1.543 1.193 1.963 2.061 
m5c693r3.htb 1.964 2.901 1.267 1.816 1.564 1.937 1.150 
m5c697r3.htb 1.526 2.788 1.027 
m5c699r3.htb 1.940 1.964 1.678 1.811 2.200 1.063 1.924 0.835 2.032 
m5c700r3.htb 1.893 2.056 1.413 1.294 1.859 2.082 1.872 1.828 
m5c702r3.htb 1.426 0.914 1.330 1.377 1.236 1.185 1.374 
m5c704r3.htb 1.336 2.039 0.755 1.105 1.413 
m5c706r3.htb 1.474 2.027 1.182 1.392 1.060 
m5c714r3.htb 1.280 1.526 1.078 
m5c719r3.htb 1.618 1.909 1.608 1.248 
m5c724r3.htb 1.339 0.905 1.330 1.302 1.520 
m5c726r3.htb 1.343 1.003 0.862 2.224 1.272 
m5c731r3.htb 2.416 1.048 2.290 1.952 2.699 
m5c735r3.htb 2.563 2.718 2.345 1.356 1.914 
m5c736r3.htb 2.168 2.724 2.163 1.934 1.667 
m5c737r3.htb 2.197 1.577 2.551 
m5c739r3.htb 1.723 1.505 1.896 
m5c740r6.htb 1.691 1.934 1.572 1.399 1.763 
m5c741r3.htb 2.122 2.003 1.645 1.687 2.732 
m5c742r3.htb 1.593 1.023 1.700 1.231 1.894 
m5c0r265.htb 2.427 1.752 1.499 2.337 2.770 3.355 3.058 2.980 5.638 2.219 3.218 
m5c0r266.htb 6.144 3.084 4.397 6.545 7.846 10.452 5.586 1.806 3.362 3.120 2.604 
m5c0r267.htb 3.037 3.172 2.260 1.584 3.564 
m5c0r268.htb 2.467 3.997 1.839 2.646 2.271 2.651 1.332 2.433 1.536 1.026 2.063 1.599 1.593 3.010 1.636 
m5c0r269.htb 2.434 5.509 1.037 1.733 2.040 1.797 1.513 1.567 1.813 2.089 2.621 5.932 2.371 2.802 2.753 1.897 
m5c0r272.htb 1.804 3.047 2.124 1.750 1.730 0.737 1.637 3.281 2.292 2.733 2.110 
m5c0r274.htb 2.689 2.461 1.116 2.740 2.274 2.482 3.644 2.265 5.413 
m5c0r275.htb 2.147 2.696 2.482 1.729 1.158 2.011 3.050 
m5c0r277.htb 2.062 2.435 1.109 1.762 1.982 
m5c0r278.htb 1.532 1.261 1.621 1.608 1.897 
m5c687r2.htb 1.321 1.036 1.737 
m5c691r2.htb 2.102 2.820 2.395 1.921 2.323 0.837 
m5c692r3.htb 1.876 1.795 2.318 2.287 1.570 
m5c693r2.htb 1.755 1.121 2.641 1.623 1.379 2.443 
m5c697r2.htb 2.540 3.440 2.664 1.292 1.240 1.595 
m5c699r2.htb 2.244 2.262 1.174 2.037 1.433 3.589 3.056 
m5c700r2.htb 1.703 1.545 1.571 1.598 2.078 1.759 1.716 
m5c702r2.htb 1.375 1.888 0.915 1.068 1.225 1.719 1.391 
m5c704r2.htb 2.059 2.808 1.394 1.429 
m5c706r2.htb 1.645 1.305 1.769 1.312 1.910 
m5c708r2.htb 1.966 1.906 1.775 
m5c710r2.htb 1.371 1.453 1.685 1.000 
m5c714r2.htb 1.381 0.957 1.367 1.711 
m5c716r2.htb 1.124 1.225 
m5c719r2.htb 1.027 1.023 1.965 0.976 1.003 
m5c722r2.htb 1.938 2.360 1.296 
m5c724r2.htb 1.204 1.703 1.284 0.466 2.072 
m5c726r2.htb 2.276 1.703 1.383 2.935 2.630 
m5c731r2.htb 2.282 2.968 2.213 2.523 
m5c734r2.htb 1.476 1.286 1.675 
m5c735r2.htb 1.664 1.307 1.414 1.450 2.219 
m5c736r2.htb 1.948 1.387 1.990 
m5c737r2.htb 1.934 2.414 1.365 2.329 
m5c739r2.htb 1.838 0.974 2.100 2.167 
m5c740r2.htb 2.287 2.304 2.982 1.290 
m5c741r2.htb 1.795 1.742 1.477 2.020 1.917 
m5c742r2.htb 1.390 1.764 1.087 1.635 
m5c583r3.htb 1.813 1.388 2.110 
m5c588r3.htb 2.068 2.339 1.751 
m5c593r3.htb 1.715 0.749 2.569 
m5c598r3.htb 1.729 2.297 0.994 
m5c602r3.htb 1.788 1.613 1.953 
m5c608r3.htb 2.233 3.167 1.312 
m5c614r3.htb 2.426 2.110 2.698 
m5c623r3.htb 1.662 1.475 
m5c627r3.htb 1.811 2.548 
m5c631r3.htb 1.637 1.747 
m5c634r3.htb 1.685 1.583 1.305 
m5c638r3.htb 1.602 1.209 1.822 
m5c642r3.htb 2.191 1.979 2.453 
m5c646r3.htb 1.749 1.794 1.653 
m5c654r3.htb 2.487 2.438 2.419 
m5c656r3.htb 1.689 1.490 1.798 
m5c665r3.htb 1.891 1.945 1.471 
m5c667r3.htb 1.685 1.075 2.085 
m5c671r3.htb 1.777 2.042 1.400 
m5c676r3.htb 1.890 2.034 1.751 
m5c682r3.htb 1.389 1.207 1.479 
m5c685r3.htb 2.095 2.508 1.636 
