FILE	          coherence	  1_bias	 2_bias	 3_bias	 1_thresh	 2_thresh	 3_thresh	
m15c0r667.htb 100.000	 4.372	 -0.074	 -3.114	 7.240	 2.248	 1.655	 0.719	 0.894	 0.806	 
m15c0r669.htb 100.000	 -1.000	 2.528	 
m15c0r670.htb 100.000	 -0.210	 2.261	 
m15c0r671.htb 100.000	 2.024	 2.479	 
m15c0r672.htb 100.000	 -0.182	 1.907	 
m15c0r673.htb 100.000	 0.375	 1.909	 
m15c0r674.htb 100.000	 -0.290	 4.522	 
m15c0r676.htb 100.000	 -0.991	 1.867	 
m15c0r677.htb 100.000	 -1.551	 2.263	 
m15c0r678.htb 100.000	 -2.115	 2.972	 
m15c0r679.htb 100.000	 -1.124	 1.500	 
m15c0r680.htb 100.000	 -2.381	 1.941	 
m15c0r681.htb 100.000	 2.097	 4.718	 
m15c0r683.htb 100.000	 0.572	 1.562	 
m15c0r684.htb 100.000	 1.368	 0.547	 
m15c0r685.htb 100.000	 2.234	 2.019	 
m15c0r686.htb 100.000	 5.037	 5.243	 
m15c0r687.htb 100.000	 3.186	 2.894	 
m15c0r690.htb 100.000	 0.511	 1.576	 
m15c0r691.htb 100.000	 -0.813	 2.198	 
m15c0r692.htb 100.000	 -2.308	 1.087	 
m15c0r693.htb 100.000	 -1.665	 1.781	 
m15c0r694.htb 100.000	 -2.650	 5.293	 
m24c0r392.htb 100.000	 0.034	 0.684	 
m24c0r394.htb 100.000	 -0.590	 0.486	 
m24c0r395.htb 100.000	 -1.127	 1.104	 
m24c0r396.htb 100.000	 -1.285	 0.659	 
m24c0r399.htb 100.000	 -0.773	 0.831	 
m24c0r402.htb 100.000	 1.679	 1.407	 
m15c0r705.htb 100.000	 0.057	 3.889	 
m24c0r405.htb 100.000	 0.981	 0.664	 
m24c0r408.htb 100.000	 -0.145	 0.909	 
m24c0r411.htb 100.000	 1.100	 0.734	 
m24c0r414.htb 100.000	 2.120	 1.511	 
m24c0r418.htb 100.000	 6.497	 0.229	 1.787	 0.785	 
m24c0r417.htb 100.000	 -0.512	 0.912	 
m24c0r421.htb 100.000	 -1.575	 0.832	 3.848	 0.876	 
m24c0r420.htb 100.000	 0.255	 0.872	 
m24c0r424.htb 100.000	 4.045	 0.131	 -0.031	 3.364	 0.883	 1.026	 0.707	 0.929	 0.907	 
m24c0r423.htb 100.000	 -0.417	 0.830	 
m15c0r709.htb 100.000	 1.003	 -0.773	 -2.849	 4.157	 1.259	 3.107	 0.770	 0.930	 0.830	 
m15c0r708.htb 100.000	 -1.043	 3.195	 
m15c0r712.htb 100.000	 -12.704	 -1.741	 0.957	 6.045	 1.787	 1.951	 0.605	 0.880	 0.875	 
m15c0r712.htb 100.000	 -12.704	 -1.741	 0.957	 6.045	 1.787	 1.951	 0.605	 0.880	 0.875	 
m15c0r711.htb 100.000	 0.541	 2.821	 
m15c0r715.htb 100.000	 2.031	 -2.759	 -2.312	 6.273	 1.545	 1.872	 0.715	 0.825	 0.845	 
m15c0r714.htb 100.000	 -1.170	 2.870	 
m15c0r718.htb 100.000	 0.407	 2.511	 
m15c0r718.htb 100.000	 0.407	 2.511	 
m15c0r719.htb 100.000	 -15.352	 -4.085	 -1.291	 5.391	 1.232	 2.454	 0.567	 0.733	 0.839	 
m19c0r189.htb 100.000	 0.763	 2.011	 
m19c0r190.htb 100.000	 10.530	 0.055	 0.032	 6.543	 3.593	 1.980	 0.623	 0.862	 0.908	 
m19c0r192.htb 100.000	 2.785	 3.588	 
m19c0r193.htb 100.000	 -7.201	 0.637	 2.137	 5.428	 1.232	 1.317	 0.690	 0.940	 0.860	 
m19c0r195.htb 100.000	 -0.123	 1.951	 
m19c0r196.htb 100.000	 1.972	 0.103	 -1.002	 9.828	 1.540	 2.388	 0.713	 0.913	 0.873	 
m5c0r1537.htb 100.000	 5.712	 -0.205	 -1.230	 2.449	 1.291	 1.564	 0.715	 0.945	 0.900	 
m5c0r1536.htb 100.000	 0.147	 1.527	 
m15c0r722.htb 100.000	 4.739	 -2.972	 -3.213	 5.443	 1.208	 2.426	 0.723	 0.800	 0.785	 
m15c0r721.htb 100.000	 -1.303	 2.340	 
m5c0r1540.htb 100.000	 -3.846	 -0.579	 2.569	 2.302	 1.407	 1.516	 0.785	 0.920	 0.835	 
m5c0r1539.htb 100.000	 1.614	 0.930	 
m15c0r725.htb 100.000	 -8.076	 -3.773	 -0.071	 5.565	 1.244	 2.487	 0.680	 0.760	 0.885	 
m15c0r724.htb 100.000	 -0.888	 3.851	 
m5c0r1543.htb 100.000	 5.290	 -0.971	 -1.813	 1.714	 1.267	 0.873	 0.720	 0.915	 0.875	 
m5c0r1542.htb 100.000	 -1.378	 1.467	 
m5c0r1546.htb 100.000	 -4.253	 -1.588	 1.873	 1.695	 1.003	 1.226	 0.753	 0.893	 0.873	 
m5c0r1545.htb 100.000	 1.433	 1.051	 
m5c0r1548.htb 100.000	 2.981	 1.182	 
m5c0r1550.htb 100.000	 2.840	 -2.173	 2.276	 1.283	 
m5c0r1552.htb 100.000	 2.101	 1.485	 
m5c0r1553.htb 100.000	 -3.028	 -4.429	 1.275	 2.442	 1.346	 0.734	 0.710	 0.635	 0.820	 
m5c0r1555.htb 100.000	 -2.743	 1.489	 
m5c0r1556.htb 100.000	 2.512	 2.312	 -0.396	 1.687	 1.678	 1.428	 0.735	 0.760	 0.875	 
m5c0r1550.htb 100.000	 2.840	 -2.173	 2.276	 1.283	 
m5c0r1550.htb 100.000	 2.840	 -2.173	 2.276	 1.283	 
m5c0r1558.htb 100.000	 2.347	 3.047	 1.537	 1.916	 
m5c0r1558.htb 100.000	 2.347	 3.047	 1.537	 1.916	 
m5c0r1560.htb 100.000	 -0.165	 1.590	 1.818	 2.124	 
m15c0r726.htb 100.000	 -0.572	 -0.695	 2.630	 1.726	 
m15c0r730.htb 100.000	 0.933	 -0.427	 5.361	 1.631	 
m5c0r1563.htb 100.000	 -1.315	 -5.281	 2.011	 1.733	 2.238	 1.516	 0.820	 0.625	 0.765	 
m5c0r1562.htb 100.000	 1.949	 1.347	 
m15c0r733.htb 100.000	 -4.915	 -3.227	 2.294	 4.917	 1.775	 2.232	 0.760	 0.795	 0.840	 
m15c0r732.htb 100.000	 4.338	 3.812	 
m15c0r736.htb 100.000	 -2.391	 1.639	 -5.783	 6.736	 1.290	 3.330	 0.733	 0.893	 0.713	 
m15c0r735.htb 100.000	 -5.453	 2.911	 
m15c0r739.htb 100.000	 -6.261	 -2.574	 1.458	 5.894	 1.314	 3.417	 0.705	 0.810	 0.845	 
m15c0r738.htb 100.000	 3.121	 2.830	 
m15c0r739.htb 100.000	 -6.261	 -2.574	 1.458	 5.894	 1.314	 3.417	 0.705	 0.810	 0.845	 
m5c0r1566.htb 100.000	 3.055	 2.239	 -1.263	 1.815	 1.715	 1.459	 0.713	 0.761	 0.835	 
m5c0r1565.htb 100.000	 -0.587	 1.321	 
m15c0r742.htb 100.000	 -0.153	 1.976	 -4.387	 4.436	 1.293	 2.980	 0.782	 0.865	 0.776	 
m15c0r741.htb 100.000	 -6.938	 3.094	 
m15c0r744.htb 100.000	 4.616	 -1.516	 4.544	 1.230	 
m5c0r1568.htb 100.000	 3.197	 -1.296	 1.842	 2.524	 
m15c0r746.htb 100.000	 -3.205	 -0.734	 3.721	 1.046	 
m5c0r1571.htb 100.000	 8.180	 2.474	 -1.133	 0.646	 3.310	 1.721	 0.535	 0.735	 0.830	 
m5c0r1570.htb 100.000	 -1.504	 1.279	 
m5c0r1574.htb 100.000	 -3.011	 0.398	 4.188	 1.805	 1.521	 1.524	 0.725	 0.845	 0.655	 
m5c0r1573.htb 100.000	 2.938	 1.402	 
m15c0r749.htb 100.000	 1.780	 1.722	 -4.368	 4.734	 1.881	 3.088	 0.771	 0.865	 0.765	 
m15c0r748.htb 100.000	 -5.568	 3.153	 
m5c0r1577.htb 100.000	 -0.012	 -1.584	 3.292	 1.663	 1.436	 0.991	 0.825	 0.800	 0.688	 
m5c0r1576.htb 100.000	 1.074	 1.492	 
m15c0r752.htb 100.000	 -0.267	 -1.755	 3.850	 3.294	 1.592	 1.705	 0.818	 0.859	 0.759	 
m15c0r751.htb 100.000	 3.670	 2.837	 
m5c0r1580.htb 100.000	 1.244	 4.310	 -0.428	 1.228	 2.561	 1.679	 0.830	 0.660	 0.830	 
m5c0r1579.htb 100.000	 -0.451	 1.554	 
m15c0r754.htb 100.000	 3.952	 -0.537	 4.978	 1.447	 
m5c0r1583.htb 100.000	 4.883	 0.711	 1.832	 1.703	 
m15c0r756b.htb 100.000	 -4.749	 2.590	 5.484	 1.349	 
m5c0r1585.htb 100.000	 -1.123	 0.785	 1.908	 1.706	 
m5c0r1587.htb 100.000	 3.105	 0.083	 1.460	 1.376	 
m5c0r1589.htb 100.000	 -0.144	 0.779	 1.500	 1.140	 
m15c0r758.htb 100.000	 0.703	 0.699	 5.353	 1.503	 
m5c0r1591.htb 100.000	 2.975	 -1.276	 2.001	 1.359	 
m15c0r760.htb 100.000	 -6.586	 2.339	 4.812	 1.545	 
m26c0r186.htb 100.000	 -0.021	 1.556	 
m26c0r187.htb 100.000	 9.226	 -0.385	 -0.460	 7.388	 1.170	 0.903	 0.613	 0.927	 0.947	 
m15c0r763.htb 100.000	 2.695	 1.875	 -1.057	 4.313	 0.854	 1.656	 0.740	 0.860	 0.900	 
m15c0r762.htb 100.000	 0.040	 2.343	 
m26c0r190.htb 100.000	 -3.419	 -0.267	 0.754	 4.820	 1.205	 1.144	 0.725	 0.929	 0.912	 
m26c0r189.htb 100.000	 -0.299	 1.550	 
m26c0r193.htb 100.000	 10.538	 -1.473	 -0.454	 8.966	 1.206	 1.073	 0.613	 0.873	 0.920	 
m5c0r1594.htb 100.000	 6.580	 -0.137	 -1.470	 2.450	 1.009	 1.392	 0.593	 0.900	 0.807	 
m5c0r1593.htb 100.000	 -0.966	 1.431	 
m26c0r192.htb 100.000	 0.397	 1.399	 
m26c0r196.htb 100.000	 -0.159	 1.321	 
m26c0r197.htb 100.000	 -5.017	 -1.173	 -0.142	 6.670	 1.043	 1.274	 0.662	 0.881	 0.900	 
m26c0r200.htb 100.000	 8.000	 -2.018	 6.423	 1.300	 
m26c0r202.htb 100.000	 -1.894	 -0.570	 4.939	 1.038	 
m26c0r202.htb 100.000	 -1.894	 -0.570	 4.939	 1.038	 
m15c0r766.htb 100.000	 -5.414	 1.174	 2.241	 3.206	 1.470	 2.534	 0.722	 0.911	 0.833	 
m15c0r765.htb 100.000	 -0.764	 2.860	 
m26c0r204.htb 100.000	 -6.893	 -0.960	 5.361	 1.128	 
m26c0r206.htb 100.000	 3.307	 -1.596	 4.304	 1.446	 
m15c0r769.htb 100.000	 4.567	 1.182	 -1.808	 4.237	 1.368	 2.360	 0.750	 0.895	 0.850	 
m15c0r768.htb 100.000	 -0.955	 2.653	 
m26c0r208.htb 100.000	 -7.148	 0.045	 7.354	 0.893	 
m15c0r772.htb 100.000	 -8.701	 -1.885	 1.235	 7.177	 1.206	 3.693	 0.680	 0.875	 0.790	 
m15c0r771.htb 100.000	 3.492	 3.109	 
m26c0r210.htb 100.000	 -1.044	 -1.193	 5.964	 1.306	 
m26c0r212.htb 100.000	 -3.138	 0.030	 9.470	 1.282	 
m5c0r1598.htb 100.000	 -4.305	 -1.058	 3.496	 2.606	 1.615	 1.867	 0.667	 0.827	 0.680	 
m5c0r1597.htb 100.000	 1.822	 1.850	 
m26c0r216.htb 100.000	 6.512	 1.698	 
m26c0r217.htb 100.000	 -8.052	 -5.060	 5.943	 9.600	 2.084	 0.441	 0.630	 0.685	 0.655	 
m26c0r214.htb 100.000	 6.724	 -1.576	 5.958	 1.140	 
m26c0r219.htb 100.000	 -7.546	 0.781	 
m26c0r220.htb 100.000	 -3.340	 0.148	 -6.957	 8.759	 1.202	 0.803	 0.688	 0.918	 0.612	 
m5c0r1604.htb 30.000	 -0.553	 -1.453	 0.380	 2.190	 6.091	 2.605	 0.867	 0.693	 0.813	 
m5c0r1603.htb 30.000	 0.151	 2.322	 
m26c0r222.htb 100.000	 5.638	 0.592	 -7.577	 5.001	 1.299	 2.044	 0.705	 0.905	 0.620	 
m26c0r222.htb 100.000	 5.638	 0.592	 -7.577	 5.001	 1.299	 2.044	 0.705	 0.905	 0.620	 
m26c0r224.htb 100.000	 6.894	 0.760	 
m26c0r224.htb 100.000	 6.894	 0.760	 
m26c0r225.htb 100.000	 -4.636	 -1.919	 6.831	 9.504	 0.917	 0.506	 0.665	 0.830	 0.607	 
m26c0r222.htb 100.000	 -4.636	 -1.919	 6.831	 9.504	 0.917	 0.506	 0.665	 0.830	 0.607	 
m26c0r222.htb 100.000	 5.638	 0.592	 -7.577	 5.001	 1.299	 2.044	 0.705	 0.905	 0.620	 
m26c0r227.htb 100.000	 0.962	 -1.117	 6.274	 1.040	 
m5c0r1607.htb 30.000	 0.611	 -4.143	 0.727	 2.370	 4.506	 1.702	 0.845	 0.710	 0.870	 
m5c0r1606.htb 30.000	 0.403	 2.119	 
m5c0r1610.htb 30.000	 -0.298	 -3.821	 -0.006	 1.882	 3.411	 2.339	 0.855	 0.715	 0.840	 
m5c0r1612.htb 30.000	 -0.745	 -2.256	 -1.005	 2.671	 5.212	 2.306	 0.825	 0.735	 0.825	 
m5c0r1615.htb 30.000	 1.150	 -0.541	 -0.261	 2.374	 3.221	 1.623	 0.838	 0.785	 0.885	 
m5c0r1614.htb 30.000	 -0.510	 2.333	 
m26c0r229.htb 100.000	 -5.593	 0.145	 7.823	 1.624	 
m5c0r1617.htb 100.000	 -1.262	 0.329	 3.171	 2.916	 
m26c0r231.htb 100.000	 0.226	 1.179	 
m26c0r232.htb 100.000	 -9.726	 -0.341	 0.400	 7.180	 0.842	 1.309	 0.605	 0.945	 0.925	 
m15c0r774.htb 100.000	 5.372	 -0.353	 7.940	 1.248	 
m26c0r234.htb 100.000	 0.178	 1.167	 
m26c0r235.htb 100.000	 -12.550	 -1.001	 0.069	 9.206	 1.091	 1.098	 0.600	 0.890	 0.925	 
m15c0r776.htb 100.000	 0.253	 3.434	 6.693	 3.339	 
m5c0r1619.htb 30.000	 1.769	 -2.239	 4.858	 4.192	 
m26c0r237.htb 100.000	 -0.715	 1.196	 
m26c0r238.htb 100.000	 -1.097	 -1.355	 -1.118	 4.505	 0.968	 1.135	 0.777	 0.886	 0.874	 
m5c0r1621.htb 30.000	 -2.187	 -0.577	 2.249	 6.300	 
m26c0r241.htb 100.000	 1.171	 -1.361	 -0.971	 7.663	 0.584	 1.068	 0.668	 0.874	 0.889	 
m26c0r240.htb 100.000	 -0.587	 1.115	 
m5c0r1623.htb 30.000	 -1.560	 1.095	 2.174	 4.742	 
m19c0r245.htb 100.000	 22.907	 -0.405	 13.127	 1.419	 
m5c0r1625.htb 30.000	 1.833	 -1.281	 2.609	 7.548	 
m26c0r255.htb 100.000	 1.272	 -2.566	 7.344	 0.910	 
m5c0r1627.htb 30.000	 0.851	 -0.826	 2.908	 3.840	 
m5c0r1629.htb 30.000	 -2.755	 -2.079	 1.589	 4.375	 
m26c0r259.htb 10.000	 -3.652	 1.828	 4.206	 3.159	 
m26c0r259.htb 10.000	 -3.652	 1.828	 4.206	 3.159	 
m26c0r257.htb 10.000	 1.153	 -0.738	 6.538	 3.775	 
m26c0r185.htb 100.000	 -0.224	 -0.312	 6.856	 1.361	 
m26c0r186.htb 100.000	 -0.021	 1.556	 
m26c0r188.htb 100.000	 -0.610	 -1.213	 5.663	 1.686	 
m26c0r185.htb 100.000	 -0.224	 -0.312	 6.856	 1.361	 
m26c0r186.htb 100.000	 -0.021	 1.556	 
m26c0r188.htb 100.000	 -0.610	 -1.213	 5.663	 1.686	 
m26c0r186.htb 100.000	 -0.021	 1.556	 
m26c0r187.htb 100.000	 9.226	 -0.385	 -0.460	 7.388	 1.170	 0.903	 0.613	 0.927	 0.947	 
m26c0r186.htb 100.000	 -0.021	 1.556	 
m26c0r186.htb 100.000	 -0.021	 1.556	 
m19c0r256.htb 100.000	 11.988	 -0.564	 7.345	 1.479	 
m19c0r255.htb 100.000	 2.314	 1.692	 14.981	 1.360	 
m26c0r261.htb 10.000	 4.820	 -3.000	 7.620	 5.644	 
m26c0r186.htb 100.000	 -0.021	 1.556	 
m26c0r186.htb 100.000	 -0.021	 1.556	 
m26c0r186.htb 100.000	 -0.021	 1.556	 
m26c0r186.htb 100.000	 -0.021	 1.556	 
m26c0r186.htb 100.000	 -0.021	 1.556	 
m26c0r186.htb 100.000	 -0.021	 1.556	 
m26c0r186.htb 100.000	 -0.021	 1.556	 
m26c0r186.htb 100.000	 -0.021	 1.556	 
m26c0r186.htb 100.000	 -0.021	 1.556	 
m26c0r186.htb 100.000	 -0.021	 1.556	 
m26c0r186.htb 100.000	 -0.021	 1.556	 
m26c0r186.htb 100.000	 -0.021	 1.556	 
m26c0r186.htb 100.000	 -0.021	 1.556	 
m26c0r186.htb 100.000	 -0.021	 1.556	 
m26c0r186.htb 100.000	 -0.021	 1.556	 
m26c0r186.htb 100.000	 -0.021	 1.556	 
m26c0r186.htb 100.000	 -0.021	 1.556	 
m26c0r186.htb 100.000	 -0.021	 1.556	 
m26c0r186.htb 100.000	 -0.021	 1.556	 
m26c0r186.htb 100.000	 -0.021	 1.556	 
m26c0r186.htb 100.000	 -0.021	 1.556	 
m26c0r186.htb 100.000	 -0.021	 1.556	 
m26c0r186.htb 100.000	 -0.021	 1.556	 
m26c0r186.htb 100.000	 -0.021	 1.556	 
m26c0r186.htb 100.000	 -0.021	 1.556	 
m26c0r259.htb 10.000	 -3.652	 1.828	 4.206	 3.159	 
m26c0r259.htb 10.000	 -3.652	 1.828	 4.206	 3.159	 
m26c0r259.htb 10.000	 -3.652	 1.828	 4.206	 3.159	 
m26c0r263.htb 10.000	 -7.517	 -0.942	 9.592	 6.660	 
m19c0r267.htb 100.000	 12.830	 -0.146	 11.341	 5.138	 
m26c0r265.htb 10.000	 -5.573	 -1.231	 7.690	 6.480	 
m19c0r269.htb 100.000	 3.967	 2.340	 7.554	 2.532	 
m26c0r267.htb 10.000	 4.714	 -2.248	 6.044	 3.149	 
m15c0r786.htb 40.000	 4.535	 -1.440	 7.225	 4.556	 
m19c0r271.htb 100.000	 11.454	 0.415	 7.372	 1.734	 
m26c0r265.htb 10.000	 -5.573	 -1.231	 7.690	 6.480	 
m26c0r265.htb 10.000	 -5.573	 -1.231	 7.690	 6.480	 
m19c0r273.htb 100.000	 11.866	 1.796	 10.791	 2.483	 
m26c0r274.htb 10.000	 -4.116	 1.931	 8.015	 4.868	 
m15c0r793.htb 40.000	 -0.650	 0.033	 6.958	 6.430	 
m19c0r275.htb 100.000	 0.553	 20.612	 11.434	 18.636	 
m15c0r795.htb 40.000	 2.042	 2.218	 3.895	 3.194	 
m19c0r277.htb 100.000	 8.096	 -0.983	 9.944	 2.216	 
m26c0r276.htb 10.000	 1.918	 -1.100	 4.575	 3.808	 
m15c0r797.htb 40.000	 7.685	 -0.948	 5.341	 5.364	 
m26c0r278.htb 10.000	 2.621	 4.554	 
m26c0r279.htb 10.000	 3.887	 -2.846	 2.596	 11.707	 6.247	 4.903	 0.656	 0.754	 0.705	 
m26c0r279.htb 10.000	 3.887	 -2.846	 2.596	 11.707	 6.247	 4.903	 0.656	 0.754	 0.705	 
m26c0r279.htb 10.000	 3.887	 -2.846	 2.596	 11.707	 6.247	 4.903	 0.656	 0.754	 0.705	 
m15c0r799.htb 40.000	 4.451	 -2.430	 6.583	 3.743	 
m19c0r279.htb 100.000	 3.089	 2.059	 4.562	 1.414	 
m15c0r801.htb 40.000	 1.045	 1.447	 2.733	 3.408	 
m19c0r281.htb 100.000	 -2.015	 1.961	 6.370	 2.160	 
m15c0r804.htb 40.000	 -0.531	 -2.085	 4.106	 6.573	 3.852	 3.688	 0.735	 0.771	 0.765	 
m15c0r803.htb 40.000	 3.636	 5.051	 
m15c0r808.htb 40.000	 0.920	 2.574	 1.459	 2.790	 2.727	 2.943	 0.840	 0.820	 0.845	 
m15c0r807.htb 40.000	 -0.690	 5.148	 
m26c0r291.htb 10.000	 -2.280	 4.277	 
m26c0r292.htb 10.000	 2.576	 -0.590	 -3.139	 4.939	 4.278	 4.992	 0.736	 0.800	 0.709	 
m26c0r281.htb 10.000	 1.910	 6.243	 
m26c0r282.htb 10.000	 -9.423	 -4.633	 2.142	 14.049	 5.149	 4.340	 0.550	 0.730	 0.760	 
m26c0r284.htb 10.000	 1.803	 4.601	 
m26c0r285.htb 10.000	 -0.322	 -3.677	 1.777	 4.150	 3.249	 3.480	 0.800	 0.740	 0.790	 
m26c0r287.htb 10.000	 1.126	 4.668	 
m26c0r288.htb 10.000	 -0.269	 -4.026	 0.411	 6.940	 3.361	 4.054	 0.650	 0.720	 0.820	 
m19c0r291.htb 22.000	 4.378	 1.501	 7.039	 4.642	 
m15c0r811.htb 40.000	 7.558	 1.476	 -1.645	 3.678	 3.035	 3.175	 0.675	 0.845	 0.820	 
m15c0r810.htb 40.000	 -0.964	 3.746	 
m26c0r294.htb 10.000	 -4.258	 9.456	 
m26c0r295.htb 10.000	 -5.450	 6.371	 -0.188	 11.039	 5.695	 7.117	 0.633	 0.683	 0.700	 
m15c0r814.htb 40.000	 -3.949	 -1.048	 3.064	 3.683	 4.873	 4.594	 0.770	 0.795	 0.765	 
m15c0r813.htb 40.000	 1.684	 4.740	 
m26c0r297.htb 10.000	 2.175	 4.921	 
m26c0r298.htb 10.000	 -6.775	 -0.942	 2.592	 5.087	 3.330	 4.805	 0.671	 0.794	 0.759	 
m26c0r300.htb 10.000	 -1.610	 3.781	 
m26c0r301.htb 10.000	 1.091	 0.245	 -1.179	 4.384	 2.632	 4.103	 0.750	 0.845	 0.770	 
m26c0r304.htb 10.000	 -3.989	 0.819	 6.030	 4.651	 4.220	 4.528	 0.720	 0.800	 0.690	 
m26c0r303.htb 10.000	 0.149	 5.194	 
m26c0r306.htb 100.000	 6.796	 2.284	 
m26c0r307.htb 100.000	 -1.269	 -4.078	 4.736	 5.373	 1.560	 2.960	 0.710	 0.720	 0.700	 
m26c0r309.htb 10.000	 -2.431	 4.380	 
m26c0r310.htb 10.000	 3.017	 -0.842	 -5.930	 4.798	 3.272	 5.320	 0.755	 0.800	 0.673	 
m26c0r312.htb 100.000	 -6.560	 4.802	 
m26c0r313.htb 100.000	 5.198	 1.587	 -5.961	 7.192	 2.406	 4.613	 0.679	 0.829	 0.671	 
m26c0r319.htb 10.000	 -2.246	 5.068	 -0.833	 7.344	 8.713	 7.441	 0.660	 0.660	 0.740	 
m26c0r318.htb 10.000	 -1.936	 5.117	 
m26c0r315.htb 10.000	 0.587	 3.789	 
m26c0r315.htb 10.000	 0.587	 3.789	 
m26c0r316.htb 10.000	 -5.541	 0.170	 3.094	 5.004	 3.957	 4.412	 0.658	 0.825	 0.742	 
m26c0r321.htb 10.000	 -3.941	 5.698	 
m26c0r322.htb 10.000	 -3.106	 4.964	 -3.110	 4.187	 5.105	 5.690	 0.760	 0.693	 0.727	 
m26c0r324.htb 100.000	 4.601	 3.161	 
m26c0r325.htb 100.000	 -7.164	 -4.604	 5.428	 6.457	 2.997	 3.323	 0.654	 0.700	 0.685	 
m15c0r830.htb 40.000	 7.283	 3.814	 -1.812	 3.780	 2.982	 3.114	 0.685	 0.775	 0.820	 
m24c0r468.htb 100.000	 -1.351	 1.590	 
m24c0r469.htb 100.000	 5.645	 -0.964	 -0.371	 5.127	 1.228	 1.307	 0.655	 0.845	 0.865	 
m26c0r327.htb 10.000	 0.046	 3.447	 
m26c0r328.htb 10.000	 -8.758	 -0.692	 1.221	 4.596	 3.910	 2.812	 0.621	 0.786	 0.807	 
m26c0r330.htb 10.000	 -1.005	 3.370	 
m26c0r331.htb 10.000	 1.535	 1.185	 -3.651	 5.651	 4.263	 3.543	 0.731	 0.815	 0.723	 
m24c0r471.htb 100.000	 4.526	 -0.673	 3.375	 1.245	 
m24c0r473.htb 100.000	 -1.878	 0.073	 5.656	 0.990	 
m26c0r333.htb 100.000	 -6.345	 4.298	 
m26c0r334.htb 100.000	 1.835	 1.569	 -5.631	 6.110	 2.616	 5.093	 0.740	 0.810	 0.670	 
m26c0r337.htb 10.000	 -0.438	 6.899	 -1.345	 2.821	 4.588	 6.333	 0.800	 0.680	 0.747	 
m26c0r336.htb 10.000	 -0.675	 4.985	 
m15c0r850.htb 25.000	 -1.387	 4.438	 
m15c0r851.htb 25.000	 -0.608	 -1.475	 -0.731	 3.277	 11.548	 4.040	 0.850	 0.700	 0.840	 
m15c0r853.htb 25.000	 -2.134	 3.877	 
m15c0r854.htb 25.000	 3.546	 2.021	 -5.325	 4.474	 6.543	 3.888	 0.790	 0.770	 0.760	 
m24c0r475.htb 10.000	 10.138	 3.691	 5.885	 16.342	 
m24c0r477.htb 10.000	 -1.886	 -1.183	 4.038	 11.610	 
m24c0r479.htb 100.000	 -2.371	 -0.370	 3.324	 1.327	 
m15c0r860.htb 25.000	 -6.350	 -5.245	 5.439	 4.300	 9.046	 4.780	 0.745	 0.725	 0.760	 
m15c0r859.htb 25.000	 3.901	 4.605	 
m24c0r481.htb 100.000	 2.567	 -2.189	 3.502	 1.192	 
m24c0r483.htb 12.000	 0.019	 -2.027	 6.419	 11.438	 
m24c0r485.htb 12.000	 -1.042	 -2.313	 3.836	 11.563	 
m24c0r488.htb 12.000	 -4.260	 0.003	 -2.494	 3.087	 5.804	 2.732	 0.795	 0.800	 0.870	 
m24c0r487.htb 12.000	 -1.586	 3.660	 
m26c0r339.htb 10.000	 4.480	 5.269	 
m26c0r340.htb 10.000	 -0.859	 -2.389	 6.700	 6.879	 4.255	 4.590	 0.760	 0.760	 0.680	 
m24c0r490.htb 12.000	 0.052	 3.424	 
m24c0r491.htb 12.000	 -1.278	 -4.132	 0.908	 2.845	 5.337	 3.882	 0.875	 0.750	 0.870	 
m26c0r219.htb 100.000	 -7.546	 0.781	 
m26c0r342.htb 100.000	 -0.764	 1.594	 
m26c0r343.htb 100.000	 -6.578	 -1.821	 -1.584	 22.512	 6.016	 3.723	 0.600	 0.711	 0.778	 
m26c0r345.htb 100.000	 -0.385	 1.432	 
m26c0r346.htb 100.000	 -0.936	 -0.940	 -0.550	 5.749	 1.580	 1.684	 0.723	 0.892	 0.892	 
m24c0r494.htb 12.000	 2.854	 1.145	 -3.971	 2.673	 5.847	 4.563	 0.831	 0.800	 0.794	 
m24c0r493.htb 12.000	 -4.285	 4.322	 
m26c0r348.htb 100.000	 -3.327	 4.442	 
m26c0r349.htb 100.000	 3.635	 2.854	 -5.585	 8.450	 2.025	 3.873	 0.615	 0.777	 0.677	 
m26c0r351.htb 100.000	 0.411	 1.390	 
m26c0r352.htb 100.000	 1.726	 -0.123	 -0.378	 6.346	 1.222	 1.318	 0.727	 0.920	 0.887	 
m24c0r496.htb 12.000	 4.506	 4.209	 
m26c0r354.htb 100.000	 -0.780	 -0.618	 5.787	 0.924	 
m24c0r497.htb 12.000	 -9.186	 -4.648	 1.429	 3.453	 5.103	 3.256	 0.675	 0.770	 0.845	 
m26c0r356.htb 100.000	 -3.598	 0.289	 4.924	 1.621	 
m24c0r499.htb 100.000	 2.142	 2.902	 
m24c0r500.htb 100.000	 -8.204	 -8.412	 1.058	 0.836	 2.831	 1.461	 0.540	 0.550	 0.815	 
m26c0r358.htb 100.000	 -1.972	 -1.705	 3.858	 1.682	 
m24c0r502.htb 12.000	 2.025	 -4.898	 4.729	 9.884	 
m24c0r500.htb 100.000	 -8.204	 -8.412	 1.058	 0.836	 2.831	 1.461	 0.540	 0.550	 0.815	 
m26c0r360.htb 100.000	 -1.146	 0.249	 4.612	 1.421	 
m24c0r504.htb 12.000	 -2.310	 -1.002	 2.104	 10.669	 
m26c0r362.htb 10.000	 -0.793	 4.564	 
m26c0r363.htb 10.000	 -1.216	 5.102	 -1.509	 4.871	 5.479	 3.923	 0.730	 0.705	 0.775	 
m24c0r506.htb 12.000	 -4.491	 -2.665	 3.572	 5.428	 
m26c0r279.htb 10.000	 3.887	 -2.846	 2.596	 11.707	 6.247	 4.903	 0.656	 0.754	 0.705	 
m24c0r508.htb 12.000	 0.903	 -0.547	 2.940	 3.646	 
m26c0r365.htb 10.000	 1.930	 0.271	 3.973	 5.454	 
m26c0r367.htb 10.000	 -4.174	 0.409	 2.523	 4.347	 
m24c0r510.htb 12.000	 1.683	 -2.995	 4.558	 3.693	 
m26c0r369.htb 10.000	 -4.243	 0.277	 2.640	 3.696	 
m24c0r512.htb 12.000	 -3.584	 -4.014	 1.955	 6.984	 
m26c0r371.htb 10.000	 -1.211	 -1.192	 5.134	 4.273	 
m24c0r514.htb 100.000	 4.109	 -2.719	 3.303	 0.827	 
m26c0r373.htb 100.000	 -1.935	 -1.806	 5.384	 1.476	 
m24c0r516.htb 100.000	 -2.885	 -1.122	 2.762	 1.279	 
m26c0r375.htb 100.000	 -2.319	 -0.364	 4.076	 1.460	 
m24c0r518.htb 100.000	 -2.792	 -3.041	 3.967	 0.886	 
m26c0r377.htb 100.000	 -0.457	 -1.413	 6.973	 1.384	 
m24c0r520.htb 100.000	 -3.416	 -0.297	 3.749	 0.959	 
m26c0r379.htb 100.000	 -3.190	 0.072	 5.676	 0.809	 
m24c0r522.htb 12.000	 0.886	 -3.703	 3.276	 5.341	 
m26c0r381.htb 8.000	 -5.066	 2.776	 4.987	 5.735	 
m26c0r383.htb 7.000	 0.394	 -1.218	 5.346	 6.621	 
m26c0r385.htb 6.000	 1.243	 3.033	 3.527	 10.732	 
m26c0r387.htb 6.000	 -5.149	 2.885	 4.807	 12.073	 
m26c0r389.htb 6.000	 -6.679	 2.234	 6.435	 9.274	 
m26c0r391.htb 6.000	 -2.962	 -0.616	 4.140	 13.157	 
m26c0r393.htb 6.000	 -5.030	 -4.171	 6.540	 12.604	 
m26c0r395.htb 6.000	 -4.160	 -0.447	 3.940	 10.987	 
m26c0r397.htb 6.000	 -1.773	 -4.438	 4.028	 11.940	 
m26c0r399.htb 6.000	 -3.492	 1.830	 4.695	 9.610	 
m26c0r401.htb 6.000	 3.349	 6.104	 
m26c0r402.htb 6.000	 -3.868	 -5.564	 -0.026	 7.200	 7.954	 8.048	 0.770	 0.700	 0.765	 
m26c0r405.htb 6.000	 -1.523	 4.578	 -0.114	 5.369	 12.307	 6.660	 0.809	 0.679	 0.765	 
m26c0r404.htb 6.000	 0.323	 6.796	 
m26c0r407.htb 6.000	 0.962	 7.191	 
m26c0r408.htb 6.000	 -8.485	 6.080	 1.982	 5.019	 18.194	 6.143	 0.744	 0.705	 0.821	 
m26c0r410.htb 6.000	 -0.594	 5.480	 
m26c0r411.htb 6.000	 -0.507	 3.424	 -3.798	 4.949	 15.504	 10.099	 0.872	 0.733	 0.800	 
m26c0r413.htb 6.000	 -1.094	 5.232	 
m26c0r414.htb 6.000	 0.445	 9.112	 -1.629	 6.091	 19.066	 5.675	 0.782	 0.659	 0.782	 
m26c0r416.htb 6.000	 4.114	 6.149	 
m26c0r417.htb 6.000	 -3.616	 0.647	 4.978	 5.380	 10.310	 8.248	 0.780	 0.753	 0.720	 
m26c0r419.htb 100.000	 2.815	 -1.191	 7.230	 1.133	 
m26c0r421.htb 100.000	 -0.253	 0.152	 6.735	 1.176	 
m26c0r423.htb 100.000	 -0.618	 0.081	 7.523	 0.934	 
m26c0r425.htb 100.000	 5.345	 -0.794	 5.577	 1.050	 
m6c0r536.htb 10.000	 0.825	 -3.301	 1.355	 1.093	 2.766	 1.413	 0.920	 0.765	 0.865	 
m6c0r539.htb 10.000	 6.077	 1.307	 -1.154	 0.578	 1.548	 1.801	 0.640	 0.860	 0.850	 
m6c0r542.htb 10.000	 0.928	 1.772	 0.974	 1.254	 1.871	 1.247	 0.885	 0.840	 0.905	 
m6c0r545.htb 10.000	 -4.471	 -1.599	 3.106	 1.781	 1.467	 1.145	 0.710	 0.845	 0.745	 
m6c0r544.htb 10.000	 2.585	 1.519	 
m6c0r545.htb 10.000	 -4.471	 -1.599	 3.106	 1.781	 1.467	 1.145	 0.710	 0.845	 0.745	 
m6c0r548.htb 7.000	 -3.721	 -3.309	 3.579	 1.725	 3.039	 0.815	 0.740	 0.740	 0.725	 
m26c106r3.htb 100.000	 -6.142	 37.172	 6.742	 5.457	 24.317	 0.533	 0.767	 0.833	 0.700	 
m6c0r551.htb 7.000	 0.582	 1.162	 -0.497	 0.979	 2.420	 1.205	 0.930	 0.845	 0.905	 
m6c0r557.htb 5.000	 5.805	 1.483	 -3.116	 0.503	 4.096	 0.914	 0.665	 0.795	 0.745	 
m6c0r567.htb 5.000	 0.050	 -0.127	 -0.417	 1.057	 6.162	 1.358	 0.925	 0.745	 0.915	 
m6c0r591.htb 100.000	 4.425	 1.137	 0.163	 1.298	 0.890	 1.112	 0.640	 0.845	 0.890	 
m26c121r3.htb 100.000	 -0.157	 -0.006	 6.787	 3.316	 1.166	 0.615	 0.900	 0.967	 0.683	 
m26c137r3.htb 100.000	 -0.942	 0.484	 61.121	 4.966	 1.036	 44.146	 0.833	 0.967	 0.667	 
m26c137r3.htb 100.000	 -0.942	 0.484	 61.121	 4.966	 1.036	 44.146	 0.833	 0.967	 0.667	 
m19c0r598.htb 100.000	 -6.422	 -6.486	 0.122	 2.979	 2.959	 1.432	 0.700	 0.700	 0.950	 
m19c0r597.htb 100.000	 -6.422	 -6.486	 0.122	 2.979	 2.959	 1.432	 0.700	 0.700	 0.950	 
m19c0r596.htb 100.000	 -3.408	 -2.657	 -3.491	 3.180	 1.302	 2.456	 0.780	 0.810	 0.780	 
m19c0r595.htb 100.000	 -8.204	 -5.658	 0.578	 5.486	 2.497	 2.939	 0.690	 0.720	 0.820	 
m19c0r594.htb 100.000	 2.777	 3.043	 
m19c0r593.htb 100.000	 1.251	 0.377	 -2.559	 1.529	 2.057	 2.117	 0.880	 0.920	 0.820	 
m19c0r592.htb 100.000	 -0.162	 1.840	 
m19c0r591.htb 100.000	 6.393	 1.554	 0.513	 3.473	 1.998	 2.827	 0.710	 0.860	 0.850	 
m19c0r590.htb 100.000	 6.138	 1.287	 0.139	 2.015	 1.503	 1.961	 0.700	 0.920	 0.870	 
m19c0r589.htb 100.000	 0.367	 1.513	 
m19c0r588.htb 100.000	 4.488	 1.626	 -0.283	 2.397	 0.450	 2.620	 0.760	 0.880	 0.900	 
m19c0r588.htb 100.000	 4.488	 1.626	 -0.283	 2.397	 0.450	 2.620	 0.760	 0.880	 0.900	 
m19c0r589.htb 100.000	 0.367	 1.513	 
m19c0r590.htb 100.000	 6.138	 1.287	 0.139	 2.015	 1.503	 1.961	 0.700	 0.920	 0.870	 
m19c0r593.htb 100.000	 1.251	 0.377	 -2.559	 1.529	 2.057	 2.117	 0.880	 0.920	 0.820	 
m19c0r594.htb 100.000	 2.777	 3.043	 
m19c0r595.htb 100.000	 -8.204	 -5.658	 0.578	 5.486	 2.497	 2.939	 0.690	 0.720	 0.820	 
m19c0r596.htb 100.000	 -3.408	 -2.657	 -3.491	 3.180	 1.302	 2.456	 0.780	 0.810	 0.780	 
m19c0r597.htb 100.000	 0.175	 1.969	 
m19c0r598.htb 100.000	 -6.422	 -6.486	 0.122	 2.979	 2.959	 1.432	 0.700	 0.700	 0.950	 
m19c0r602.htb 100.000	 3.800	 1.182	 0.123	 2.100	 1.370	 1.783	 0.780	 0.900	 0.930	 
m19c0r603.htb 100.000	 2.519	 2.744	 
m19c0r604.htb 100.000	 -7.629	 -4.748	 0.563	 3.001	 2.442	 1.558	 0.670	 0.750	 0.940	 
m19c0r608.htb 100.000	 -1.135	 -0.991	 -2.346	 2.566	 0.947	 2.367	 0.850	 0.940	 0.840	 
m19c0r609.htb 100.000	 0.046	 2.725	 
m19c0r610.htb 100.000	 6.309	 4.522	 1.709	 4.688	 2.905	 2.006	 0.720	 0.770	 0.870	 
m19c0r611.htb 100.000	 2.447	 0.954	 0.507	 4.895	 1.483	 1.944	 0.750	 0.920	 0.910	 
m19c0r612.htb 100.000	 0.128	 1.703	 
m19c0r613.htb 100.000	 3.882	 1.424	 -1.270	 1.766	 1.277	 1.733	 0.770	 0.910	 0.900	 
m19c0r614.htb 100.000	 -0.541	 1.573	 -1.590	 3.304	 2.076	 2.211	 0.830	 0.860	 0.860	 
m19c0r615.htb 100.000	 3.201	 2.446	 
m19c0r616.htb 100.000	 -8.524	 -2.748	 1.856	 4.638	 1.823	 2.569	 0.650	 0.830	 0.850	 
m19c0r617.htb 100.000	 -2.017	 -0.747	 -3.043	 3.394	 0.810	 3.014	 0.810	 0.960	 0.770	 
m19c0r618.htb 100.000	 0.899	 1.785	 
m19c0r619.htb 100.000	 -8.462	 -2.158	 0.839	 2.816	 1.779	 2.386	 0.650	 0.840	 0.870	 
m19c0r620.htb 100.000	 -3.406	 -2.017	 -4.950	 2.856	 1.654	 3.857	 0.770	 0.870	 0.770	 
m19c0r621.htb 100.000	 -0.130	 2.422	 
m19c0r622.htb 100.000	 3.180	 2.372	 0.801	 2.873	 1.716	 2.992	 0.760	 0.850	 0.900	 
m19c0r623.htb 100.000	 4.871	 0.150	 0.579	 2.465	 1.426	 1.571	 0.740	 0.910	 0.920	 
m19c0r624.htb 100.000	 2.783	 3.510	 
m19c0r625.htb 100.000	 -7.312	 -7.768	 0.871	 3.299	 3.961	 4.586	 0.670	 0.680	 0.780	 
m19c0r626.htb 100.000	 -2.963	 -3.903	 -3.084	 4.875	 2.624	 1.496	 0.760	 0.790	 0.780	 
m19c0r627.htb 100.000	 -1.601	 1.768	 
m19c0r628.htb 100.000	 4.944	 1.029	 0.649	 0.996	 1.636	 1.334	 0.720	 0.940	 0.940	 
m19c0r629.htb 100.000	 3.437	 0.150	 2.332	 3.009	 1.846	 2.752	 0.820	 0.910	 0.850	 
m19c0r630.htb 100.000	 0.548	 2.003	 
m19c0r631.htb 100.000	 2.581	 2.222	 1.120	 2.186	 1.808	 2.075	 0.800	 0.860	 0.880	 
m19c0r632.htb 100.000	 5.616	 1.169	 0.474	 2.498	 2.593	 1.394	 0.710	 0.870	 0.930	 
m19c0r633.htb 100.000	 1.316	 3.257	 
m19c0r634.htb 100.000	 -9.637	 -3.733	 -0.132	 3.096	 2.768	 2.582	 0.630	 0.800	 0.870	 
m19c0r878.htb 100.000	 5.526	 1.809	 3.647	 7.260	 
m19c0r879.htb 100.000	 4.527	 -1.823	 4.419	 8.988	 
m19c0r883.htb 100.000	 1.726	 5.679	 3.477	 6.222	 
m19c0r883.htb 100.000	 1.726	 5.679	 3.477	 6.222	 
m19c0r883.htb 100.000	 1.726	 5.679	 3.477	 6.222	 
m19c0r884.htb 100.000	 1.364	 3.811	 3.335	 4.067	 
m19c0r888.htb 100.000	 2.587	 3.068	 3.030	 5.455	 
m19c0r888.htb 100.000	 2.587	 3.068	 3.030	 5.455	 
m19c0r892.htb 100.000	 -2.115	 2.796	 1.426	 4.173	 
