FILE	          coherence	  1_bias	 2_bias	 3_bias	 1_thresh	 2_thresh	 3_thresh	
m2c65r3.htb -9.000 -3.470 -1.330 -0.510 -0.200 0.000 0.200 0.510 1.330 3.470 9.000 0.000 0.000 0.000 0.063 0.438 0.594 0.844 0.906 1.000 1.000 1.000 32.000 32.000 32.000 32.000 32.000 32.000 32.000 32.000 32.000 32.000 32.000 
m2c69r3.htb -9.000 -3.470 -1.330 -0.510 -0.200 0.000 0.200 0.510 1.330 3.470 9.000 0.000 0.000 0.031 0.063 0.129 0.355 0.323 0.656 0.938 1.000 1.000 32.000 31.000 32.000 32.000 31.000 31.000 31.000 32.000 32.000 32.000 32.000 
m2c74r3.htb -9.000 -3.470 -1.330 -0.510 -0.200 0.000 0.200 0.510 1.330 3.470 9.000 0.000 0.000 0.000 0.140 0.160 0.320 0.490 0.765 1.000 1.000 1.000 51.000 51.000 50.000 50.000 50.000 50.000 51.000 51.000 50.000 50.000 50.000 
m2c75r3.htb -9.000 -3.470 -1.330 -0.510 -0.200 0.000 0.200 0.510 1.330 3.470 9.000 0.000 0.000 0.048 0.093 0.326 0.429 0.581 0.907 0.881 1.000 1.000 42.000 43.000 42.000 43.000 43.000 42.000 43.000 43.000 42.000 42.000 42.000 
m2c76r3.htb -9.000 -3.470 -1.330 -0.510 -0.200 0.000 0.200 0.510 1.330 3.470 9.000 0.000 0.000 0.020 0.040 0.220 0.420 0.540 0.820 0.980 1.000 1.000 50.000 50.000 50.000 50.000 50.000 50.000 50.000 50.000 50.000 50.000 50.000 
m2c80r3.htb -9.000 -3.470 -1.330 -0.510 -0.200 0.000 0.200 0.510 1.330 3.470 9.000 0.022 0.000 0.022 0.217 0.413 0.565 0.667 0.889 1.000 1.000 1.000 46.000 46.000 45.000 46.000 46.000 46.000 45.000 45.000 45.000 45.000 45.000 
m2c85r3.htb -9.000 -3.470 -1.330 -0.510 -0.200 0.000 0.200 0.510 1.330 3.470 9.000 0.000 0.000 0.029 0.143 0.257 0.412 0.647 0.971 1.000 1.000 1.000 35.000 35.000 34.000 35.000 35.000 34.000 34.000 34.000 34.000 34.000 35.000 
m2c88r3.htb -9.000 -3.470 -1.330 -0.510 -0.200 0.000 0.200 0.510 1.330 3.470 9.000 0.000 0.000 0.024 0.390 0.659 0.780 0.829 0.878 1.000 1.000 1.000 42.000 41.000 41.000 41.000 41.000 41.000 41.000 41.000 42.000 42.000 41.000 
m2c89r3.htb -9.000 -3.470 -1.330 -0.510 -0.200 0.000 0.200 0.510 1.330 3.470 9.000 0.000 0.000 0.016 0.317 0.531 0.672 0.841 0.937 1.000 1.000 1.000 63.000 63.000 63.000 63.000 64.000 64.000 63.000 63.000 64.000 63.000 63.000 
m2c95r3.htb -9.000 -3.470 -1.330 -0.510 -0.200 0.000 0.200 0.510 1.330 3.470 9.000 0.000 0.000 0.000 0.067 0.367 0.567 0.833 0.967 1.000 1.000 1.000 30.000 30.000 30.000 30.000 30.000 30.000 30.000 30.000 30.000 30.000 30.000 
m2c96r3.htb -9.000 -3.470 -1.330 -0.510 -0.200 0.000 0.200 0.510 1.330 3.470 9.000 0.000 0.000 0.000 0.200 0.433 0.600 0.700 0.800 1.000 1.000 1.000 30.000 30.000 30.000 30.000 30.000 30.000 30.000 30.000 30.000 30.000 30.000 
m2c104r3.htb -9.000 -3.470 -1.330 -0.510 -0.200 0.000 0.200 0.510 1.330 3.470 9.000 0.000 0.000 0.021 0.354 0.625 0.854 0.958 1.000 1.000 1.000 1.000 48.000 47.000 48.000 48.000 48.000 48.000 48.000 48.000 48.000 48.000 48.000 
m2c105r3.htb -9.000 -3.470 -1.330 -0.510 -0.200 0.000 0.200 0.510 1.330 3.470 9.000 0.000 0.000 0.000 0.167 0.333 0.600 0.700 0.933 1.000 1.000 1.000 30.000 30.000 30.000 30.000 30.000 30.000 30.000 30.000 30.000 30.000 30.000 
m2c107r3.htb -9.000 -3.470 -1.330 -0.510 -0.200 0.000 0.200 0.510 1.330 3.470 9.000 0.000 0.029 0.000 0.147 0.364 0.559 0.706 0.939 1.000 1.000 1.000 34.000 34.000 33.000 34.000 33.000 34.000 34.000 33.000 34.000 34.000 34.000 
m2c108r3.htb -9.000 -3.470 -1.330 -0.510 -0.200 0.000 0.200 0.510 1.330 3.470 9.000 0.000 0.000 0.033 0.133 0.333 0.533 0.767 0.800 1.000 1.000 1.000 30.000 30.000 30.000 30.000 30.000 30.000 30.000 30.000 30.000 30.000 30.000 
m2c111r3.htb -9.000 -3.470 -1.330 -0.510 -0.200 0.000 0.200 0.510 1.330 3.470 9.000 0.000 0.000 0.000 0.114 0.432 0.659 0.705 0.977 1.000 1.000 1.000 44.000 44.000 45.000 44.000 44.000 44.000 44.000 44.000 44.000 44.000 44.000 
m2c117r3.htb -9.000 -3.470 -1.330 -0.510 -0.200 0.000 0.200 0.510 1.330 3.470 9.000 0.000 0.000 0.032 0.548 0.806 0.774 0.968 0.933 1.000 1.000 1.000 31.000 31.000 31.000 31.000 31.000 31.000 31.000 30.000 31.000 31.000 31.000 
m2c118r3.htb -9.000 -3.470 -1.330 -0.510 -0.200 0.000 0.200 0.510 1.330 3.470 9.000 0.000 0.000 0.000 0.200 0.400 0.825 0.900 0.950 1.000 1.000 1.000 40.000 40.000 40.000 40.000 40.000 40.000 40.000 40.000 40.000 40.000 40.000 
m2c122r3.htb -9.000 -3.470 -1.330 -0.510 -0.200 0.000 0.200 0.510 1.330 3.470 9.000 0.021 0.000 0.000 0.146 0.333 0.638 0.729 0.979 1.000 1.000 1.000 48.000 48.000 47.000 48.000 48.000 47.000 48.000 48.000 48.000 48.000 48.000 
m2c123r3.htb -9.000 -3.470 -1.330 -0.510 -0.200 0.000 0.200 0.510 1.330 3.470 9.000 0.000 0.000 0.094 0.469 0.563 0.688 0.813 1.000 1.000 1.000 1.000 33.000 33.000 32.000 32.000 32.000 32.000 32.000 32.000 32.000 33.000 32.000 
m2c124r3.htb -9.000 -3.470 -1.330 -0.510 -0.200 0.000 0.200 0.510 1.330 3.470 9.000 0.000 0.000 0.000 0.475 0.750 0.950 0.925 0.975 1.000 1.000 1.000 40.000 40.000 40.000 40.000 40.000 40.000 40.000 40.000 40.000 40.000 40.000 
m2c132r3.htb -9.000 -3.470 -1.330 -0.510 -0.200 0.000 0.200 0.510 1.330 3.470 9.000 0.000 0.000 0.000 0.182 0.394 0.576 0.636 1.000 1.000 1.000 1.000 33.000 33.000 33.000 33.000 33.000 33.000 33.000 33.000 33.000 33.000 33.000 
m2c201r3.htb -9.000 -3.470 -1.330 -0.510 -0.200 0.000 0.200 0.510 1.330 3.470 9.000 0.000 0.000 0.000 0.175 0.325 0.775 0.825 0.975 1.000 1.000 1.000 40.000 40.000 40.000 40.000 40.000 40.000 40.000 40.000 40.000 40.000 40.000 
m2c207r3.htb -9.000 -3.470 -1.330 -0.510 -0.200 0.000 0.200 0.510 1.330 3.470 9.000 0.000 0.025 0.000 0.350 0.400 0.725 0.800 0.975 1.000 1.000 1.000 40.000 40.000 40.000 40.000 40.000 40.000 40.000 40.000 40.000 40.000 40.000 
m2c209r3.htb -9.000 -3.470 -1.330 -0.510 -0.200 0.000 0.200 0.510 1.330 3.470 9.000 0.000 0.000 0.033 0.167 0.467 0.667 0.833 0.833 1.000 1.000 1.000 30.000 30.000 30.000 30.000 30.000 30.000 30.000 30.000 30.000 30.000 30.000 
m2c215r7.htb -9.000 -3.470 -1.330 -0.510 -0.200 0.000 0.200 0.510 1.330 3.470 9.000 0.000 0.000 0.000 0.118 0.229 0.529 0.657 0.800 1.000 1.000 1.000 35.000 34.000 35.000 34.000 35.000 34.000 35.000 35.000 35.000 35.000 34.000 
m2c218r3.htb -9.000 -3.470 -1.330 -0.510 -0.200 0.000 0.200 0.510 1.330 3.470 9.000 0.000 0.000 0.000 0.100 0.300 0.633 0.700 0.900 1.000 1.000 1.000 30.000 30.000 30.000 30.000 30.000 30.000 30.000 30.000 30.000 30.000 30.000 
m2c219r3.htb -9.000 -3.470 -1.330 -0.510 -0.200 0.000 0.200 0.510 1.330 3.470 9.000 0.000 0.000 0.033 0.133 0.367 0.700 0.800 0.967 1.000 1.000 1.000 30.000 30.000 30.000 30.000 30.000 30.000 30.000 30.000 30.000 30.000 30.000 
m2c225r3.htb -9.000 -3.470 -1.330 -0.510 -0.200 0.000 0.200 0.510 1.330 3.470 9.000 0.000 0.000 0.000 0.533 0.833 0.833 0.967 1.000 1.000 1.000 1.000 30.000 30.000 30.000 30.000 30.000 30.000 30.000 30.000 30.000 30.000 30.000 
m2c227r3.htb -9.000 -3.470 -1.330 -0.510 -0.200 0.000 0.200 0.510 1.330 3.470 9.000 0.000 0.000 0.000 0.185 0.346 0.741 0.815 1.000 1.000 1.000 1.000 27.000 26.000 27.000 27.000 26.000 27.000 27.000 27.000 26.000 26.000 26.000 
m2c229r3.htb -9.000 -3.470 -1.330 -0.510 -0.200 0.000 0.200 0.510 1.330 3.470 9.000 0.000 0.000 0.033 0.067 0.467 0.700 0.867 0.967 1.000 1.000 1.000 30.000 30.000 30.000 30.000 30.000 30.000 30.000 30.000 30.000 30.000 30.000 
m2c232r3.htb -9.000 -3.470 -1.330 -0.510 -0.200 0.000 0.200 0.510 1.330 3.470 9.000 0.000 0.000 0.000 0.067 0.267 0.367 0.800 0.900 1.000 1.000 1.000 30.000 30.000 30.000 30.000 30.000 30.000 30.000 30.000 30.000 30.000 30.000 
m2c234r3.htb -9.000 -3.470 -1.330 -0.510 -0.200 0.000 0.200 0.510 1.330 3.470 9.000 0.000 0.000 0.000 0.032 0.290 0.516 0.613 1.000 1.000 1.000 1.000 31.000 31.000 31.000 31.000 31.000 31.000 31.000 31.000 31.000 31.000 31.000 
m2c235r3.htb -9.000 -3.470 -1.330 -0.510 -0.200 0.000 0.200 0.510 1.330 3.470 9.000 0.000 0.000 0.000 0.289 0.622 0.541 0.789 0.973 1.000 1.000 1.000 38.000 37.000 37.000 38.000 37.000 37.000 38.000 37.000 37.000 37.000 37.000 
m2c243r3.htb -9.000 -3.470 -1.330 -0.510 -0.200 0.000 0.200 0.510 1.330 3.470 9.000 0.000 0.000 0.000 0.000 0.125 0.300 0.325 0.600 1.000 1.000 1.000 40.000 40.000 40.000 40.000 40.000 40.000 40.000 40.000 40.000 40.000 40.000 
m2c246r3.htb -9.000 -3.470 -1.330 -0.510 -0.200 0.000 0.200 0.510 1.330 3.470 9.000 0.000 0.000 0.000 0.200 0.400 0.633 0.833 1.000 1.000 1.000 1.000 30.000 30.000 30.000 30.000 30.000 30.000 30.000 30.000 30.000 30.000 30.000 
m2c251r3.htb -9.000 -3.470 -1.330 -0.510 -0.200 0.000 0.200 0.510 1.330 3.470 9.000 0.000 0.000 0.000 0.222 0.306 0.528 0.750 0.778 1.000 1.000 1.000 36.000 36.000 36.000 36.000 36.000 36.000 36.000 36.000 36.000 36.000 36.000 
m2c257r3.htb -9.000 -3.470 -1.330 -0.510 -0.200 0.000 0.200 0.510 1.330 3.470 9.000 0.000 0.000 0.000 0.067 0.233 0.433 0.667 0.800 1.000 1.000 1.000 30.000 30.000 30.000 30.000 30.000 30.000 30.000 30.000 30.000 30.000 30.000 
m2c265r3.htb -9.000 -3.470 -1.330 -0.510 -0.200 0.000 0.200 0.510 1.330 3.470 9.000 0.000 0.000 0.000 0.200 0.567 0.833 0.900 1.000 1.000 1.000 1.000 30.000 30.000 30.000 30.000 30.000 30.000 30.000 30.000 30.000 30.000 30.000 
m2c362r3.htb -9.000 -3.470 -1.330 -0.510 -0.200 0.000 0.200 0.510 1.330 3.470 9.000 0.000 0.000 0.000 0.300 0.467 0.600 0.700 0.933 1.000 1.000 1.000 30.000 30.000 30.000 30.000 30.000 30.000 30.000 30.000 30.000 30.000 30.000 
m2c367r3.htb -9.000 -3.470 -1.330 -0.510 -0.200 0.000 0.200 0.510 1.330 3.470 9.000 0.000 0.000 0.000 0.100 0.433 0.433 0.633 0.900 0.967 1.000 1.000 30.000 30.000 30.000 30.000 30.000 30.000 30.000 30.000 30.000 30.000 30.000 
m2c371r3.htb -9.000 -3.470 -1.330 -0.510 -0.200 0.000 0.200 0.510 1.330 3.470 9.000 0.000 0.000 0.000 0.133 0.400 0.633 0.867 1.000 1.000 1.000 1.000 30.000 30.000 30.000 30.000 30.000 30.000 30.000 30.000 30.000 30.000 30.000 
m2c386r3.htb -9.000 -3.470 -1.330 -0.510 -0.200 0.000 0.200 0.510 1.330 3.470 9.000 0.000 0.000 0.000 0.161 0.290 0.323 0.645 0.645 1.000 1.000 1.000 31.000 31.000 31.000 31.000 31.000 31.000 31.000 31.000 31.000 31.000 31.000 
m2c387r3.htb -9.000 -3.470 -1.330 -0.510 -0.200 0.000 0.200 0.510 1.330 3.470 9.000 0.000 0.000 0.025 0.375 0.725 0.650 0.900 0.950 1.000 1.000 1.000 40.000 40.000 40.000 40.000 40.000 40.000 40.000 40.000 40.000 40.000 40.000 
m2c415r3.htb -9.000 -3.470 -1.330 -0.510 -0.200 0.000 0.200 0.510 1.330 3.470 9.000 0.000 0.000 0.000 0.214 0.500 0.548 0.714 0.952 1.000 1.000 1.000 42.000 42.000 42.000 42.000 42.000 42.000 42.000 42.000 42.000 42.000 42.000 
m2c440r3.htb -9.000 -3.470 -1.330 -0.510 -0.200 0.000 0.200 0.510 1.330 3.470 9.000 0.000 0.000 0.000 0.067 0.267 0.500 0.700 0.933 1.000 1.000 1.000 30.000 30.000 30.000 30.000 30.000 30.000 30.000 30.000 30.000 30.000 30.000 
m5c9r3.htb -16.000 -6.400 -2.560 -1.020 0.000 1.020 2.560 6.400 16.000 0.000 0.000 0.075 0.225 0.400 0.550 0.725 1.000 1.000 40.000 40.000 40.000 40.000 40.000 40.000 40.000 40.000 40.000 
m5c10r3.htb -16.000 -6.400 -2.560 -1.020 0.000 1.020 2.560 6.400 16.000 0.000 0.000 0.000 0.097 0.161 0.194 0.613 0.935 1.000 31.000 31.000 31.000 31.000 31.000 31.000 31.000 31.000 31.000 
m5c12r3.htb -16.000 -6.400 -2.560 -1.020 0.000 1.020 2.560 6.400 16.000 0.033 0.000 0.067 0.100 0.333 0.600 0.767 0.967 1.000 30.000 30.000 30.000 30.000 30.000 30.000 30.000 30.000 30.000 
m5c17r3.htb -16.000 -6.400 -2.560 -1.020 0.000 1.020 2.560 6.400 16.000 0.000 0.000 0.107 0.250 0.500 0.571 0.964 1.000 1.000 29.000 28.000 28.000 28.000 28.000 28.000 28.000 28.000 28.000 
m5c21r3.htb -16.000 -6.400 -2.560 -1.020 0.000 1.020 2.560 6.400 16.000 0.000 0.000 0.000 0.036 0.214 0.321 0.607 0.964 1.000 28.000 28.000 28.000 28.000 28.000 28.000 28.000 28.000 28.000 
m5c22r3.htb -16.000 -6.400 -2.560 -1.020 0.000 1.020 2.560 6.400 16.000 0.100 0.050 0.100 0.300 0.650 0.750 0.950 1.000 1.000 20.000 20.000 20.000 20.000 20.000 20.000 20.000 20.000 20.000 
m5c23r3.htb -16.000 -5.360 -1.800 -0.600 0.000 0.600 1.800 5.360 16.000 0.000 0.000 0.200 0.467 0.500 0.700 0.800 0.967 0.967 30.000 30.000 30.000 30.000 30.000 30.000 30.000 30.000 30.000 
m5c26r3.htb -16.000 -6.400 -2.560 -1.020 0.000 1.020 2.560 6.400 16.000 0.000 0.000 0.033 0.200 0.267 0.600 0.900 1.000 1.000 30.000 30.000 30.000 30.000 30.000 30.000 30.000 30.000 30.000 
m5c27r3.htb -16.000 -6.400 -2.560 -1.020 0.000 1.020 2.560 6.400 16.000 0.000 0.033 0.200 0.600 0.567 0.933 1.000 0.967 0.967 30.000 30.000 30.000 30.000 30.000 30.000 30.000 30.000 30.000 
m5c33r3.htb -16.000 -6.400 -2.560 -1.020 0.000 1.020 2.560 6.400 16.000 0.000 0.000 0.067 0.167 0.467 0.767 0.967 1.000 1.000 30.000 30.000 30.000 30.000 30.000 30.000 30.000 30.000 30.000 
m5c43r3.htb -16.000 -6.400 -2.560 -1.020 0.000 1.020 2.560 6.400 16.000 0.000 0.000 0.233 0.333 0.533 0.767 0.867 1.000 1.000 30.000 30.000 30.000 30.000 30.000 30.000 30.000 30.000 30.000 
m5c45r3.htb -16.000 -6.400 -2.560 -1.020 0.000 1.020 2.560 6.400 16.000 0.000 0.000 0.200 0.433 0.633 0.839 0.903 1.000 1.000 31.000 30.000 30.000 30.000 30.000 31.000 31.000 31.000 30.000 
m5c47r3.htb -16.000 -6.400 -2.560 -1.020 0.000 1.020 2.560 6.400 16.000 0.000 0.000 0.050 0.200 0.450 0.450 0.900 1.000 1.000 20.000 20.000 20.000 20.000 20.000 20.000 20.000 20.000 20.000 
m5c51r3.htb -16.000 -6.400 -2.560 -1.020 0.000 1.020 2.560 6.400 16.000 0.000 0.000 0.000 0.250 0.350 0.500 0.900 1.000 1.000 20.000 20.000 20.000 20.000 20.000 20.000 20.000 20.000 20.000 
m5c53r3.htb -16.000 -6.400 -2.560 -1.020 0.000 1.020 2.560 6.400 16.000 0.000 0.000 0.000 0.200 0.250 0.550 0.850 1.000 1.000 20.000 20.000 20.000 20.000 20.000 20.000 20.000 20.000 20.000 
m5c57r3.htb -16.000 -6.400 -2.560 -1.020 0.000 1.020 2.560 6.400 16.000 0.000 0.000 0.100 0.467 0.733 0.600 0.867 1.000 1.000 30.000 30.000 30.000 30.000 30.000 30.000 30.000 30.000 30.000 
m5c58r3.htb -16.000 -6.400 -2.560 -1.020 0.000 1.020 2.560 6.400 16.000 0.000 0.000 0.175 0.450 0.575 0.775 0.975 1.000 1.000 40.000 40.000 40.000 40.000 40.000 40.000 40.000 40.000 40.000 
m5c59r3.htb -16.000 -6.400 -2.560 -1.020 0.000 1.020 2.560 6.400 16.000 0.000 0.000 0.000 0.161 0.226 0.387 0.677 1.000 1.000 31.000 31.000 31.000 31.000 31.000 31.000 31.000 31.000 31.000 
m5c62r3.htb -16.000 -6.400 -2.560 -1.020 0.000 1.020 2.560 6.400 16.000 0.050 0.000 0.050 0.350 0.400 0.700 0.950 1.000 1.000 40.000 40.000 40.000 40.000 40.000 40.000 40.000 40.000 40.000 
m5c65r3.htb -16.000 -6.400 -2.560 -1.020 0.000 1.020 2.560 6.400 16.000 0.000 0.000 0.000 0.033 0.067 0.333 0.667 0.967 1.000 30.000 30.000 30.000 30.000 30.000 30.000 30.000 30.000 30.000 
m5c88r3.htb -16.000 -6.400 -2.560 -1.020 0.000 1.020 2.560 6.400 16.000 0.000 0.000 0.080 0.300 0.620 0.920 0.980 1.000 1.000 50.000 50.000 50.000 50.000 50.000 50.000 50.000 50.000 50.000 
m5c90r3.htb -16.000 -6.400 -2.560 -1.020 0.000 1.020 2.560 6.400 16.000 0.000 0.000 0.083 0.167 0.417 0.717 0.967 1.000 0.983 60.000 60.000 60.000 60.000 60.000 60.000 60.000 60.000 60.000 
m5c93r3.htb -16.000 -6.400 -2.560 -1.020 0.000 1.020 2.560 6.400 16.000 0.000 0.000 0.033 0.167 0.600 0.800 0.833 1.000 1.000 30.000 30.000 30.000 30.000 30.000 30.000 30.000 30.000 30.000 
m5c96r3.htb -16.000 -6.400 -2.560 -1.020 0.000 1.020 2.560 6.400 16.000 0.000 0.000 0.020 0.220 0.400 0.740 0.900 1.000 1.000 50.000 50.000 50.000 50.000 50.000 50.000 50.000 50.000 50.000 
m5c98r3.htb -16.000 -6.400 -2.560 -1.020 0.000 1.020 2.560 6.400 16.000 0.000 0.020 0.040 0.100 0.460 0.700 1.000 1.000 1.000 50.000 50.000 50.000 50.000 50.000 50.000 50.000 50.000 50.000 
m5c99r3.htb -16.000 -6.400 -2.560 -1.020 0.000 1.020 2.560 6.400 16.000 0.000 0.000 0.073 0.255 0.600 0.727 0.964 1.000 1.000 56.000 56.000 55.000 55.000 55.000 55.000 56.000 56.000 56.000 
m5c104r3.htb -16.000 -6.400 -2.560 -1.020 0.000 1.020 2.560 6.400 16.000 0.000 0.000 0.032 0.129 0.452 0.806 1.000 1.000 1.000 31.000 31.000 31.000 31.000 31.000 31.000 31.000 31.000 31.000 
m5c112r3.htb -16.000 -6.400 -2.560 -1.020 0.000 1.020 2.560 6.400 16.000 0.000 0.000 0.067 0.300 0.400 0.733 0.900 1.000 1.000 30.000 30.000 30.000 30.000 30.000 30.000 30.000 30.000 30.000 
m5c116r3.htb -16.000 -6.400 -2.560 -1.020 0.000 1.020 2.560 6.400 16.000 0.000 0.000 0.188 0.438 0.844 0.906 1.000 1.000 1.000 32.000 32.000 32.000 32.000 32.000 32.000 32.000 32.000 32.000 
m5c214r3.htb -16.000 -3.920 -0.960 -0.240 0.000 0.240 0.960 3.920 16.000 0.000 0.000 0.152 0.565 0.435 0.652 0.826 1.000 1.000 46.000 46.000 46.000 46.000 46.000 46.000 46.000 46.000 46.000 
m5c216r2.htb -16.000 -3.920 -0.960 -0.240 0.000 0.240 0.960 3.920 16.000 0.000 0.000 0.040 0.260 0.400 0.380 0.480 1.000 1.000 50.000 50.000 50.000 50.000 50.000 50.000 50.000 50.000 50.000 
m5c220r2.htb -16.000 -3.920 -0.960 -0.240 0.000 0.240 0.960 3.920 16.000 0.000 0.000 0.260 0.460 0.600 0.580 0.840 1.000 1.000 50.000 50.000 50.000 50.000 50.000 50.000 50.000 50.000 50.000 
m5c242r2.htb -16.000 -3.920 -0.960 -0.240 0.000 0.240 0.960 3.920 16.000 0.000 0.000 0.024 0.143 0.262 0.333 0.595 1.000 1.000 42.000 42.000 42.000 42.000 42.000 42.000 42.000 42.000 42.000 
m2c432r3.htb -9.000 -3.470 -1.330 -0.510 -0.200 0.000 0.200 0.510 1.330 3.470 9.000 0.000 0.000 0.000 0.000 0.333 0.296 0.704 0.926 1.000 1.000 1.000 28.000 28.000 27.000 27.000 27.000 27.000 27.000 27.000 27.000 27.000 27.000 
m2c436r3.htb -9.000 -3.470 -1.330 -0.510 -0.200 0.000 0.200 0.510 1.330 3.470 9.000 0.000 0.000 0.000 0.067 0.467 0.700 0.800 1.000 1.000 1.000 1.000 30.000 30.000 30.000 30.000 30.000 30.000 30.000 30.000 30.000 30.000 30.000 
m5c178r2.htb -16.000 -6.400 -2.560 -1.020 -0.410 0.000 0.410 1.020 2.560 6.400 16.000 0.000 0.000 0.000 0.200 0.400 0.520 0.660 0.840 1.000 1.000 1.000 50.000 50.000 50.000 50.000 50.000 50.000 50.000 50.000 50.000 50.000 50.000 
m5c179r2.htb -16.000 -6.400 -2.560 -1.020 -0.410 0.000 0.410 1.020 2.560 6.400 16.000 0.000 0.000 0.083 0.517 0.750 0.700 0.883 0.933 0.967 1.000 1.000 60.000 60.000 60.000 60.000 60.000 60.000 60.000 60.000 60.000 60.000 60.000 
m5c180r2.htb -16.000 -6.400 -2.560 -1.020 -0.410 0.000 0.410 1.020 2.560 6.400 16.000 0.000 0.000 0.022 0.156 0.356 0.422 0.467 0.711 0.978 1.000 1.000 46.000 45.000 45.000 45.000 45.000 45.000 45.000 45.000 45.000 45.000 45.000 
m5c181r2.htb -16.000 -6.400 -2.560 -1.020 -0.410 0.000 0.410 1.020 2.560 6.400 16.000 0.000 0.000 0.000 0.250 0.400 0.450 0.525 0.750 0.950 1.000 1.000 40.000 40.000 40.000 40.000 40.000 40.000 40.000 40.000 40.000 40.000 40.000 
m5c182r2.htb -16.000 -6.400 -2.560 -1.020 -0.410 0.000 0.410 1.020 2.560 6.400 16.000 0.000 0.000 0.000 0.229 0.271 0.479 0.604 0.750 0.938 1.000 1.000 48.000 48.000 48.000 48.000 48.000 48.000 48.000 48.000 48.000 48.000 48.000 
m5c183r2.htb -16.000 -6.400 -2.560 -1.020 -0.410 0.000 0.410 1.020 2.560 6.400 16.000 0.000 0.000 0.020 0.140 0.320 0.380 0.500 0.740 0.940 1.000 1.000 50.000 50.000 50.000 50.000 50.000 50.000 50.000 50.000 50.000 50.000 50.000 
m5c185r2.htb -16.000 -6.400 -2.560 -1.020 -0.410 0.000 0.410 1.020 2.560 6.400 16.000 0.000 0.000 0.025 0.200 0.325 0.525 0.550 0.600 1.000 1.000 1.000 40.000 40.000 40.000 40.000 40.000 40.000 40.000 40.000 40.000 40.000 40.000 
m5c186r2.htb -16.000 -6.400 -2.560 -1.020 -0.410 0.000 0.410 1.020 2.560 6.400 16.000 0.019 0.000 0.096 0.481 0.596 0.865 0.827 0.942 1.000 1.000 1.000 52.000 52.000 52.000 52.000 52.000 52.000 52.000 52.000 52.000 52.000 52.000 
m5c188r2.htb -16.000 -6.400 -2.560 -1.020 -0.410 0.000 0.410 1.020 2.560 6.400 16.000 0.000 0.000 0.060 0.200 0.420 0.460 0.720 0.680 0.960 1.000 1.000 50.000 50.000 50.000 50.000 50.000 50.000 50.000 50.000 50.000 50.000 50.000 
m5c189r2.htb -16.000 -6.400 -2.560 -1.020 -0.410 0.000 0.410 1.020 2.560 6.400 16.000 0.000 0.000 0.133 0.483 0.617 0.833 0.850 1.000 0.983 1.000 1.000 60.000 60.000 60.000 60.000 60.000 60.000 60.000 60.000 60.000 60.000 60.000 
m5c190r3.htb -16.000 -6.400 -2.560 -1.020 -0.410 0.000 0.410 1.020 2.560 6.400 16.000 0.000 0.000 0.000 0.189 0.270 0.514 0.649 0.784 1.000 1.000 1.000 37.000 37.000 37.000 37.000 37.000 37.000 37.000 37.000 37.000 37.000 37.000 
m5c192r4.htb -12.000 -3.600 -1.080 -0.320 -0.100 0.000 0.100 0.320 1.080 3.600 12.000 0.000 0.000 0.118 0.529 0.559 0.588 0.441 0.735 0.824 1.000 1.000 34.000 34.000 34.000 34.000 34.000 34.000 34.000 34.000 34.000 34.000 34.000 
m5c192r5.htb -16.000 -6.400 -2.560 -1.020 -0.410 0.000 0.410 1.020 2.560 6.400 16.000 0.000 0.000 0.000 0.375 0.469 0.813 0.781 0.938 1.000 1.000 1.000 32.000 32.000 32.000 32.000 32.000 32.000 32.000 32.000 32.000 32.000 32.000 
m5c194r3.htb -16.000 -3.840 -0.920 -0.220 0.000 0.220 0.920 3.840 16.000 0.000 0.000 0.117 0.433 0.500 0.483 0.817 1.000 1.000 60.000 60.000 60.000 60.000 60.000 60.000 60.000 60.000 60.000 
m5c197r2.htb -16.000 -3.920 -0.960 -0.240 0.000 0.240 0.960 3.920 16.000 0.000 0.000 0.306 0.571 0.694 0.735 0.898 1.000 1.000 49.000 49.000 49.000 49.000 49.000 49.000 49.000 49.000 49.000 
m5c198r2.htb -16.000 -3.920 -0.960 -0.240 0.000 0.240 0.960 3.920 16.000 0.000 0.000 0.150 0.500 0.500 0.625 0.725 1.000 1.000 40.000 40.000 40.000 40.000 40.000 40.000 40.000 40.000 40.000 
m5c200r2.htb -16.000 -3.920 -0.960 -0.240 0.000 0.240 0.960 3.920 16.000 0.000 0.000 0.220 0.480 0.440 0.620 0.760 1.000 1.000 50.000 50.000 50.000 50.000 50.000 50.000 50.000 50.000 50.000 
m5c201r3.htb -16.000 -3.920 -0.960 -0.240 0.000 0.240 0.960 3.920 16.000 0.000 0.000 0.175 0.450 0.625 0.625 0.825 1.000 1.000 40.000 40.000 40.000 40.000 40.000 40.000 40.000 40.000 40.000 
m5c202r2.htb -16.000 -3.920 -0.960 -0.240 0.000 0.240 0.960 3.920 16.000 0.020 0.000 0.294 0.490 0.431 0.667 0.922 1.000 1.000 51.000 51.000 51.000 51.000 51.000 51.000 51.000 51.000 51.000 
m5c204r2.htb -16.000 -3.920 -0.960 -0.240 0.000 0.240 0.960 3.920 16.000 0.000 0.000 0.020 0.275 0.490 0.510 0.647 1.000 1.000 51.000 51.000 51.000 51.000 51.000 51.000 51.000 51.000 51.000 
m5c205r2.htb -16.000 -3.920 -0.960 -0.240 0.000 0.240 0.960 3.920 16.000 0.024 0.000 0.119 0.381 0.595 0.524 0.857 1.000 1.000 42.000 42.000 42.000 42.000 42.000 42.000 42.000 42.000 42.000 
m5c206r2.htb -16.000 -3.920 -0.960 -0.240 0.000 0.240 0.960 3.920 16.000 0.000 0.000 0.238 0.429 0.500 0.714 0.762 1.000 1.000 42.000 42.000 42.000 42.000 42.000 42.000 42.000 42.000 42.000 
m5c207r2.htb -16.000 -3.920 -0.960 -0.240 0.000 0.240 0.960 3.920 16.000 0.000 0.000 0.140 0.500 0.580 0.440 0.720 0.980 1.000 50.000 50.000 50.000 50.000 50.000 50.000 50.000 50.000 50.000 
m5c209r2.htb -16.000 -3.920 -0.960 -0.240 0.000 0.240 0.960 3.920 16.000 0.000 0.000 0.300 0.640 0.600 0.760 0.940 1.000 1.000 50.000 50.000 50.000 50.000 50.000 50.000 50.000 50.000 50.000 
m5c210r2.htb -16.000 -3.920 -0.960 -0.240 0.000 0.240 0.960 3.920 16.000 0.000 0.000 0.160 0.460 0.520 0.560 0.900 1.000 1.000 50.000 50.000 50.000 50.000 50.000 50.000 50.000 50.000 50.000 
m5c211r2.htb -16.000 -3.920 -0.960 -0.240 0.000 0.240 0.960 3.920 16.000 0.000 0.000 0.167 0.524 0.643 0.595 0.857 1.000 1.000 43.000 42.000 42.000 42.000 42.000 42.000 42.000 42.000 42.000 
m5c212r2.htb -16.000 -3.920 -0.960 -0.240 0.000 0.240 0.960 3.920 16.000 0.000 0.000 0.185 0.389 0.396 0.434 0.792 1.000 1.000 54.000 54.000 54.000 54.000 53.000 53.000 53.000 54.000 53.000 
m5c213r2.htb -16.000 -3.920 -0.960 -0.240 0.000 0.240 0.960 3.920 16.000 0.000 0.000 0.160 0.380 0.520 0.620 0.840 0.980 1.000 50.000 50.000 50.000 50.000 50.000 50.000 50.000 50.000 50.000 
m5c215r2.htb -16.000 -3.920 -0.960 -0.240 0.000 0.240 0.960 3.920 16.000 0.000 0.000 0.235 0.608 0.765 0.784 0.961 1.000 1.000 51.000 51.000 51.000 51.000 51.000 51.000 51.000 51.000 51.000 
m5c217r2.htb -16.000 -3.920 -0.960 -0.240 0.000 0.240 0.960 3.920 16.000 0.000 0.000 0.269 0.528 0.577 0.808 0.846 1.000 1.000 53.000 52.000 52.000 53.000 52.000 52.000 52.000 52.000 52.000 
m5c219r2.htb -16.000 -3.920 -0.960 -0.240 0.000 0.240 0.960 3.920 16.000 0.000 0.000 0.333 0.500 0.667 0.717 0.833 1.000 1.000 60.000 60.000 60.000 60.000 60.000 60.000 60.000 60.000 60.000 
m5c221r2.htb -16.000 -3.920 -0.960 -0.240 0.000 0.240 0.960 3.920 16.000 0.000 0.000 0.180 0.220 0.460 0.440 0.500 1.000 1.000 50.000 50.000 50.000 50.000 50.000 50.000 50.000 50.000 50.000 
m5c222r2.htb -16.000 -3.920 -0.960 -0.240 0.000 0.240 0.960 3.920 16.000 0.000 0.000 0.264 0.481 0.481 0.558 0.808 1.000 1.000 52.000 52.000 53.000 52.000 52.000 52.000 52.000 52.000 52.000 
m5c226r2.htb -16.000 -3.920 -0.960 -0.240 0.000 0.240 0.960 3.920 16.000 0.000 0.000 0.217 0.683 0.683 0.689 0.867 1.000 1.000 60.000 60.000 60.000 60.000 60.000 61.000 60.000 60.000 60.000 
m5c228r2.htb -16.000 -3.920 -0.960 -0.240 0.000 0.240 0.960 3.920 16.000 0.000 0.000 0.317 0.533 0.783 0.683 0.917 1.000 1.000 60.000 60.000 60.000 60.000 60.000 60.000 60.000 60.000 60.000 
m5c229r2.htb -16.000 -3.920 -0.960 -0.240 0.000 0.240 0.960 3.920 16.000 0.000 0.000 0.140 0.420 0.440 0.600 0.720 1.000 1.000 50.000 50.000 50.000 50.000 50.000 50.000 50.000 50.000 50.000 
m5c236r2.htb -16.000 -3.920 -0.960 -0.240 0.000 0.240 0.960 3.920 16.000 0.000 0.000 0.125 0.400 0.400 0.625 0.875 1.000 1.000 40.000 40.000 40.000 40.000 40.000 40.000 40.000 40.000 40.000 
m5c239r2.htb -16.000 -3.920 -0.960 -0.240 0.000 0.240 0.960 3.920 16.000 0.000 0.000 0.080 0.220 0.340 0.520 0.640 1.000 1.000 50.000 50.000 50.000 50.000 50.000 50.000 50.000 50.000 50.000 
m5c240r2.htb -16.000 -3.920 -0.960 -0.240 0.000 0.240 0.960 3.920 16.000 0.000 0.000 0.100 0.280 0.360 0.380 0.860 1.000 1.000 50.000 50.000 50.000 50.000 50.000 50.000 50.000 50.000 50.000 
m5c241r2.htb -16.000 -3.920 -0.960 -0.240 0.000 0.240 0.960 3.920 16.000 0.000 0.000 0.017 0.117 0.133 0.250 0.433 0.983 1.000 60.000 60.000 60.000 60.000 60.000 60.000 60.000 60.000 60.000 
m5c243r2.htb -16.000 -3.920 -0.960 -0.240 0.000 0.240 0.960 3.920 16.000 0.000 0.000 0.047 0.186 0.349 0.326 0.581 1.000 1.000 43.000 43.000 43.000 43.000 43.000 43.000 43.000 43.000 43.000 
