FILE	          coherence	  1_bias	 2_bias	 3_bias	 1_thresh	 2_thresh	 3_thresh	
m5c0r252.htb 6.260 2.616 1.916 2.585 2.550 
m5c0r253.htb 2.894 1.968 2.757 
m5c0r254.htb 4.249 0.102 2.318 1.928 1.309 1.665 3.499 1.973 2.059 1.580 2.181 1.553 2.197 
m5c0r255.htb 2.500 2.368 1.591 2.162 1.253 0.773 2.401 1.139 
m5c0r256.htb 2.096 2.611 1.736 0.999 2.013 2.491 1.689 
m5c0r257.htb 1.297 1.349 1.333 2.096 2.197 2.889 2.337 2.589 1.756 2.486 1.391 
m5c0r258.htb 2.397 1.515 2.044 1.581 2.564 1.854 2.446 
m5c0r265.htb 1.751 1.500 2.337 2.785 3.364 3.079 2.974 5.721 4.658 3.223 
m5c0r266.htb 3.089 4.395 6.576 7.858 10.483 5.586 5.129 3.389 6.261 2.585 
m5c0r267.htb 5.756 2.259 1.588 3.552 
m5c0r268.htb 3.995 1.840 2.664 2.273 2.701 2.623 2.435 1.547 1.026 2.067 1.601 1.595 3.027 5.110 
m5c0r269.htb 5.604 1.036 1.740 2.042 1.798 1.515 3.477 1.814 2.091 2.623 7.847 3.271 2.808 2.752 4.004 
m5c0r272.htb 3.052 2.101 1.747 2.530 0.736 1.640 3.283 2.294 6.538 2.902 
m5c0r274.htb 2.467 4.761 2.742 2.272 2.480 3.644 5.826 5.429 
m5c0r275.htb 2.714 2.480 1.733 1.165 2.015 3.043 
m5c0r277.htb 6.043 5.295 1.764 5.478 
m5c0r278.htb 2.573 1.623 1.608 1.899 
m5c687r2.htb 1.036 1.737 
m5c691r2.htb 2.826 2.366 1.921 2.327 0.835 
m5c692r3.htb 1.804 2.331 5.833 1.571 
m5c693r2.htb 1.124 2.637 1.622 1.382 2.468 
m5c697r2.htb 3.433 2.661 2.355 2.403 1.609 
m5c699r2.htb 2.255 1.177 2.042 1.423 3.588 3.031 
m5c700r2.htb 1.565 1.571 1.608 2.080 1.764 1.718 
m5c702r2.htb 1.895 0.915 1.069 1.230 1.718 1.398 
m5c704r2.htb 2.789 1.394 1.433 
m5c706r2.htb 1.306 2.785 1.311 1.911 
m5c708r2.htb 1.908 1.780 
m5c710r2.htb 1.453 1.683 1.005 
m5c714r2.htb 0.960 1.368 1.704 
m5c716r2.htb 1.230 
m5c719r2.htb 0.959 2.014 0.980 1.004 
m5c722r2.htb 2.391 1.295 
m5c724r2.htb 1.704 1.280 0.774 2.124 
m5c726r2.htb 1.702 2.445 2.930 2.628 
m5c731r2.htb 2.972 2.208 2.530 
m5c734r2.htb 1.288 1.678 
m5c735r2.htb 1.311 1.414 1.456 2.225 
m5c736r2.htb 1.393 1.991 
m5c0r259.htb 3.097 1.723 2.648 1.225 1.446 1.166 1.482 1.415 1.954 0.781 
m5c0r260.htb 3.555 2.151 2.071 
m5c0r261.htb 1.012 0.792 1.251 2.143 2.072 1.509 0.704 1.244 1.445 1.482 
m5c0r262.htb 1.859 1.698 1.693 2.012 1.994 1.591 1.103 
m5c0r263.htb 2.589 2.257 1.637 1.244 1.483 2.040 2.171 1.426 2.045 1.402 
m5c0r264.htb 1.015 1.064 1.633 1.285 1.439 0.925 
m5c0r270.htb 3.303 1.937 2.458 2.042 2.775 2.532 
m5c0r271.htb 1.691 1.368 2.488 1.601 1.627 1.851 
m5c0r273.htb 1.750 1.990 1.124 1.673 1.441 1.964 1.244 
m5c0r276.htb 1.774 2.396 1.630 1.363 1.279 
m5c691r3.htb 2.233 
m5c692r2.htb 1.208 1.963 2.057 
m5c693r3.htb 2.906 1.267 1.819 1.547 1.940 1.151 
m5c697r3.htb 2.787 1.034 
m5c699r3.htb 1.956 1.680 2.728 2.201 1.064 1.920 0.836 2.031 
m5c700r3.htb 2.060 1.416 1.296 1.862 2.091 1.872 1.829 
m5c702r3.htb 0.911 1.332 1.382 1.238 1.184 1.382 
m5c704r3.htb 2.050 0.758 1.108 1.413 
m5c706r3.htb 2.028 1.181 1.393 1.060 
m5c714r3.htb 1.528 1.079 
m5c719r3.htb 1.928 1.610 1.243 
m5c724r3.htb 0.905 1.331 1.307 1.524 
m5c726r3.htb 1.004 0.864 2.226 1.273 
m5c731r3.htb 2.165 2.289 1.954 2.716 
m5c735r3.htb 2.721 2.382 2.379 2.675 
m5c736r3.htb 2.739 2.199 1.923 1.669 
m5c737r3.htb 1.563 2.554 
m5c739r3.htb 1.510 1.898 
m5c740r6.htb 1.938 1.573 1.402 1.764 
m5c741r3.htb 2.038 1.643 1.687 2.740 
m5c742r3.htb 2.093 1.705 1.251 1.895 
