FILE	          coherence	  1_bias	 2_bias	 3_bias	 1_thresh	 2_thresh	 3_thresh	
m5c0r253.htb -16.000 -6.400 -2.560 -1.020 0.000 1.020 2.560 6.400 16.000 0.000 0.000 0.219 0.500 0.594 0.875 0.906 0.939 1.000 33.000 32.000 32.000 32.000 32.000 32.000 32.000 33.000 32.000 
m5c0r254.htb -16.000 -6.400 -2.560 -1.020 0.000 1.020 2.560 6.400 16.000 0.000 0.000 0.191 0.485 0.695 0.855 0.924 0.977 1.000 132.000 131.000 131.000 132.000 131.000 131.000 131.000 131.000 132.000 
m5c0r255.htb -16.000 -6.400 -2.560 -1.020 0.000 1.020 2.560 6.400 16.000 0.000 0.013 0.100 0.338 0.650 0.850 0.925 1.000 1.000 80.000 80.000 80.000 80.000 80.000 80.000 80.000 81.000 80.000 
m5c0r256.htb -16.000 -6.400 -2.560 -1.020 0.000 1.020 2.560 6.400 16.000 0.000 0.000 0.225 0.643 0.718 0.831 1.000 1.000 1.000 71.000 70.000 71.000 70.000 71.000 71.000 71.000 71.000 71.000 
m5c0r257.htb -16.000 -6.400 -2.560 -1.020 0.000 1.020 2.560 6.400 16.000 0.000 0.000 0.144 0.351 0.640 0.730 0.901 0.991 1.000 111.000 111.000 111.000 111.000 111.000 111.000 111.000 112.000 111.000 
m5c0r258.htb -16.000 -6.400 -2.560 -1.020 0.000 1.020 2.560 6.400 16.000 0.000 0.000 0.129 0.329 0.543 0.729 0.857 1.000 1.000 70.000 70.000 70.000 70.000 70.000 70.000 70.000 70.000 71.000 
m5c0r259.htb -16.000 -6.400 -2.560 -1.020 0.000 1.020 2.560 6.400 16.000 0.000 0.000 0.080 0.267 0.420 0.730 0.940 0.990 1.000 101.000 101.000 100.000 101.000 100.000 100.000 100.000 101.000 101.000 
m5c0r260.htb -16.000 -6.400 -2.560 -1.020 0.000 1.020 2.560 6.400 16.000 0.000 0.028 0.378 0.278 0.722 0.806 0.944 1.000 1.000 37.000 36.000 37.000 36.000 36.000 36.000 36.000 36.000 36.000 
m5c0r261.htb -16.000 -6.400 -2.560 -1.020 0.000 1.020 2.560 6.400 16.000 0.000 0.000 0.059 0.250 0.465 0.713 0.980 1.000 1.000 101.000 101.000 101.000 100.000 101.000 101.000 101.000 101.000 101.000 
m5c0r262.htb -16.000 -6.400 -2.560 -1.020 0.000 1.020 2.560 6.400 16.000 0.000 0.000 0.057 0.143 0.429 0.500 0.914 1.000 1.000 70.000 70.000 70.000 70.000 70.000 70.000 70.000 70.000 70.000 
m5c0r263.htb -16.000 -6.400 -2.560 -1.020 0.000 1.020 2.560 6.400 16.000 0.000 0.000 0.158 0.317 0.554 0.725 0.941 1.000 1.000 102.000 102.000 101.000 101.000 101.000 102.000 101.000 101.000 102.000 
m5c0r264.htb -16.000 -6.400 -2.560 -1.020 0.000 1.020 2.560 6.400 16.000 0.000 0.014 0.044 0.232 0.449 0.750 1.000 1.000 1.000 68.000 69.000 68.000 69.000 69.000 68.000 68.000 68.000 68.000 
m5c0r270.htb -16.000 -6.400 -2.560 -1.020 0.000 1.020 2.560 6.400 16.000 0.000 0.029 0.246 0.449 0.609 0.754 0.913 0.971 1.000 69.000 69.000 69.000 69.000 69.000 69.000 69.000 69.000 69.000 
m5c0r265.htb -16.000 -6.400 -2.560 -1.020 0.000 1.020 2.560 6.400 16.000 0.000 0.000 0.019 0.067 0.076 0.210 0.457 0.924 0.962 106.000 105.000 105.000 105.000 105.000 105.000 105.000 105.000 105.000 
m5c0r266.htb -16.000 -6.400 -2.560 -1.020 0.000 1.020 2.560 6.400 16.000 0.000 0.010 0.109 0.196 0.267 0.376 0.461 0.832 0.902 102.000 102.000 101.000 102.000 101.000 101.000 102.000 101.000 102.000 
m5c0r267.htb -16.000 -6.400 -2.560 -1.020 0.000 1.020 2.560 6.400 16.000 0.000 0.000 0.041 0.102 0.265 0.449 0.510 0.898 0.918 49.000 49.000 49.000 49.000 49.000 49.000 49.000 49.000 49.000 
m5c0r268.htb -16.000 -6.400 -2.560 -1.020 0.000 1.020 2.560 6.400 16.000 0.000 0.000 0.077 0.232 0.380 0.599 0.838 0.958 0.993 142.000 142.000 142.000 142.000 142.000 142.000 142.000 142.000 142.000 
m5c0r269.htb -16.000 -6.400 -2.560 -1.020 0.000 1.020 2.560 6.400 16.000 0.007 0.059 0.132 0.322 0.487 0.638 0.829 0.993 0.993 152.000 152.000 152.000 152.000 152.000 152.000 152.000 152.000 152.000 
m5c0r272.htb -16.000 -6.400 -2.560 -1.020 0.000 1.020 2.560 6.400 16.000 0.029 0.059 0.347 0.559 0.824 0.912 1.000 1.000 1.000 102.000 101.000 101.000 102.000 102.000 102.000 101.000 102.000 101.000 
m5c0r277.htb -16.000 -6.400 -2.560 -1.020 0.000 1.020 2.560 6.400 16.000 0.060 0.020 0.140 0.200 0.490 0.633 0.840 1.000 1.000 50.000 50.000 50.000 50.000 49.000 49.000 50.000 50.000 49.000 
m5c0r278.htb -16.000 -6.400 -2.560 -1.020 0.000 1.020 2.560 6.400 16.000 0.000 0.020 0.143 0.429 0.673 0.857 1.000 1.000 1.000 50.000 49.000 49.000 49.000 49.000 49.000 49.000 49.000 49.000 
m5c691r2.htb -16.000 -6.400 -2.560 -1.020 0.000 1.020 2.560 6.400 16.000 0.000 0.000 0.273 0.582 0.691 0.891 0.945 1.000 1.000 56.000 55.000 55.000 55.000 55.000 55.000 55.000 55.000 55.000 
m5c692r3.htb -16.000 -6.400 -2.560 -1.020 0.000 1.020 2.560 6.400 16.000 0.000 0.000 0.224 0.680 0.720 0.880 0.980 1.000 0.980 50.000 49.000 49.000 50.000 50.000 50.000 50.000 50.000 49.000 
m5c693r2.htb -16.000 -4.800 -1.440 -0.430 0.000 0.430 1.440 4.800 16.000 0.000 0.017 0.207 0.466 0.483 0.569 0.897 0.983 1.000 58.000 58.000 58.000 58.000 58.000 58.000 58.000 58.000 58.000 
m5c697r2.htb -16.000 -4.800 -1.440 -0.430 0.000 0.430 1.440 4.800 16.000 0.000 0.059 0.275 0.569 0.588 0.608 0.784 0.980 1.000 51.000 51.000 51.000 51.000 51.000 51.000 51.000 51.000 51.000 
m5c699r2.htb -16.000 -4.800 -1.440 -0.430 0.000 0.430 1.440 4.800 16.000 0.000 0.115 0.607 0.672 0.803 0.852 0.967 1.000 1.000 61.000 61.000 61.000 61.000 61.000 61.000 61.000 61.000 61.000 
m5c700r2.htb -16.000 -4.800 -1.440 -0.430 0.000 0.430 1.440 4.800 16.000 0.000 0.000 0.417 0.567 0.667 0.750 0.917 1.000 1.000 60.000 60.000 60.000 60.000 60.000 60.000 60.000 60.000 60.000 
m5c702r2.htb -16.000 -4.800 -1.440 -0.430 0.000 0.430 1.440 4.800 16.000 0.000 0.000 0.197 0.344 0.508 0.672 0.869 1.000 1.000 61.000 61.000 61.000 61.000 61.000 61.000 61.000 61.000 61.000 
m5c704r2.htb -16.000 -4.800 -1.440 -0.430 0.000 0.430 1.440 4.800 16.000 0.000 0.000 0.200 0.400 0.467 0.700 0.733 0.967 1.000 30.000 30.000 30.000 30.000 30.000 30.000 30.000 30.000 30.000 
m5c706r2.htb -16.000 -4.800 -1.440 -0.430 0.000 0.430 1.440 4.800 16.000 0.000 0.023 0.163 0.349 0.442 0.512 0.767 1.000 1.000 43.000 43.000 43.000 43.000 43.000 43.000 43.000 43.000 43.000 
m5c708r2.htb -16.000 -4.800 -1.440 -0.430 0.000 0.430 1.440 4.800 16.000 0.000 0.000 0.360 0.600 0.400 0.720 0.800 1.000 1.000 25.000 25.000 25.000 25.000 25.000 25.000 25.000 25.000 25.000 
m5c710r2.htb -16.000 -4.800 -1.440 -0.430 0.000 0.430 1.440 4.800 16.000 0.000 0.000 0.167 0.233 0.433 0.733 0.800 1.000 1.000 30.000 30.000 30.000 30.000 30.000 30.000 30.000 30.000 30.000 
m5c714r2.htb -16.000 -4.800 -1.440 -0.430 0.000 0.430 1.440 4.800 16.000 0.000 0.000 0.091 0.242 0.394 0.485 0.758 1.000 1.000 34.000 33.000 33.000 33.000 33.000 33.000 33.000 33.000 33.000 
m5c716r2.htb -16.000 -4.800 -1.440 -0.430 0.000 0.430 1.440 4.800 16.000 0.000 0.000 0.071 0.400 0.733 0.714 0.867 1.000 1.000 15.000 15.000 14.000 15.000 15.000 14.000 15.000 15.000 15.000 
m5c722r2.htb -16.000 -4.800 -1.440 -0.430 0.000 0.430 1.440 4.800 16.000 0.000 0.000 0.200 0.560 0.720 0.680 0.840 0.960 1.000 25.000 25.000 25.000 25.000 25.000 25.000 25.000 25.000 25.000 
m5c724r2.htb -16.000 -4.800 -1.440 -0.430 0.000 0.430 1.440 4.800 16.000 0.000 0.000 0.150 0.275 0.450 0.650 0.900 0.975 1.000 40.000 40.000 40.000 40.000 40.000 40.000 40.000 40.000 40.000 
m5c726r2.htb -16.000 -4.800 -1.440 -0.430 0.000 0.430 1.440 4.800 16.000 0.000 0.024 0.214 0.286 0.262 0.333 0.595 0.976 1.000 42.000 42.000 42.000 42.000 42.000 42.000 42.000 42.000 42.000 
m5c731r2.htb -16.000 -4.800 -1.440 -0.430 0.000 0.430 1.440 4.800 16.000 0.000 0.000 0.028 0.278 0.278 0.306 0.417 0.917 1.000 36.000 36.000 36.000 36.000 36.000 36.000 36.000 36.000 36.000 
m5c734r2.htb -16.000 -4.800 -1.440 -0.430 0.000 0.430 1.440 4.800 16.000 0.000 0.000 0.160 0.520 0.440 0.680 0.840 1.000 1.000 25.000 25.000 25.000 25.000 25.000 25.000 25.000 25.000 25.000 
m5c735r2.htb -16.000 -4.800 -1.440 -0.430 0.000 0.430 1.440 4.800 16.000 0.000 0.000 0.125 0.375 0.550 0.600 0.700 1.000 1.000 40.000 40.000 40.000 40.000 40.000 40.000 40.000 40.000 40.000 
m5c736r2.htb -16.000 -4.800 -1.440 -0.430 0.000 0.430 1.440 4.800 16.000 0.000 0.000 0.220 0.488 0.317 0.732 0.732 1.000 1.000 41.000 41.000 41.000 41.000 41.000 41.000 41.000 41.000 41.000 
