FILE	         Spon	 HTIve	 HTIvi	 VesP	 VisP	 VesPre	 VisPre	 VesSlo	 Vis
m5c293r1.htb	 87.13	    255.54	   161.74	   0.15	   0.00	   -0.78	    7.02	   -0.22	    
m5c305r1.htb	 98.76	    311.93	   95.46	   0.01	   0.01	   -0.00	    1.29	   -0.45	    
m5c311r1.htb	 82.67	    337.01	   189.45	   0.47	   0.00	   -0.38	    5.58	   -0.56	    
m5c318r2.htb	 55.20	    352.39	   158.31	   0.07	   0.00	   0.41	    4.15	   -0.60	    
m5c323r1.htb	 41.83	    140.49	   191.85	   0.78	   0.00	   0.09	    3.54	   0.19	    
m5c330r1.htb	 61.39	    197.13	   347.98	   0.28	   0.00	   0.75	    -11.17	   -0.50	    
m5c334r1.htb	 75.74	    218.64	   74.99	   0.88	   0.00	   -0.38	    -1.29	   -0.33	    
m5c341r1.htb	 68.07	    26.55	   176.09	   0.00	   0.00	   -1.10	    4.67	   -0.47	    
m5c347r1.htb	 65.74	    325.82	   189.20	   0.85	   0.00	   -0.58	    3.87	   -0.38	    
m5c352r1.htb	 77.97	    215.48	   247.13	   0.71	   0.00	   0.18	    1.37	   0.51	    
m5c358r1.htb	 72.28	    159.32	   338.90	   327.03	   0.16	   0.00	    0.00	   0.60	    -0.99	    -0.08	    -0.38	   
m5c364r1.htb	 85.35	    176.83	   43.98	   151.97	   0.04	   0.00	    0.00	   0.99	    -2.30	    0.86	    -0.01	   
m5c371r1.htb	 63.17	    70.81	   141.02	   108.35	   0.05	   0.00	    0.00	   0.35	    1.50	    2.34	    -0.44	   
m5c377r1.htb	 46.53	    300.32	   195.77	   212.41	   0.70	   0.00	    0.00	   0.84	    6.56	    3.07	    0.25	   
m5c381r2.htb	 61.39	    15.50	   169.96	   169.31	   0.09	   0.00	    0.00	   1.38	    7.60	    4.95	    -0.33	   
m5c385r1.htb	 60.20	    290.19	   169.92	   162.80	   0.12	   0.00	    0.00	   -0.78	    6.41	    14.11	    -0.41	   
m5c391r1.htb	 103.47	    257.18	   173.85	   186.90	   0.06	   0.01	    0.00	   0.89	    6.34	    8.41	    0.11	   
m5c398r1.htb	 61.58	    81.74	   184.42	   169.55	   0.64	   0.00	    0.00	   -1.42	    4.27	    3.29	    -0.36	   
m5c405r1.htb	 29.70	    323.16	   230.94	   233.83	   0.16	   0.00	    0.00	   -0.62	    1.45	    1.75	    0.27	   
m5c410r1.htb	 57.43	    208.13	   22.73	   237.17	   0.19	   0.77	    0.08	   1.28	    -1.08	    0.28	    -0.88	   
m5c414r1.htb	 36.63	    339.13	   224.95	   159.07	   0.06	   0.02	    0.06	   1.08	    1.31	    0.42	    0.07	   
m5c419r1.htb	 94.46	    233.37	   333.83	   226.02	   0.92	   0.13	    0.10	   -0.09	    -1.17	    -0.24	    -0.00	   
m5c426r4.htb	 8.91	    191.94	   60.90	   185.56	   0.00	   0.03	    0.00	   1.84	    0.30	    5.00	    -0.02	   
m5c431r1.htb	 51.65	    185.79	   75.10	   108.20	   0.05	   0.00	    0.01	   0.55	    0.02	    0.00	    0.10	   
m5c445r2.htb	 50.74	    84.37	   157.48	   149.46	   0.62	   0.08	    0.22	   -0.42	    2.19	    0.16	    -0.08	   
m5c453r2.htb	 23.10	    226.08	   164.89	   128.77	   0.89	   0.55	    0.31	   0.73	    0.99	    1.32	    0.63	   
m5c457r2.htb	 50.00	    280.66	   132.69	   122.06	   0.81	   0.05	    0.66	   -0.06	    0.67	    0.12	    -0.35	   
m5c463r1.htb	 54.85	    4.18	   218.35	   239.92	   0.24	   0.01	    0.01	   0.22	    4.93	    3.26	    -0.03	   
m5c467r2.htb	 57.92	    175.74	   218.71	   177.70	   0.48	   0.75	    0.04	   0.64	    0.96	    -0.97	    0.80	   
m5c471r2.htb	 87.87	    188.78	   54.82	   337.98	   0.94	   0.09	    0.63	   -0.65	    0.52	    -0.91	    -0.49	   
m5c475r2.htb	 12.08	    182.01	   178.10	   107.50	   0.59	   0.00	    0.03	   -0.44	    3.17	    1.41	    0.21	   
m5c479r2.htb	 45.54	    237.58	   301.80	   260.30	   0.02	   0.00	    0.07	   -0.37	    1.33	    1.01	    -0.10	   
m5c482r2.htb	 45.79	    312.25	   136.87	   188.02	   0.00	   0.71	    0.02	   0.30	    1.39	    -0.16	    0.22	   
m5c486r1.htb	 31.02	    352.16	   208.10	   207.45	   0.01	   0.00	    0.01	   -0.95	    7.23	    2.77	    -0.46	   
m5c490r2.htb	 34.23	    282.70	   198.58	   210.54	   0.00	   0.00	    0.00	   0.07	    4.72	    5.08	    0.10	   
m5c494r2.htb	 27.13	    269.10	   183.58	   223.32	   0.45	   0.01	    0.11	   -0.00	    2.27	    0.28	    0.01	   
m5c498r4.htb	 45.05	    172.75	   276.25	   252.71	   0.86	   0.00	    0.00	   1.24	    1.36	    4.30	    -0.15	   
m5c504r2.htb	 27.23	    224.40	   76.38	   135.56	   0.10	   0.00	    0.00	   0.45	    1.99	    2.08	    -0.46	   
m5c508r2.htb	 36.04	    322.34	   203.58	   207.57	   0.01	   0.00	    0.00	   -1.27	    3.52	    1.34	    -0.07	   
m5c391r1.htb	 1.000	 2.000	 3.000	 35.000	 0.580	 0.916	 0.861	 
m5c391r2.htb	 2.000	 100.000	 0.869	 
m5c398r1.htb	 1.000	 2.000	 3.000	 35.000	 2.206	 0.841	 0.794	 
m5c398r2.htb	 2.000	 35.000	 0.899	 
m5c405r4.htb	 1.000	 2.000	 100.000	 0.593	 0.890	 
m5c410r1.htb	 1.000	 2.000	 3.000	 36.000	 0.634	 -2.674	 0.305	 
m5c410r2.htb	 2.000	 100.000	 0.401	 
m5c414r1.htb	 1.000	 2.000	 3.000	 36.000	 0.333	 0.551	 0.426	 
m5c414r2.htb	 2.000	 100.000	 0.459	 
m5c419r1.htb	 1.000	 2.000	 3.000	 35.000	 -0.103	 4.068	 -0.341	 
m5c419r2.htb	 2.000	 100.000	 0.708	 
m5c426r1.htb	 1.000	 2.000	 3.000	 35.000	 0.162	 0.593	 0.356	 
m5c426r2.htb	 2.000	 100.000	 0.877	 
m5c426r4.htb	 1.000	 2.000	 3.000	 35.000	 0.702	 0.298	 0.830	 
m5c431r1.htb	 1.000	 2.000	 3.000	 36.000	 0.402	 -0.048	 0.023	 
m5c431r2.htb	 2.000	 100.000	 1.100	 
m5c445r2.htb	 1.000	 2.000	 3.000	 37.000	 -2.426	 0.715	 0.164	 
m5c445r1.htb	 2.000	 100.000	 0.339	 
m5c453r2.htb	 1.000	 2.000	 3.000	 37.000	 0.364	 0.618	 0.669	 
m5c453r1.htb	 2.000	 100.000	 0.779	 
m5c457r2.htb	 1.000	 2.000	 3.000	 37.000	 -0.228	 0.453	 0.285	 
m5c457r1.htb	 2.000	 100.000	 0.797	 
m5c463r1.htb	 1.000	 2.000	 3.000	 37.000	 0.354	 0.873	 0.777	 
m5c463r2.htb	 2.000	 100.000	 0.819	 
m5c467r2.htb	 1.000	 2.000	 3.000	 37.000	 0.146	 0.237	 -34.887	 
m5c467r1.htb	 2.000	 100.000	 1.402	 
m5c471r2.htb	 1.000	 2.000	 3.000	 37.000	 -0.701	 0.334	 1.791	 
m5c471r1.htb	 2.000	 100.000	 -0.198	 
m5c475r2.htb	 1.000	 2.000	 3.000	 37.000	 -13.346	 0.738	 0.582	 
m5c475r1.htb	 2.000	 100.000	 0.746	 
m5c479r2.htb	 1.000	 2.000	 3.000	 37.000	 0.101	 0.674	 0.282	 
m5c479r1.htb	 2.000	 100.000	 0.609	 
m5c482r2.htb	 1.000	 2.000	 3.000	 37.000	 0.222	 0.548	 -0.087	 
m5c482r1.htb	 2.000	 100.000	 0.835	 
m5c486r1.htb	 1.000	 2.000	 3.000	 37.000	 5.334	 0.893	 0.698	 
m5c486r2.htb	 2.000	 100.000	 0.925	 
m5c490r2.htb	 1.000	 2.000	 3.000	 37.000	 0.254	 0.798	 0.837	 
m5c490r1.htb	 2.000	 100.000	 0.884	 
m5c494r1.htb	 1.000	 2.000	 100.000	 -0.602	 0.840	 
m5c494r2.htb	 1.000	 2.000	 3.000	 37.000	 -0.031	 0.674	 0.276	 
m5c498r2.htb	 2.000	 100.000	 0.500	 
m5c498r4.htb	 1.000	 2.000	 3.000	 37.000	 0.625	 0.579	 0.846	 
m5c504r2.htb	 1.000	 2.000	 3.000	 37.000	 0.300	 0.657	 0.652	 
m5c504r1.htb	 2.000	 100.000	 0.437	 
m5c508r2.htb	 1.000	 2.000	 3.000	 37.000	 3.635	 0.767	 0.557	 
m5c508r1.htb	 2.000	 100.000	 0.881	 
m5c513r2.htb	 1.000	 2.000	 3.000	 37.000	 -0.956	 0.504	 -0.217	 
m5c513r1.htb	 2.000	 100.000	 1.473	 
m5c518r2.htb	 1.000	 2.000	 3.000	 37.000	 0.226	 -0.082	 0.311	 
m5c518r1.htb	 2.000	 100.000	 1.198	 
m5c522r2.htb	 1.000	 2.000	 3.000	 37.000	 0.000	 0.786	 0.618	 
m5c522r1.htb	 2.000	 100.000	 0.866	 
m5c526r1.htb	 2.000	 100.000	 0.744	 
m5c526r2.htb	 1.000	 2.000	 3.000	 37.000	 0.521	 0.733	 0.666	 
m5c531r1.htb	 2.000	 100.000	 0.870	 
m5c531r2.htb	 1.000	 2.000	 3.000	 37.000	 0.577	 0.715	 0.697	 
m5c536r2.htb	 1.000	 2.000	 3.000	 37.000	 0.294	 1.376	 5.723	 
m5c536r1.htb	 2.000	 100.000	 1.193	 
m5c540r1.htb	 2.000	 100.000	 0.847	 
m5c540r2.htb	 1.000	 2.000	 3.000	 37.000	 0.278	 0.766	 0.764	 
m5c544r2.htb	 1.000	 2.000	 3.000	 37.000	 2.612	 -4.188	 0.365	 
m5c544r4.htb	 2.000	 100.000	 0.318	 
m5c548r2.htb	 1.000	 2.000	 3.000	 37.000	 -72.290	 0.602	 0.700	 
m5c548r1.htb	 2.000	 100.000	 0.881	 
m5c552r1.htb	 2.000	 100.000	 1.167	 
m5c552r2.htb	 1.000	 2.000	 3.000	 37.000	 0.343	 2.537	 2.506	 
m5c556r2.htb	 1.000	 2.000	 3.000	 37.000	 0.560	 0.636	 0.577	 
m5c556r1.htb	 2.000	 100.000	 0.636	 
m5c561r2.htb	 1.000	 2.000	 3.000	 37.000	 0.365	 0.646	 0.666	 
m5c561r1.htb	 2.000	 100.000	 0.798	 
m5c565r1.htb	 2.000	 100.000	 0.911	 
m5c565r2.htb	 1.000	 2.000	 3.000	 37.000	 0.383	 0.867	 0.685	 
m5c568r1.htb	 1.000	 2.000	 100.000	 0.220	 0.484	 
m5c574r2.htb	 1.000	 2.000	 3.000	 37.000	 -0.176	 12.293	 0.262	 
m5c574r1.htb	 2.000	 100.000	 1.449	 
m5c578r1.htb	 2.000	 100.000	 3.269	 
m5c578r2.htb	 1.000	 2.000	 3.000	 37.000	 0.654	 -4.119	 0.282	 
m5c583r2.htb	 1.000	 2.000	 3.000	 37.000	 -0.142	 0.424	 0.772	 
m5c583r1.htb	 2.000	 100.000	 0.213	 
m5c588r2.htb	 1.000	 2.000	 3.000	 37.000	 0.484	 0.745	 0.757	 
m5c588r1.htb	 2.000	 100.000	 0.773	 
m5c593r1.htb	 2.000	 100.000	 0.710	 
m5c593r2.htb	 1.000	 2.000	 3.000	 37.000	 -13.799	 -0.163	 -13.914	 
m5c598r2.htb	 1.000	 2.000	 3.000	 37.000	 0.643	 5.612	 -0.477	 
m5c598r1.htb	 2.000	 100.000	 3.932	 
m5c602r2.htb	 1.000	 2.000	 3.000	 38.000	 0.398	 1.557	 4.417	 
m5c602r1.htb	 2.000	 100.000	 1.229	 
m5c608r2.htb	 1.000	 2.000	 3.000	 37.000	 -0.149	 0.521	 0.633	 
m5c608r1.htb	 2.000	 100.000	 0.769	 
m5c614r2.htb	 1.000	 2.000	 3.000	 38.000	 0.172	 -2.510	 2.574	 
m5c614r1.htb	 2.000	 100.000	 1.087	 
m5c623r2.htb	 1.000	 2.000	 3.000	 38.000	 -1.165	 -87.008	 -1.263	 
m5c623r1.htb	 2.000	 100.000	 1.242	 
m5c627r2.htb	 1.000	 2.000	 3.000	 38.000	 3.690	 1.405	 2.082	 
m5c627r1.htb	 2.000	 100.000	 1.393	 
m5c631r2.htb	 1.000	 2.000	 3.000	 38.000	 0.521	 1.490	 2.951	 
m5c631r1.htb	 2.000	 100.000	 1.106	 
m5c634r1.htb	 1.000	 2.000	 100.000	 -0.135	 1.380	 
m5c634r2.htb	 1.000	 2.000	 3.000	 38.000	 -0.086	 1.396	 1.335	 
m5c638r2.htb	 1.000	 2.000	 3.000	 38.000	 -0.254	 -0.022	 3.905	 
m5c638r1.htb	 2.000	 100.000	 0.867	 
m5c642r2.htb	 1.000	 2.000	 3.000	 38.000	 -2.592	 0.772	 0.371	 
m5c642r1.htb	 2.000	 100.000	 0.831	 
m5c646r1.htb	 1.000	 2.000	 100.000	 0.097	 0.898	 
m5c646r2.htb	 2.000	 3.000	 38.000	 0.882	 0.745	 
m5c654r1.htb	 1.000	 2.000	 100.000	 -6.211	 1.043	 
m5c654r2.htb	 2.000	 3.000	 38.000	 1.962	 1.919	 
m5c656r1.htb	 1.000	 2.000	 100.000	 8.465	 1.387	 
m5c656r2.htb	 2.000	 3.000	 38.000	 -0.484	 2.081	 
m5c665r1.htb	 1.000	 2.000	 100.000	 0.566	 0.667	 
m5c665r2.htb	 2.000	 3.000	 38.000	 0.602	 0.653	 
m5c667r1.htb	 1.000	 2.000	 100.000	 -2.453	 0.676	 
m5c667r2.htb	 2.000	 3.000	 38.000	 0.568	 0.446	 
m5c671r1.htb	 1.000	 2.000	 100.000	 -0.111	 1.215	 
m5c671r2.htb	 2.000	 3.000	 39.000	 2.212	 1.723	 
m5c676r1.htb	 1.000	 2.000	 100.000	 -0.176	 -1.196	 
m5c676r2.htb	 2.000	 3.000	 39.000	 0.520	 0.132	 
m5c682r1.htb	 1.000	 2.000	 100.000	 15.433	 0.860	 
m5c682r2.htb	 2.000	 3.000	 39.000	 0.284	 0.513	 
m5c685r1.htb	 1.000	 2.000	 100.000	 0.223	 0.795	 
m5c685r2.htb	 2.000	 3.000	 39.000	 -0.030	 0.047	 
m5c745r1.htb	 1.000	 2.000	 100.000	 0.223	 0.928	 
m5c745r2.htb	 2.000	 3.000	 38.000	 0.766	 0.811	 
m5c755r1.htb	 1.000	 2.000	 100.000	 0.196	 0.915	 
m5c755r2.htb	 2.000	 3.000	 38.000	 0.704	 0.823	 
m5c759r1.htb	 1.000	 2.000	 100.000	 0.684	 -0.858	 
m5c759r2.htb	 2.000	 3.000	 38.000	 -2.254	 1.487	 
m5c762r1.htb	 1.000	 2.000	 100.000	 -0.917	 0.836	 
m5c762r2.htb	 2.000	 3.000	 40.000	 0.847	 0.693	 
m5c771r1.htb	 1.000	 2.000	 100.000	 -0.571	 0.849	 
m5c771r2.htb	 2.000	 3.000	 42.000	 0.799	 0.567	 
m5c777r1.htb	 1.000	 2.000	 100.000	 0.277	 1.149	 
m5c777r2.htb	 2.000	 3.000	 46.000	 1.159	 -5.204	 
m5c780r1.htb	 1.000	 2.000	 100.000	 -2.642	 1.373	 
m5c780r2.htb	 2.000	 3.000	 46.000	 -0.651	 -0.635	 
m5c785r1.htb	 1.000	 2.000	 100.000	 0.519	 1.108	 
m5c785r2.htb	 2.000	 3.000	 46.000	 1.736	 2.003	 
m5c795r1.htb	 1.000	 2.000	 100.000	 -0.313	 1.249	 
m5c795r2.htb	 2.000	 3.000	 50.000	 1.270	 1.225	 
m5c799r1.htb	 1.000	 2.000	 100.000	 0.416	 1.260	 
m5c799r2.htb	 2.000	 3.000	 58.000	 1.162	 1.158	 
m5c802r1.htb	 1.000	 2.000	 100.000	 -0.916	 0.595	 
m5c802r2.htb	 1.000	 2.000	 3.000	 55.000	 NaN	 NaN	 NaN	 
m5c807r1.htb	 1.000	 2.000	 100.000	 0.279	 1.723	 
m5c807r2.htb	 2.000	 3.000	 55.000	 0.586	 0.355	 
m5c814r1.htb	 1.000	 2.000	 100.000	 0.548	 0.416	 
m5c814r2.htb	 2.000	 3.000	 55.000	 3.611	 0.271	 
m5c818r1.htb	 1.000	 2.000	 100.000	 0.611	 0.749	 
m5c818r2.htb	 2.000	 3.000	 56.000	 0.612	 0.483	 
m5c821r1.htb	 1.000	 2.000	 100.000	 -0.788	 0.618	 
m5c821r2.htb	 2.000	 3.000	 56.000	 -1.152	 0.269	 
m5c828r1.htb	 1.000	 2.000	 100.000	 0.047	 0.854	 
m5c828r2.htb	 2.000	 3.000	 56.000	 0.511	 0.569	 
m5c832r1.htb	 1.000	 2.000	 100.000	 2.124	 0.708	 
m5c832r2.htb	 2.000	 3.000	 56.000	 -3.651	 0.239	 
m5c835r1.htb	 1.000	 2.000	 100.000	 0.607	 0.751	 
m5c835r2.htb	 1.000	 2.000	 100.000	 -1.328	 0.863	 
m5c838r1.htb	 1.000	 2.000	 100.000	 0.212	 1.252	 
m5c838r2.htb	 2.000	 3.000	 58.000	 1.338	 1.501	 
m5c862r1.htb	 1.000	 2.000	 100.000	 0.360	 0.858	 
m5c862r2.htb	 2.000	 3.000	 58.000	 0.777	 0.834	 
m13c4r1.htb	 1.000	 2.000	 100.000	 0.077	 0.813	 
m13c4r2.htb	 2.000	 3.000	 32.000	 0.642	 0.547	 
m13c7r1.htb	 1.000	 2.000	 100.000	 2.170	 0.881	 
m13c7r2.htb	 2.000	 3.000	 32.000	 0.624	 0.421	 
m13c11r1.htb	 1.000	 2.000	 100.000	 -0.108	 3.022	 
m13c11r2.htb	 2.000	 3.000	 32.000	 4.547	 0.254	 
m13c15r1.htb	 1.000	 2.000	 100.000	 -0.643	 0.770	 
m13c15r2.htb	 2.000	 3.000	 32.000	 0.528	 -23.844	 
m13c17r1.htb	 1.000	 2.000	 100.000	 33.136	 0.731	 
m13c17r2.htb	 2.000	 3.000	 32.000	 0.164	 0.551	 
m13c21r1.htb	 1.000	 2.000	 100.000	 0.088	 0.648	 
m13c21r2.htb	 2.000	 3.000	 32.000	 -0.509	 0.483	 
m13c27r1.htb	 1.000	 2.000	 100.000	 -5.872	 0.507	 
m13c27r2.htb	 2.000	 3.000	 32.000	 0.030	 -103.215	 
m13c30r1.htb	 1.000	 2.000	 100.000	 5.098	 0.814	 
m13c30r2.htb	 2.000	 3.000	 32.000	 0.701	 0.484	 
m13c36r1.htb	 1.000	 2.000	 100.000	 0.489	 1.155	 
m13c36r2.htb	 2.000	 3.000	 32.000	 1.408	 -4.077	 
m13c40r1.htb	 1.000	 2.000	 100.000	 0.455	 4.458	 
m13c40r2.htb	 2.000	 3.000	 30.000	 0.418	 -4.268	 
m13c44r1.htb	 1.000	 2.000	 100.000	 0.101	 0.616	 
m13c44r2.htb	 2.000	 3.000	 30.000	 0.498	 0.684	 
m13c49r1.htb	 1.000	 2.000	 100.000	 0.544	 0.475	 
m13c49r2.htb	 2.000	 3.000	 28.000	 -1.136	 0.568	 
m13c52r1.htb	 1.000	 2.000	 100.000	 0.305	 0.828	 
m13c52r2.htb	 2.000	 3.000	 30.000	 0.528	 0.713	 
m13c56r1.htb	 1.000	 2.000	 100.000	 0.542	 -1.064	 
m13c56r2.htb	 2.000	 3.000	 29.000	 -0.077	 -0.130	 
m13c59r1.htb	 1.000	 2.000	 100.000	 2.000	 1.268	 
m13c59r2.htb	 2.000	 3.000	 28.000	 1.289	 1.240	 
m13c63r1.htb	 1.000	 2.000	 100.000	 0.379	 1.277	 
m13c63r1.htb	 1.000	 2.000	 100.000	 0.379	 1.277	 
m13c75r1.htb	 1.000	 2.000	 100.000	 1.349	 0.925	 
m13c75r2.htb	 2.000	 3.000	 28.000	 0.707	 0.849	 
m13c78r1.htb	 1.000	 2.000	 100.000	 -0.339	 0.851	 
m13c78r2.htb	 2.000	 3.000	 28.000	 0.705	 0.517	 
m13c81r1.htb	 1.000	 2.000	 100.000	 -0.197	 0.770	 
m13c81r2.htb	 2.000	 3.000	 28.000	 0.845	 0.432	 
m13c86r1.htb	 1.000	 2.000	 100.000	 -0.515	 0.177	 
m13c86r2.htb	 2.000	 3.000	 28.000	 -0.097	 1.856	 
m13c89r1.htb	 1.000	 2.000	 100.000	 -64.614	 0.761	 
m13c89r2.htb	 2.000	 3.000	 26.000	 0.089	 0.682	 
m13c91r1.htb	 1.000	 2.000	 100.000	 -0.404	 0.876	 
m13c91r2.htb	 2.000	 3.000	 25.000	 0.755	 0.498	 
m13c94r1.htb	 1.000	 2.000	 100.000	 0.221	 -3.813	 
m13c94r2.htb	 2.000	 3.000	 26.000	 0.159	 0.035	 
m13c99r1.htb	 1.000	 2.000	 100.000	 0.454	 1.191	 
m13c99r2.htb	 2.000	 3.000	 26.000	 1.420	 -7.498	 
m13c102r1.htb	 1.000	 2.000	 100.000	 0.118	 0.411	 
m13c102r2.htb	 2.000	 3.000	 26.000	 1.983	 0.473	 
m13c105r1.htb	 1.000	 2.000	 100.000	 0.391	 1.193	 
m13c105r2.htb	 2.000	 3.000	 26.000	 1.240	 -0.827	 
m13c108r1.htb	 1.000	 2.000	 100.000	 0.442	 1.252	 
m13c108r2.htb	 2.000	 3.000	 26.000	 -2.220	 -2.212	 
m13c111r1.htb	 1.000	 2.000	 100.000	 0.784	 0.811	 
m13c111r2.htb	 2.000	 3.000	 26.000	 0.296	 0.861	 
m13c123r1.htb	 1.000	 2.000	 100.000	 0.644	 1.191	 
m13c123r2.htb	 2.000	 3.000	 24.000	 1.282	 1.224	 
m13c126r1.htb	 1.000	 2.000	 100.000	 -0.149	 0.760	 
m13c126r2.htb	 2.000	 3.000	 24.000	 0.614	 0.234	 
m13c133r1.htb	 1.000	 2.000	 100.000	 0.816	 0.586	 
m13c133r2.htb	 2.000	 3.000	 24.000	 0.657	 0.835	 
m13c137r1.htb	 1.000	 2.000	 100.000	 0.216	 0.709	 
m13c137r2.htb	 2.000	 3.000	 24.000	 -0.186	 -0.061	 
m13c146r1.htb	 1.000	 2.000	 100.000	 0.617	 1.191	 
m13c146r2.htb	 2.000	 3.000	 24.000	 -5.409	 32.963	 
m13c150r1.htb	 1.000	 2.000	 100.000	 -0.521	 0.490	 
m13c150r2.htb	 2.000	 3.000	 24.000	 5.002	 0.197	 
m13c154r1.htb	 1.000	 2.000	 100.000	 0.151	 1.216	 
m13c154r2.htb	 2.000	 3.000	 24.000	 2.872	 -1.546	 
m13c157r1.htb	 1.000	 2.000	 100.000	 0.056	 0.573	 
m13c157r2.htb	 2.000	 3.000	 24.000	 0.234	 -0.119	 
m13c160r1.htb	 1.000	 2.000	 100.000	 0.240	 0.585	 
m13c160r2.htb	 2.000	 3.000	 24.000	 0.131	 0.538	 
m13c163r1.htb	 1.000	 2.000	 100.000	 20.179	 0.824	 
m13c163r2.htb	 2.000	 3.000	 24.000	 0.687	 0.569	 
m13c171r1.htb	 1.000	 2.000	 100.000	 0.108	 0.656	 
m13c171r2.htb	 2.000	 3.000	 24.000	 0.686	 0.594	 
m13c174r1.htb	 1.000	 2.000	 100.000	 -1.167	 0.090	 
m13c174r2.htb	 2.000	 3.000	 24.000	 0.162	 0.632	 
m13c177r1.htb	 1.000	 2.000	 100.000	 0.761	 0.866	 
m13c177r2.htb	 2.000	 3.000	 24.000	 0.595	 0.842	 
m13c180r1.htb	 1.000	 2.000	 100.000	 -54.033	 0.602	 
m13c180r2.htb	 2.000	 3.000	 24.000	 0.561	 1.855	 
m13c189r1.htb	 1.000	 2.000	 100.000	 -5.126	 0.312	 
m13c189r2.htb	 2.000	 3.000	 24.000	 0.007	 0.653	 
m13c192r1.htb	 1.000	 2.000	 100.000	 0.237	 2.454	 
m13c192r2.htb	 2.000	 3.000	 24.000	 0.602	 -0.512	 
m13c202r1.htb	 1.000	 2.000	 100.000	 -0.386	 1.502	 
m13c202r2.htb	 2.000	 3.000	 24.000	 0.462	 0.351	 
m13c207r1.htb	 1.000	 2.000	 100.000	 0.142	 6.144	 
m13c207r2.htb	 2.000	 3.000	 24.000	 -0.824	 1.810	 
m13c211r1.htb	 1.000	 2.000	 100.000	 0.167	 0.538	 
m13c211r2.htb	 2.000	 3.000	 24.000	 -33.729	 2.480	 
m13c217r1.htb	 1.000	 2.000	 100.000	 7.088	 -1.086	 
m13c217r2.htb	 2.000	 3.000	 24.000	 -0.540	 -0.529	 
m13c220r1.htb	 1.000	 2.000	 100.000	 -6.825	 0.045	 
m13c220r2.htb	 2.000	 3.000	 24.000	 0.337	 1.388	 
m13c228r1.htb	 1.000	 2.000	 100.000	 0.233	 0.233	 
m13c228r2.htb	 2.000	 3.000	 24.000	 0.306	 0.397	 
m13c232r1.htb	 1.000	 2.000	 100.000	 0.443	 1.473	 
m13c232r2.htb	 2.000	 3.000	 24.000	 -2.123	 2.737	 
m13c235r1.htb	 1.000	 2.000	 100.000	 0.115	 5.020	 
m13c235r2.htb	 2.000	 3.000	 24.000	 1.371	 -0.321	 
m13c240r1.htb	 1.000	 2.000	 100.000	 -2.539	 0.245	 
m13c240r2.htb	 2.000	 3.000	 24.000	 0.880	 0.749	 
m13c249r1.htb	 1.000	 2.000	 100.000	 -2.012	 0.649	 
m13c249r2.htb	 2.000	 3.000	 24.000	 0.175	 -1.321	 
m13c254r1.htb	 1.000	 2.000	 100.000	 0.057	 0.856	 
m13c254r2.htb	 2.000	 3.000	 24.000	 0.627	 0.312	 
m13c259r1.htb	 1.000	 2.000	 100.000	 -0.748	 0.773	 
m13c259r2.htb	 2.000	 3.000	 24.000	 0.598	 0.656	 
m13c270r1.htb	 1.000	 2.000	 100.000	 0.328	 2.281	 
m13c270r2.htb	 2.000	 3.000	 25.000	 2.055	 -6.855	 
m13c275r1.htb	 1.000	 2.000	 100.000	 -0.796	 0.676	 
m13c275r2.htb	 2.000	 3.000	 25.000	 -1.593	 0.551	 
m13c279r1.htb	 1.000	 2.000	 100.000	 0.191	 0.625	 
m13c279r2.htb	 2.000	 3.000	 25.000	 0.151	 1.778	 
m13c283r1.htb	 1.000	 2.000	 100.000	 0.050	 0.658	 
m13c283r2.htb	 2.000	 3.000	 25.000	 0.435	 0.580	 
m13c287r1.htb	 1.000	 2.000	 100.000	 0.539	 0.660	 
m13c287r2.htb	 2.000	 3.000	 25.000	 0.220	 0.590	 
m13c291r1.htb	 1.000	 2.000	 100.000	 -0.367	 1.582	 
m13c291r2.htb	 2.000	 3.000	 25.000	 -0.418	 -77.202	 
m13c295r1.htb	 1.000	 2.000	 100.000	 -0.636	 0.773	 
m13c295r2.htb	 2.000	 3.000	 25.000	 0.548	 0.563	 
m13c298r1.htb	 1.000	 2.000	 100.000	 0.566	 1.380	 
m13c298r2.htb	 2.000	 3.000	 25.000	 1.565	 0.468	 
m13c301r1.htb	 1.000	 2.000	 100.000	 0.506	 -3.509	 
m13c301r2.htb	 2.000	 3.000	 25.000	 3.246	 0.385	 
m13c305r1.htb	 1.000	 2.000	 100.000	 0.695	 1.229	 
m13c305r2.htb	 2.000	 3.000	 25.000	 1.267	 0.292	 
m13c308r1.htb	 1.000	 2.000	 100.000	 -0.171	 0.604	 
m13c308r2.htb	 2.000	 3.000	 25.000	 -0.595	 2.918	 
m13c312r1.htb	 1.000	 2.000	 100.000	 -1.448	 1.128	 
m13c312r2.htb	 2.000	 3.000	 25.000	 1.936	 668.623	 
m13c317r1.htb	 1.000	 2.000	 100.000	 0.647	 1.588	 
m13c317r2.htb	 2.000	 3.000	 25.000	 1.661	 0.312	 
m13c321r1.htb	 1.000	 2.000	 100.000	 -0.889	 1.108	 
m13c321r2.htb	 2.000	 3.000	 25.000	 2.266	 -0.836	 
m13c324r1.htb	 1.000	 2.000	 100.000	 -0.967	 2.615	 
m13c324r2.htb	 2.000	 3.000	 25.000	 -1.857	 0.404	 
m13c327r1.htb	 1.000	 2.000	 100.000	 -1.234	 0.787	 
m13c327r2.htb	 2.000	 3.000	 25.000	 0.652	 0.572	 
