FILE	 Spon	 VesPref	 VisPref	 VesP	 VisP	 VesDDI	 VisDDI	 Congruency
m5c391r1.htb	 1.000	 2.000	 3.000	 35.000	 0.580	 0.916	 0.861	 
m5c391r2.htb	 2.000	 100.000	 0.869	 
m5c398r1.htb	 1.000	 2.000	 3.000	 35.000	 -0.647	 0.841	 0.794	 
m5c398r2.htb	 2.000	 35.000	 0.899	 
m5c405r4.htb	 1.000	 2.000	 100.000	 0.593	 0.890	 
m5c410r1.htb	 1.000	 2.000	 3.000	 36.000	 0.634	 -0.421	 0.305	 
m5c410r2.htb	 2.000	 100.000	 0.401	 
m5c414r1.htb	 1.000	 2.000	 3.000	 36.000	 0.333	 0.551	 0.426	 
m5c414r2.htb	 2.000	 100.000	 0.459	 
m5c419r1.htb	 1.000	 2.000	 3.000	 35.000	 -0.085	 -0.570	 -0.203	 
m5c419r2.htb	 2.000	 100.000	 0.708	 
m5c426r1.htb	 1.000	 2.000	 3.000	 35.000	 0.162	 0.593	 0.356	 
m5c426r2.htb	 2.000	 100.000	 0.877	 
m5c426r4.htb	 1.000	 2.000	 3.000	 35.000	 0.702	 0.298	 0.830	 
m5c431r1.htb	 1.000	 2.000	 3.000	 36.000	 0.402	 -0.043	 0.023	 
m5c431r2.htb	 2.000	 100.000	 -0.917	 
m5c445r2.htb	 1.000	 2.000	 3.000	 37.000	 -0.415	 0.715	 0.164	 
m5c445r1.htb	 2.000	 100.000	 0.339	 
m5c453r2.htb	 1.000	 2.000	 3.000	 37.000	 0.364	 0.618	 0.669	 
m5c453r1.htb	 2.000	 100.000	 0.779	 
m5c457r2.htb	 1.000	 2.000	 3.000	 37.000	 -0.157	 0.453	 0.285	 
m5c457r1.htb	 2.000	 100.000	 0.797	 
m5c463r1.htb	 1.000	 2.000	 3.000	 37.000	 0.354	 0.873	 0.777	 
m5c463r2.htb	 2.000	 100.000	 0.819	 
m5c467r2.htb	 1.000	 2.000	 3.000	 37.000	 0.146	 0.237	 -0.493	 
m5c467r1.htb	 2.000	 100.000	 -0.777	 
m5c471r2.htb	 1.000	 2.000	 3.000	 37.000	 -0.292	 0.334	 -0.694	 
m5c471r1.htb	 2.000	 100.000	 -0.142	 
m5c475r2.htb	 1.000	 2.000	 3.000	 37.000	 -0.482	 0.738	 0.582	 
m5c475r1.htb	 2.000	 100.000	 0.746	 
m5c479r2.htb	 1.000	 2.000	 3.000	 37.000	 0.101	 0.674	 0.282	 
m5c479r1.htb	 2.000	 100.000	 0.609	 
m5c482r2.htb	 1.000	 2.000	 3.000	 37.000	 0.222	 0.548	 -0.074	 
m5c482r1.htb	 2.000	 100.000	 0.835	 
m5c486r1.htb	 1.000	 2.000	 3.000	 37.000	 -0.552	 0.893	 0.698	 
m5c486r2.htb	 2.000	 100.000	 0.925	 
m5c490r2.htb	 1.000	 2.000	 3.000	 37.000	 0.254	 0.798	 0.837	 
m5c490r1.htb	 2.000	 100.000	 0.884	 
m5c494r1.htb	 1.000	 2.000	 100.000	 -0.273	 0.840	 
m5c494r2.htb	 1.000	 2.000	 3.000	 37.000	 -0.030	 0.674	 0.276	 
m5c498r2.htb	 2.000	 100.000	 0.500	 
m5c498r4.htb	 1.000	 2.000	 3.000	 37.000	 0.625	 0.579	 0.846	 
m5c504r2.htb	 1.000	 2.000	 3.000	 37.000	 0.300	 0.657	 0.652	 
m5c504r1.htb	 2.000	 100.000	 0.437	 
m5c508r2.htb	 1.000	 2.000	 3.000	 37.000	 -0.580	 0.767	 0.557	 
m5c508r1.htb	 2.000	 100.000	 0.881	 
m5c513r2.htb	 1.000	 2.000	 3.000	 37.000	 -0.328	 0.504	 -0.151	 
m5c513r1.htb	 2.000	 100.000	 -0.757	 
m5c518r2.htb	 1.000	 2.000	 3.000	 37.000	 0.226	 -0.070	 0.311	 
m5c518r1.htb	 2.000	 100.000	 -0.858	 
m5c522r2.htb	 1.000	 2.000	 3.000	 37.000	 0.000	 0.786	 0.618	 
m5c522r1.htb	 2.000	 100.000	 0.866	 
m5c526r1.htb	 2.000	 100.000	 0.744	 
m5c526r2.htb	 1.000	 2.000	 3.000	 37.000	 0.521	 0.733	 0.666	 
m5c531r1.htb	 2.000	 100.000	 0.870	 
m5c531r2.htb	 1.000	 2.000	 3.000	 37.000	 0.577	 0.715	 0.697	 
m5c536r2.htb	 1.000	 2.000	 3.000	 37.000	 0.294	 -0.785	 -0.548	 
m5c536r1.htb	 2.000	 100.000	 -0.861	 
m5c540r1.htb	 2.000	 100.000	 0.847	 
m5c540r2.htb	 1.000	 2.000	 3.000	 37.000	 0.278	 0.766	 0.764	 
m5c544r2.htb	 1.000	 2.000	 3.000	 37.000	 -0.618	 -0.447	 0.365	 
m5c544r4.htb	 2.000	 100.000	 0.318	 
m5c548r2.htb	 1.000	 2.000	 3.000	 37.000	 -0.497	 0.602	 0.700	 
m5c548r1.htb	 2.000	 100.000	 0.881	 
m5c552r1.htb	 2.000	 100.000	 -0.875	 
m5c552r2.htb	 1.000	 2.000	 3.000	 37.000	 0.343	 -0.623	 -0.625	 
m5c556r2.htb	 1.000	 2.000	 3.000	 37.000	 0.560	 0.636	 0.577	 
m5c556r1.htb	 2.000	 100.000	 0.636	 
m5c561r2.htb	 1.000	 2.000	 3.000	 37.000	 0.365	 0.646	 0.666	 
m5c561r1.htb	 2.000	 100.000	 0.798	 
m5c565r1.htb	 2.000	 100.000	 0.911	 
m5c565r2.htb	 1.000	 2.000	 3.000	 37.000	 0.383	 0.867	 0.685	 
m5c568r1.htb	 1.000	 2.000	 100.000	 0.220	 0.484	 
m5c574r2.htb	 1.000	 2.000	 3.000	 37.000	 -0.130	 -0.521	 0.262	 
m5c574r1.htb	 2.000	 100.000	 -0.763	 
m5c578r1.htb	 2.000	 100.000	 -0.590	 
m5c578r2.htb	 1.000	 2.000	 3.000	 37.000	 0.654	 -0.446	 0.282	 
m5c583r2.htb	 1.000	 2.000	 3.000	 37.000	 -0.110	 0.424	 0.772	 
m5c583r1.htb	 2.000	 100.000	 0.213	 
m5c588r2.htb	 1.000	 2.000	 3.000	 37.000	 0.484	 0.745	 0.757	 
m5c588r1.htb	 2.000	 100.000	 0.773	 
m5c593r1.htb	 2.000	 100.000	 0.710	 
m5c593r2.htb	 1.000	 2.000	 3.000	 37.000	 -0.483	 -0.123	 -0.483	 
m5c598r2.htb	 1.000	 2.000	 3.000	 37.000	 0.643	 -0.549	 -0.244	 
m5c598r1.htb	 2.000	 100.000	 -0.573	 
m5c602r2.htb	 1.000	 2.000	 3.000	 38.000	 0.398	 -0.737	 -0.564	 
m5c602r1.htb	 2.000	 100.000	 -0.843	 
m5c608r2.htb	 1.000	 2.000	 3.000	 37.000	 -0.115	 0.521	 0.633	 
m5c608r1.htb	 2.000	 100.000	 0.769	 
m5c614r2.htb	 1.000	 2.000	 3.000	 38.000	 0.172	 -0.417	 -0.621	 
m5c614r1.htb	 2.000	 100.000	 -0.926	 
m5c623r2.htb	 1.000	 2.000	 3.000	 38.000	 -0.350	 -0.497	 -0.358	 
m5c623r1.htb	 2.000	 100.000	 -0.837	 
m5c627r2.htb	 1.000	 2.000	 3.000	 38.000	 -0.578	 -0.776	 -0.658	 
m5c627r1.htb	 2.000	 100.000	 -0.780	 
m5c631r2.htb	 1.000	 2.000	 3.000	 38.000	 0.521	 -0.752	 -0.602	 
m5c631r1.htb	 2.000	 100.000	 -0.912	 
m5c634r1.htb	 1.000	 2.000	 100.000	 -0.106	 -0.784	 
m5c634r2.htb	 1.000	 2.000	 3.000	 38.000	 -0.073	 -0.779	 -0.799	 
m5c638r2.htb	 1.000	 2.000	 3.000	 38.000	 -0.168	 -0.021	 -0.573	 
m5c638r1.htb	 2.000	 100.000	 0.867	 
m5c642r2.htb	 1.000	 2.000	 3.000	 38.000	 -0.419	 0.772	 0.371	 
m5c642r1.htb	 2.000	 100.000	 0.831	 
m5c646r1.htb	 1.000	 2.000	 100.000	 0.097	 0.898	 
m5c646r2.htb	 2.000	 3.000	 38.000	 0.882	 0.745	 
m5c654r1.htb	 1.000	 2.000	 100.000	 -0.463	 -0.961	 
m5c654r2.htb	 2.000	 3.000	 38.000	 -0.671	 -0.676	 
m5c656r1.htb	 1.000	 2.000	 100.000	 -0.531	 -0.782	 
m5c656r2.htb	 2.000	 3.000	 38.000	 -0.246	 -0.658	 
m5c665r1.htb	 1.000	 2.000	 100.000	 0.566	 0.667	 
m5c665r2.htb	 2.000	 3.000	 38.000	 0.602	 0.653	 
m5c667r1.htb	 1.000	 2.000	 100.000	 -0.415	 0.676	 
m5c667r2.htb	 2.000	 3.000	 38.000	 0.568	 0.446	 
m5c671r1.htb	 1.000	 2.000	 100.000	 -0.091	 -0.850	 
m5c671r2.htb	 2.000	 3.000	 39.000	 -0.646	 -0.704	 
m5c676r1.htb	 1.000	 2.000	 100.000	 -0.130	 -0.353	 
m5c676r2.htb	 2.000	 3.000	 39.000	 0.520	 0.132	 
m5c682r1.htb	 1.000	 2.000	 100.000	 -0.517	 0.860	 
m5c682r2.htb	 2.000	 3.000	 39.000	 0.284	 0.513	 
m5c685r1.htb	 1.000	 2.000	 100.000	 0.223	 0.795	 
m5c685r2.htb	 2.000	 3.000	 39.000	 -0.029	 0.047	 
m5c745r1.htb	 1.000	 2.000	 100.000	 0.223	 0.928	 
m5c745r2.htb	 2.000	 3.000	 38.000	 0.766	 0.811	 
m5c755r1.htb	 1.000	 2.000	 100.000	 0.196	 0.915	 
m5c755r2.htb	 2.000	 3.000	 38.000	 0.704	 0.823	 
m5c759r1.htb	 1.000	 2.000	 100.000	 0.684	 -0.316	 
m5c759r2.htb	 2.000	 3.000	 38.000	 -0.409	 -0.753	 
m5c762r1.htb	 1.000	 2.000	 100.000	 -0.324	 0.836	 
m5c762r2.htb	 2.000	 3.000	 40.000	 0.847	 0.693	 
m5c771r1.htb	 1.000	 2.000	 100.000	 -0.267	 0.849	 
m5c771r2.htb	 2.000	 3.000	 42.000	 0.799	 0.567	 
m5c777r1.htb	 1.000	 2.000	 100.000	 0.277	 -0.885	 
m5c777r2.htb	 2.000	 3.000	 46.000	 -0.879	 -0.456	 
m5c780r1.htb	 1.000	 2.000	 100.000	 -0.420	 -0.786	 
m5c780r2.htb	 2.000	 3.000	 46.000	 -0.283	 -0.280	 
m5c785r1.htb	 1.000	 2.000	 100.000	 0.519	 -0.911	 
m5c785r2.htb	 2.000	 3.000	 46.000	 -0.702	 -0.666	 
m5c795r1.htb	 1.000	 2.000	 100.000	 -0.193	 -0.834	 
m5c795r2.htb	 2.000	 3.000	 50.000	 -0.825	 -0.845	 
m5c799r1.htb	 1.000	 2.000	 100.000	 0.416	 -0.829	 
m5c799r2.htb	 2.000	 3.000	 58.000	 -0.877	 -0.880	 
m5c802r1.htb	 1.000	 2.000	 100.000	 -0.323	 0.595	 
m5c802r5.htb	 2.000	 3.000	 55.000	 0.680	 0.086	 
m5c807r1.htb	 1.000	 2.000	 100.000	 0.279	 -0.704	 
m5c807r2.htb	 2.000	 3.000	 55.000	 0.586	 0.355	 
m5c814r1.htb	 1.000	 2.000	 100.000	 0.548	 0.416	 
m5c814r2.htb	 2.000	 3.000	 55.000	 -0.580	 0.271	 
m5c818r1.htb	 1.000	 2.000	 100.000	 0.611	 0.749	 
m5c818r2.htb	 2.000	 3.000	 56.000	 0.612	 0.483	 
m5c821r1.htb	 1.000	 2.000	 100.000	 -0.306	 0.618	 
m5c821r2.htb	 2.000	 3.000	 56.000	 -0.349	 0.269	 
m5c828r1.htb	 1.000	 2.000	 100.000	 0.047	 0.854	 
m5c828r2.htb	 2.000	 3.000	 56.000	 0.511	 0.569	 
m5c832r1.htb	 1.000	 2.000	 100.000	 -0.654	 0.708	 
m5c832r2.htb	 2.000	 3.000	 56.000	 -0.440	 0.239	 
m5c835r1.htb	 1.000	 2.000	 100.000	 0.607	 0.751	 
m5c835r2.htb	 1.000	 2.000	 100.000	 -0.363	 0.863	 
m5c838r1.htb	 1.000	 2.000	 100.000	 0.212	 -0.832	 
m5c838r2.htb	 2.000	 3.000	 58.000	 -0.798	 -0.750	 
m5c862r1.htb	 1.000	 2.000	 100.000	 0.360	 0.858	 
m5c862r2.htb	 2.000	 3.000	 58.000	 0.777	 0.834	 
m13c4r1.htb	 1.000	 2.000	 100.000	 0.077	 0.813	 
m13c4r2.htb	 2.000	 3.000	 32.000	 0.642	 0.547	 
m13c7r1.htb	 1.000	 2.000	 100.000	 -0.650	 0.881	 
m13c7r2.htb	 2.000	 3.000	 32.000	 0.624	 0.421	 
m13c11r1.htb	 1.000	 2.000	 100.000	 -0.089	 -0.599	 
m13c11r2.htb	 2.000	 3.000	 32.000	 -0.562	 0.254	 
m13c15r1.htb	 1.000	 2.000	 100.000	 -0.281	 0.770	 
m13c15r2.htb	 2.000	 3.000	 32.000	 0.528	 -0.490	 
m13c17r1.htb	 1.000	 2.000	 100.000	 -0.508	 0.731	 
m13c17r2.htb	 2.000	 3.000	 32.000	 0.164	 0.551	 
m13c21r1.htb	 1.000	 2.000	 100.000	 0.088	 0.648	 
m13c21r2.htb	 2.000	 3.000	 32.000	 -0.252	 0.483	 
m13c27r1.htb	 1.000	 2.000	 100.000	 -0.461	 0.507	 
m13c27r2.htb	 2.000	 3.000	 32.000	 0.030	 -0.498	 
m13c30r1.htb	 1.000	 2.000	 100.000	 -0.554	 0.814	 
m13c30r2.htb	 2.000	 3.000	 32.000	 0.701	 0.484	 
m13c36r1.htb	 1.000	 2.000	 100.000	 0.489	 -0.881	 
m13c36r2.htb	 2.000	 3.000	 32.000	 -0.775	 -0.445	 
m13c40r1.htb	 1.000	 2.000	 100.000	 0.455	 -0.563	 
m13c40r2.htb	 2.000	 3.000	 30.000	 0.418	 -0.448	 
m13c44r1.htb	 1.000	 2.000	 100.000	 0.101	 0.616	 
m13c44r2.htb	 2.000	 3.000	 30.000	 0.498	 0.684	 
m13c49r1.htb	 1.000	 2.000	 100.000	 0.544	 0.475	 
m13c49r2.htb	 2.000	 3.000	 28.000	 -0.347	 0.568	 
m13c52r1.htb	 1.000	 2.000	 100.000	 0.305	 0.828	 
m13c52r2.htb	 2.000	 3.000	 30.000	 0.528	 0.713	 
m13c56r1.htb	 1.000	 2.000	 100.000	 0.542	 -0.340	 
m13c56r2.htb	 2.000	 3.000	 29.000	 -0.067	 -0.103	 
m13c59r1.htb	 1.000	 2.000	 100.000	 -0.667	 -0.825	 
m13c59r2.htb	 2.000	 3.000	 28.000	 -0.817	 -0.838	 
m13c63r1.htb	 1.000	 2.000	 100.000	 0.379	 -0.822	 
m13c63r1.htb	 1.000	 2.000	 100.000	 0.379	 -0.822	 
m13c75r1.htb	 1.000	 2.000	 100.000	 -0.795	 0.925	 
m13c75r2.htb	 2.000	 3.000	 28.000	 0.707	 0.849	 
m13c78r1.htb	 1.000	 2.000	 100.000	 -0.202	 0.851	 
m13c78r2.htb	 2.000	 3.000	 28.000	 0.705	 0.517	 
m13c81r1.htb	 1.000	 2.000	 100.000	 -0.141	 0.770	 
m13c81r2.htb	 2.000	 3.000	 28.000	 0.845	 0.432	 
m13c86r1.htb	 1.000	 2.000	 100.000	 -0.254	 0.177	 
m13c86r2.htb	 2.000	 3.000	 28.000	 -0.081	 -0.684	 
m13c89r1.htb	 1.000	 2.000	 100.000	 -0.496	 0.761	 
m13c89r2.htb	 2.000	 3.000	 26.000	 0.089	 0.682	 
m13c91r1.htb	 1.000	 2.000	 100.000	 -0.224	 0.876	 
m13c91r2.htb	 2.000	 3.000	 25.000	 0.755	 0.498	 
m13c94r1.htb	 1.000	 2.000	 100.000	 0.221	 -0.442	 
m13c94r2.htb	 2.000	 3.000	 26.000	 0.159	 0.035	 
m13c99r1.htb	 1.000	 2.000	 100.000	 0.454	 -0.862	 
m13c99r2.htb	 2.000	 3.000	 26.000	 -0.772	 -0.469	 
m13c102r1.htb	 1.000	 2.000	 100.000	 0.118	 0.411	 
m13c102r2.htb	 2.000	 3.000	 26.000	 -0.669	 0.473	 
m13c105r1.htb	 1.000	 2.000	 100.000	 0.391	 -0.861	 
m13c105r2.htb	 2.000	 3.000	 26.000	 -0.838	 -0.312	 
m13c108r1.htb	 1.000	 2.000	 100.000	 0.442	 -0.832	 
m13c108r2.htb	 2.000	 3.000	 26.000	 -0.408	 -0.408	 
m13c111r1.htb	 1.000	 2.000	 100.000	 0.784	 0.811	 
m13c111r2.htb	 2.000	 3.000	 26.000	 0.296	 0.861	 
m13c123r1.htb	 1.000	 2.000	 100.000	 0.644	 -0.862	 
m13c123r2.htb	 2.000	 3.000	 24.000	 -0.820	 -0.845	 
m13c126r1.htb	 1.000	 2.000	 100.000	 -0.115	 0.760	 
m13c126r2.htb	 2.000	 3.000	 24.000	 0.614	 0.234	 
m13c133r1.htb	 1.000	 2.000	 100.000	 0.816	 0.586	 
m13c133r2.htb	 2.000	 3.000	 24.000	 0.657	 0.835	 
m13c137r1.htb	 1.000	 2.000	 100.000	 0.216	 0.709	 
m13c137r2.htb	 2.000	 3.000	 24.000	 -0.135	 -0.054	 
m13c146r1.htb	 1.000	 2.000	 100.000	 0.617	 -0.862	 
m13c146r2.htb	 2.000	 3.000	 24.000	 -0.458	 -0.508	 
m13c150r1.htb	 1.000	 2.000	 100.000	 -0.255	 0.490	 
m13c150r2.htb	 2.000	 3.000	 24.000	 -0.556	 0.197	 
m13c154r1.htb	 1.000	 2.000	 100.000	 0.151	 -0.849	 
m13c154r2.htb	 2.000	 3.000	 24.000	 -0.605	 -0.378	 
m13c157r1.htb	 1.000	 2.000	 100.000	 0.056	 0.573	 
m13c157r2.htb	 2.000	 3.000	 24.000	 0.234	 -0.096	 
m13c160r1.htb	 1.000	 2.000	 100.000	 0.240	 0.585	 
m13c160r2.htb	 2.000	 3.000	 24.000	 0.131	 0.538	 
m13c163r1.htb	 1.000	 2.000	 100.000	 -0.513	 0.824	 
m13c163r2.htb	 2.000	 3.000	 24.000	 0.687	 0.569	 
m13c171r1.htb	 1.000	 2.000	 100.000	 0.108	 0.656	 
m13c171r2.htb	 2.000	 3.000	 24.000	 0.686	 0.594	 
m13c174r1.htb	 1.000	 2.000	 100.000	 -0.350	 0.090	 
m13c174r2.htb	 2.000	 3.000	 24.000	 0.162	 0.632	 
m13c177r1.htb	 1.000	 2.000	 100.000	 0.761	 0.866	 
m13c177r2.htb	 2.000	 3.000	 24.000	 0.595	 0.842	 
m13c180r1.htb	 1.000	 2.000	 100.000	 -0.495	 0.602	 
m13c180r2.htb	 2.000	 3.000	 24.000	 0.561	 -0.685	 
m13c189r1.htb	 1.000	 2.000	 100.000	 -0.456	 0.312	 
m13c189r2.htb	 2.000	 3.000	 24.000	 0.007	 0.653	 
m13c192r1.htb	 1.000	 2.000	 100.000	 0.237	 -0.628	 
m13c192r2.htb	 2.000	 3.000	 24.000	 0.602	 -0.253	 
m13c202r1.htb	 1.000	 2.000	 100.000	 -0.218	 -0.749	 
m13c202r2.htb	 2.000	 3.000	 24.000	 0.462	 0.351	 
m13c207r1.htb	 1.000	 2.000	 100.000	 0.142	 -0.544	 
m13c207r2.htb	 2.000	 3.000	 24.000	 -0.311	 -0.691	 
m13c211r1.htb	 1.000	 2.000	 100.000	 0.167	 0.538	 
m13c211r2.htb	 2.000	 3.000	 24.000	 -0.493	 -0.626	 
m13c217r1.htb	 1.000	 2.000	 100.000	 -0.538	 -0.342	 
m13c217r2.htb	 2.000	 3.000	 24.000	 -0.260	 -0.257	 
m13c220r1.htb	 1.000	 2.000	 100.000	 -0.466	 0.045	 
m13c220r2.htb	 2.000	 3.000	 24.000	 0.337	 -0.781	 
m13c228r1.htb	 1.000	 2.000	 100.000	 0.233	 0.233	 
m13c228r2.htb	 2.000	 3.000	 24.000	 0.306	 0.397	 
m13c232r1.htb	 1.000	 2.000	 100.000	 0.443	 -0.757	 
m13c232r2.htb	 2.000	 3.000	 24.000	 -0.405	 -0.612	 
m13c235r1.htb	 1.000	 2.000	 100.000	 0.115	 -0.555	 
m13c235r2.htb	 2.000	 3.000	 24.000	 -0.787	 -0.195	 
m13c240r1.htb	 1.000	 2.000	 100.000	 -0.418	 0.245	 
m13c240r2.htb	 2.000	 3.000	 24.000	 0.880	 0.749	 
m13c249r1.htb	 1.000	 2.000	 100.000	 -0.400	 0.649	 
m13c249r2.htb	 2.000	 3.000	 24.000	 0.175	 -0.363	 
m13c254r1.htb	 1.000	 2.000	 100.000	 0.057	 0.856	 
m13c254r2.htb	 2.000	 3.000	 24.000	 0.627	 0.312	 
m13c259r1.htb	 1.000	 2.000	 100.000	 -0.300	 0.773	 
m13c259r2.htb	 2.000	 3.000	 24.000	 0.598	 0.656	 
m13c270r1.htb	 1.000	 2.000	 100.000	 0.328	 -0.640	 
m13c270r2.htb	 2.000	 3.000	 25.000	 -0.661	 -0.466	 
m13c275r1.htb	 1.000	 2.000	 100.000	 -0.307	 0.676	 
m13c275r2.htb	 2.000	 3.000	 25.000	 -0.381	 0.551	 
m13c279r1.htb	 1.000	 2.000	 100.000	 0.191	 0.625	 
m13c279r2.htb	 2.000	 3.000	 25.000	 0.151	 -0.696	 
m13c283r1.htb	 1.000	 2.000	 100.000	 0.050	 0.658	 
m13c283r2.htb	 2.000	 3.000	 25.000	 0.435	 0.580	 
m13c287r1.htb	 1.000	 2.000	 100.000	 0.539	 0.660	 
m13c287r2.htb	 2.000	 3.000	 25.000	 0.220	 0.590	 
m13c291r1.htb	 1.000	 2.000	 100.000	 -0.212	 -0.731	 
m13c291r2.htb	 2.000	 3.000	 25.000	 -0.228	 -0.497	 
m13c295r1.htb	 1.000	 2.000	 100.000	 -0.280	 0.773	 
m13c295r2.htb	 2.000	 3.000	 25.000	 0.548	 0.563	 
m13c298r1.htb	 1.000	 2.000	 100.000	 0.566	 -0.784	 
m13c298r2.htb	 2.000	 3.000	 25.000	 -0.735	 0.468	 
m13c301r1.htb	 1.000	 2.000	 100.000	 0.506	 -0.438	 
m13c301r2.htb	 2.000	 3.000	 25.000	 -0.591	 0.385	 
m13c305r1.htb	 1.000	 2.000	 100.000	 0.695	 -0.843	 
m13c305r2.htb	 2.000	 3.000	 25.000	 -0.826	 0.292	 
m13c308r1.htb	 1.000	 2.000	 100.000	 -0.127	 0.604	 
m13c308r2.htb	 2.000	 3.000	 25.000	 -0.272	 -0.603	 
m13c312r1.htb	 1.000	 2.000	 100.000	 -0.372	 -0.898	 
m13c312r2.htb	 2.000	 3.000	 25.000	 -0.674	 -0.500	 
m13c317r1.htb	 1.000	 2.000	 100.000	 0.647	 -0.730	 
m13c317r2.htb	 2.000	 3.000	 25.000	 -0.715	 0.312	 
m13c321r1.htb	 1.000	 2.000	 100.000	 -0.320	 -0.911	 
m13c321r2.htb	 2.000	 3.000	 25.000	 -0.642	 -0.313	 
m13c324r1.htb	 1.000	 2.000	 100.000	 -0.330	 -0.618	 
m13c324r2.htb	 2.000	 3.000	 25.000	 -0.394	 0.404	 
m13c327r1.htb	 1.000	 2.000	 100.000	 -0.356	 0.787	 
m13c327r2.htb	 2.000	 3.000	 25.000	 0.652	 0.572	 
m13c63r2.htb	 2.000	 3.000	 28.000	 -0.653	 -0.419	 
m5c835r3.htb	 2.000	 3.000	 58.000	 -0.401	 -0.585	 
m5c405r1.htb	 1.000	 2.000	 3.000	 36.000	 -0.345	 0.567	 0.644	 
m5c405r2.htb	 2.000	 100.000	 0.717	 
m5c568r1.htb	 1.000	 2.000	 100.000	 0.220	 0.484	 
m5c568r2.htb	 1.000	 2.000	 3.000	 37.000	 0.268	 0.129	 0.245	 
