FILE	         Spon	 HTIve	 HTIvi	 VesP	 VisP	 VesPre	 VisPre	 VesSlo	 Vis
m2c162r1.htb	 40.59	    109.90	   115.59	   98.27	   66.34	   63.37	    80.94	   88.32	    92.57	    73.27	    103.96	   25.00	    22.77	    34.41	    36.63	   30.20	    42.82	6.806931e+001	 53.96	    56.93	   25.00	   352.70	   200.94	   0.12	    0.00	   
m2c163r1.htb	 53.27	    174.26	   120.30	   95.54	   92.82	   89.11	    120.54	   160.15	    153.22	    139.60	    181.68	   200.00	    184.41	    144.80	    105.45	   101.24	    112.13	9.950495e+001	 102.48	    144.06	   194.31	   286.73	   349.84	   0.00	    0.00	   
m2c168r1.htb	 32.43	    22.77	   41.34	   35.89	   38.37	   40.35	    56.44	   45.30	    56.44	    47.52	    54.95	   87.62	    83.17	    100.00	    177.97	   173.02	    67.82	8.292079e+001	 74.75	    18.32	   45.54	   208.74	   91.61	   0.61	    0.03	   
m2c170r1.htb	 42.57	    80.45	   67.82	   50.50	   92.08	   67.57	    142.82	   126.49	    117.33	    54.70	    71.53	   67.57	    69.90	    70.89	    45.79	   22.03	    26.73	2.351485e+001	 15.84	    28.71	   36.39	   158.12	   28.55	   0.00	    0.00	   
m2c172r1.htb	 50.00	    82.84	   83.91	   60.15	   83.42	   82.84	    106.60	   113.12	    135.31	    93.56	    94.06	   128.71	    100.25	    101.98	    112.21	   96.78	    81.93	6.534653e+001	 53.14	    54.79	   93.73	   206.49	   38.12	   0.00	    0.00	   
m2c174r1.htb	 46.93	    44.55	   53.22	   42.57	   64.85	   49.50	    38.86	   40.10	    42.08	    41.09	    70.54	   71.29	    57.18	    50.25	    42.57	   71.78	    46.53	3.044554e+001	 42.08	    43.07	   50.99	   14.89	   7.33	   0.73	    0.68	   
m2c175r1.htb	 48.91	    58.17	   69.11	   65.84	   52.72	   78.22	    50.74	   68.32	    49.01	    63.86	    60.89	   58.61	    48.02	    42.97	    32.92	   33.42	    61.88	4.257426e+001	 41.58	    38.12	   53.96	   339.95	   18.29	   0.57	    0.38	   
m2c176r1.htb	 49.11	    86.73	   126.34	   97.03	   83.56	   116.04	    83.56	   78.42	    78.22	    86.93	    100.40	   70.50	    63.17	    105.54	    123.96	   90.30	    88.12	5.227723e+001	 48.91	    89.50	   69.11	   19.07	   75.63	   0.85	    0.12	   
m2c177r1.htb	 45.21	    70.69	   72.28	   49.50	   59.01	   60.00	    57.62	   40.40	    42.77	    40.99	    60.20	   81.58	    65.35	    69.70	    80.40	   51.49	    58.02	4.693069e+001	 60.40	    64.75	   76.24	   34.97	   7.00	   0.22	    0.59	   
m2c178r1.htb	 29.31	    44.80	   39.01	   36.88	   45.05	   41.34	    47.28	   29.95	    33.42	    46.34	    53.71	   18.32	    26.98	    41.78	    141.34	   120.79	    83.66	4.772277e+001	 26.24	    30.20	   27.23	   355.39	   114.41	   0.10	    0.00	   
m2c179r1.htb	 46.34	    84.55	   69.70	   68.71	   58.61	   69.31	    79.21	   69.31	    71.88	    78.81	    96.04	   57.62	    62.38	    60.79	    66.73	   63.76	    69.70	6.970297e+001	 67.72	    72.08	   69.11	   307.28	   208.14	   1.00	    1.00	   
m2c180r1.htb	 37.46	    96.83	   81.98	   60.59	   67.92	   67.72	    74.06	   92.74	    81.58	    81.78	    109.90	   97.23	    111.29	    85.94	    60.20	   56.60	    49.90	4.514851e+001	 51.88	    73.07	   108.91	   307.36	   354.70	   0.00	    0.00	   
m2c181r1.htb	 36.04	    56.63	   72.48	   105.74	   112.48	   125.35	    118.61	   100.99	    47.92	    20.59	    34.06	   30.50	    29.31	    29.31	    46.53	   41.39	    61.19	5.009901e+001	 62.57	    70.10	   45.15	   117.18	   213.28	   0.00	    0.00	   
m2c182r1.htb	 44.06	    61.19	   103.96	   116.83	   114.65	   89.11	    38.81	   72.87	    103.76	    78.22	    127.92	   65.94	    51.68	    51.68	    50.89	   54.65	    77.82	5.029703e+001	 76.04	    84.36	   67.33	   332.81	   258.25	   0.96	    0.99	   
m2c183r1.htb	 49.70	    63.76	   69.90	   55.45	   63.37	   58.42	    63.56	   43.37	    55.05	    59.21	    63.56	   44.55	    49.50	    58.42	    55.05	   50.10	    47.52	4.237624e+001	 39.80	    37.82	   44.95	   25.38	   74.43	   0.80	    0.53	   
m2c184r1.htb	 47.33	    67.72	   67.33	   73.47	   84.16	   77.62	    100.79	   94.65	    76.83	    93.07	    96.44	   39.60	    44.75	    58.81	    49.70	   67.52	    82.77	6.653465e+001	 60.40	    87.33	   100.79	   198.87	   247.65	   0.73	    0.01	   
m2c185r1.htb	 50.89	    66.73	   51.29	   48.51	   63.56	   75.45	    79.80	   88.71	    72.28	    56.83	    62.57	   40.00	    40.20	    37.82	    30.89	   34.85	    36.83	3.821782e+001	 31.29	    31.88	   46.34	   175.25	   354.56	   0.10	    0.83	   
m2c186r1.htb	 38.61	    56.83	   55.64	   52.08	   60.59	   52.08	    51.88	   51.49	    67.33	    60.59	    58.81	   47.33	    49.11	    50.69	    35.84	   39.60	    64.55	4.752475e+001	 51.29	    39.80	   55.05	   278.58	   171.79	   0.99	    0.91	   
m2c187r1.htb	 42.77	    90.84	   115.45	   156.04	   160.20	   163.96	    147.33	   96.83	    95.05	    85.64	    99.41	   215.25	    341.19	    385.64	    422.03	   438.61	    315.45	1.342574e+002	 67.33	    69.11	   124.36	   101.70	   78.43	   0.00	    0.00	   
m2c189r1.htb	 45.74	    53.66	   48.71	   33.07	   53.86	   47.72	    43.17	   49.90	    55.05	    78.02	    76.44	   79.80	    61.98	    47.13	    57.43	   56.83	    46.73	4.316832e+001	 55.64	    118.81	   140.59	   293.61	   311.09	   0.00	    0.00	   
m2c190r1.htb	 45.35	    73.86	   76.63	   82.97	   63.17	   68.71	    52.67	   64.36	    62.97	    87.72	    78.02	   100.20	    126.53	    135.45	    139.41	   264.95	    253.66	2.182178e+002	 126.53	    80.79	   72.87	   318.50	   142.82	   0.79	    0.00	   
m2c191r1.htb	 52.67	    73.66	   78.22	   54.46	   71.68	   75.64	    74.65	   58.81	    80.79	    63.17	    78.22	   77.62	    82.38	    69.31	    87.13	   64.95	    80.40	8.118812e+001	 69.50	    69.50	   66.73	   15.02	   96.47	   0.96	    0.96	   
m2c193r1.htb	 28.91	    56.63	   45.74	   31.49	   35.25	   44.16	    40.59	   50.89	    62.18	    77.43	    55.25	   30.50	    21.58	    21.39	    29.50	   52.08	    64.36	8.277228e+001	 245.15	    222.97	   58.81	   274.00	   238.35	   0.07	    0.00	   
m2c195r1.htb	 53.71	    161.63	   101.65	   132.34	   161.06	   127.39	    195.05	   178.22	    227.39	    206.93	    171.29	   79.54	    78.55	    104.29	    150.83	   148.51	    140.59	8.787129e+001	 113.86	    193.81	   120.79	   223.97	   228.76	   0.23	    0.23	   
m2c197r1.htb	 35.15	    70.30	   64.95	   51.49	   56.04	   48.91	    59.60	   61.98	    66.14	    62.38	    58.61	   117.62	    161.19	    179.41	    126.73	   55.25	    33.66	3.524752e+001	 32.67	    35.25	   99.21	   316.30	   31.77	   0.78	    0.00	   
m2c198r1.htb	 50.30	    161.63	   177.23	   131.44	   109.41	   92.08	    95.05	   141.09	    101.98	    121.78	    142.33	   137.87	    113.61	    115.10	    108.66	   173.27	    131.44	1.702970e+002	 119.80	    103.47	   97.77	   3.95	   157.89	   0.68	    0.47	   
m2c199r1.htb	 18.61	    25.15	   27.13	   32.28	   34.06	   36.24	    27.92	   31.29	    27.33	    18.02	    21.39	   35.25	    26.93	    56.83	    91.29	   53.86	    38.42	2.396040e+001	 14.85	    20.40	   16.44	   117.97	   87.42	   0.47	    0.00	   
m2c200r1.htb	 40.59	    111.09	   109.70	   80.20	   105.94	   82.57	    67.13	   94.26	    109.90	    123.96	    108.71	   114.65	    137.43	    123.76	    94.85	   65.15	    48.12	3.920792e+001	 46.34	    100.59	   124.75	   314.10	   1.32	   0.35	    0.00	   
m2c202r1.htb	 38.81	    58.42	   53.47	   39.01	   37.23	   51.29	    56.04	   46.53	    53.86	    54.65	    48.71	   41.98	    35.45	    50.50	    55.64	   41.58	    34.65	3.168317e+001	 36.63	    56.24	   39.41	   297.14	   339.49	   0.82	    0.06	   
m2c214r1.htb	 31.49	    37.62	   46.73	   34.46	   33.27	   42.57	    41.39	   39.41	    47.52	    35.25	    37.82	   25.15	    23.96	    39.41	    57.62	   130.69	    133.86	9.564356e+001	 66.73	    50.30	   35.25	   180.23	   164.64	   0.96	    0.00	   
m2c220r1.htb	 26.14	    77.62	   100.00	   71.09	   50.69	   30.30	    35.25	   65.94	    50.50	    59.21	    81.19	   26.14	    21.58	    20.59	    23.17	   78.81	    161.78	1.570297e+002	 115.05	    43.17	   27.52	   355.67	   178.26	   0.04	    0.00	   
m2c221r1.htb	 34.06	    100.00	   106.73	   76.83	   74.06	   64.75	    64.75	   62.97	    65.74	    63.17	    81.39	   37.82	    37.82	    51.09	    34.26	   92.08	    107.72	1.108911e+002	 129.90	    99.80	   35.25	   19.87	   202.74	   0.03	    0.00	   
m2c223r1.htb	 35.93	    134.16	   96.70	   81.68	   64.19	   85.48	    83.99	   74.26	    75.58	    64.19	    86.96	   30.86	    22.94	    20.63	    14.69	   45.87	    122.11	1.830033e+002	 202.48	    167.82	   58.58	   9.47	   215.97	   0.12	    0.00	   
m2c226r1.htb	 50.89	    92.28	   100.59	   80.59	   76.04	   95.64	    101.58	   128.12	    113.66	    96.63	    112.67	   62.97	    57.82	    60.59	    56.24	   34.65	    31.88	2.950495e+001	 37.82	    55.64	   71.88	   225.33	   349.88	   0.00	    0.00	   
m2c231r1.htb	 39.60	    55.05	   41.39	   35.64	   40.40	   32.87	    38.61	   50.10	    45.35	    57.03	    64.75	   25.15	    17.23	    17.23	    17.82	   27.52	    41.19	7.188119e+001	 90.50	    63.76	   39.41	   298.55	   224.03	   0.40	    0.00	   
m2c233r1.htb	 40.99	    50.99	   31.68	   31.68	   38.86	   36.88	    37.87	   40.35	    49.75	    42.57	    37.13	   25.99	    15.59	    11.88	    18.81	   29.70	    33.91	6.237624e+001	 106.68	    205.69	   53.47	   260.55	   251.84	   0.18	    0.00	   
m2c236r1.htb	 46.53	    89.93	   62.87	   56.44	   58.91	   62.87	    72.28	   81.19	    70.13	    71.12	    70.96	   80.53	    69.45	    72.11	    86.30	   148.84	    130.03	1.513201e+002	 137.46	    116.69	   86.63	   279.27	   197.72	   0.53	    0.00	   
m2c237r1.htb	 45.12	    55.61	   53.63	   54.79	   65.84	   73.27	    72.70	   65.18	    66.20	    57.43	    74.12	   59.41	    45.05	    48.18	    90.43	   130.36	    116.67	9.422442e+001	 89.44	    61.72	   55.12	   184.81	   159.58	   0.68	    0.00	   
m2c240r1.htb	 31.49	    40.59	   60.79	   58.81	   55.45	   53.07	    58.02	   58.02	    48.51	    41.19	    41.19	   55.25	    31.09	    33.66	    51.49	   44.55	    39.60	2.871287e+001	 38.02	    35.05	   37.23	   120.65	   33.52	   0.97	    0.96	   
m2c241r1.htb	 36.44	    80.20	   53.66	   61.98	   44.16	   54.46	    50.10	   49.31	    57.82	    68.32	    65.74	   37.62	    38.42	    39.21	    40.40	   38.81	    33.66	2.811881e+001	 34.65	    29.50	   35.84	   315.63	   41.23	   0.43	    0.99	   
m2c252r1.htb	 48.71	    78.61	   72.67	   71.68	   61.58	   62.18	    68.32	   82.77	    99.80	    70.50	    91.68	   94.46	    99.21	    105.94	    119.41	   88.71	    84.55	9.643564e+001	 101.19	    108.71	   78.61	   261.31	   119.33	   0.40	    0.04	   
m2c254r1.htb	 42.97	    118.02	   86.34	   83.17	   56.04	   70.89	    65.74	   65.74	    72.87	    115.05	    117.62	   135.05	    94.26	    80.40	    70.50	   55.25	    51.49	4.000000e+001	 75.05	    158.61	   197.62	   318.81	   320.00	   0.07	    0.00	   
m2c258r1.htb	 41.91	    74.42	   47.72	   54.95	   74.46	   106.27	    109.57	   73.76	    65.74	    90.89	    112.38	   59.21	    62.57	    50.33	    49.01	   124.09	    94.06	1.163366e+002	 65.54	    62.97	   69.50	   252.04	   179.03	   0.16	    0.42	   
m2c260r1.htb	 39.41	    52.23	   52.97	   48.71	   61.58	   51.24	    56.68	   48.02	    57.62	    58.66	    51.09	   52.97	    47.52	    73.51	    56.44	   63.86	    78.71	7.623762e+001	 62.77	    61.63	   58.42	   130.27	   181.93	   0.61	    0.55	   
m2c364r1.htb	 38.78	    45.54	   42.77	   56.83	   51.49	   57.03	    58.61	   61.39	    60.20	    49.90	    39.60	   35.25	    70.89	    81.78	    100.20	   130.50	    92.87	4.356436e+001	 32.67	    28.91	   36.04	   176.28	   98.82	   0.11	    0.00	   
m2c365r1.htb	 46.37	    149.31	   107.52	   111.09	   76.83	   66.73	    84.36	   92.67	    95.84	    83.96	    104.75	   62.57	    59.01	    65.54	    52.28	   64.95	    79.01	7.841584e+001	 68.32	    54.06	   56.83	   350.49	   169.13	   0.44	    0.88	   
m2c368r1.htb	 34.41	    57.14	   60.68	   35.36	   46.68	   46.25	    63.65	   56.01	    49.50	    51.20	    52.76	   25.18	    17.68	    26.87	    30.13	   43.42	    35.08	2.432815e+001	 18.39	    15.98	   14.43	   83.14	   116.78	   0.73	    0.00	   
m2c369r1.htb	 46.25	    31.97	   23.93	   34.65	   40.43	   52.97	    46.70	   49.67	    25.25	    37.77	    22.94	   29.84	    34.79	    39.75	    39.93	   32.18	    22.07	1.963696e+001	 21.78	    17.16	   13.53	   152.39	   70.61	   0.40	    0.08	   
m2c370r1.htb	 28.57	    37.95	   55.28	   42.24	   45.21	   41.58	    48.35	   39.93	    35.48	    36.47	    39.60	   49.17	    57.26	    70.63	    75.08	   90.43	    72.77	5.742574e+001	 48.02	    42.08	   51.49	   78.59	   107.08	   0.48	    0.00	   
m2c374r1.htb	 43.96	    29.70	   31.09	   44.95	   38.81	   46.53	    42.18	   45.35	    36.83	    37.82	    42.97	   174.65	    163.17	    134.65	    71.29	   30.50	    29.70	4.910891e+001	 38.61	    33.86	   140.40	   190.74	   9.19	   0.47	    0.00	   
m2c376r1.htb	 41.42	    40.79	   48.51	   30.69	   33.86	   49.31	    66.53	   56.04	    44.95	    37.43	    37.82	   33.86	    26.73	    25.54	    45.74	   60.59	    86.53	1.087129e+002	 87.33	    57.62	   26.93	   149.75	   184.50	   0.13	    0.00	   
m2c378r1.htb	 51.68	    67.33	   59.01	   65.10	   59.65	   57.23	    45.79	   64.11	    59.41	    56.93	    77.23	   37.87	    33.66	    30.30	    70.05	   100.00	    97.03	1.324257e+002	 137.87	    64.11	   28.96	   321.83	   185.18	   0.55	    0.00	   
m2c382r1.htb	 40.74	    30.27	   28.43	   33.95	   20.37	   17.96	    27.30	   28.85	    19.24	    26.73	    46.96	   124.05	    106.79	    111.17	    58.84	   19.52	    15.70	3.210750e+001	 21.92	    70.72	   135.08	   327.75	   351.27	   0.98	    0.02	   
m2c392r1.htb	 41.98	    59.41	   43.32	   45.74	   47.13	   55.45	    58.91	   46.53	    47.52	    47.33	    49.75	   50.10	    56.93	    57.67	    102.48	   103.71	    84.75	7.247525e+001	 53.27	    42.18	   45.74	   44.00	   117.64	   0.03	    0.00	   
m2c403r1.htb	 34.46	    30.69	   33.07	   32.87	   31.29	   36.83	    32.48	   31.68	    38.22	    32.67	    29.11	   212.28	    249.70	    249.11	    83.96	   15.84	    17.03	1.267327e+001	 9.11	    70.69	   206.14	   200.68	   5.63	   0.87	    0.00	   
m2c409r1.htb	 42.18	    46.34	   52.48	   44.36	   42.38	   50.30	    46.93	   48.12	    39.21	    41.98	    48.51	   47.33	    51.09	    60.40	    59.01	   53.07	    42.77	5.168317e+001	 53.66	    45.54	   50.10	   44.80	   98.76	   0.98	    0.99	   
m2c417r1.htb	 41.58	    48.51	   50.10	   37.82	   40.40	   37.43	    46.93	   35.84	    36.24	    32.08	    54.26	   49.31	    69.70	    68.12	    55.45	   41.19	    49.31	5.405941e+001	 53.07	    58.81	   52.64	   25.07	   32.81	   0.31	    0.42	   
m2c423r1.htb	 32.51	    40.59	   32.48	   43.37	   43.76	   48.71	    66.14	   107.72	    92.48	    69.90	    42.77	   198.22	    267.52	    226.93	    85.15	   74.26	    56.44	5.742574e+001	 48.91	    61.39	   126.34	   202.43	   20.50	   0.00	    0.00	   
m2c427r1.htb	 39.80	    51.09	   58.61	   36.44	   37.03	   40.99	    35.64	   30.89	    35.84	    57.23	    56.83	   213.86	    213.66	    151.29	    102.38	   75.64	    61.58	6.396040e+001	 170.30	    210.69	   239.01	   339.59	   326.43	   0.15	    0.00	   
m2c429r1.htb	 31.09	    62.87	   65.35	   61.39	   60.64	   51.49	    50.74	   50.50	    30.69	    33.91	    51.49	   24.75	    34.65	    48.76	    57.67	   31.19	    26.73	1.707921e+001	 20.05	    26.98	   15.84	   53.59	   78.06	   0.37	    0.05	   
m2c436r1.htb	 32.28	    41.39	   57.03	   53.66	   63.76	   67.33	    77.43	   57.43	    57.03	    43.76	    42.57	   39.01	    46.93	    70.10	    98.61	   109.50	    86.53	5.801980e+001	 49.50	    50.50	   32.08	   132.34	   124.98	   0.00	    0.00	   
m2c441r1.htb	 41.78	    153.07	   145.15	   153.27	   123.17	   97.82	    81.19	   76.44	    89.70	    72.67	    102.18	   228.32	    328.12	    379.60	    217.82	   106.73	    68.32	7.544554e+001	 64.16	    90.69	   160.20	   29.81	   31.60	   0.03	    0.00	   
m2c443r1.htb	 44.88	    93.66	   85.64	   93.86	   78.61	   113.66	    132.01	   150.30	    119.41	    68.91	    95.25	   205.12	    171.88	    144.75	    97.36	   84.55	    92.28	9.900990e+001	 109.70	    140.99	   186.34	   173.66	   343.01	   0.00	    0.00	   
m2c445r1.htb	 43.17	    52.08	   68.51	   55.05	   55.05	   57.82	    68.32	   85.94	    86.34	    68.71	    55.64	   147.13	    175.45	    155.45	    83.96	   61.58	    54.85	5.267327e+001	 104.36	    60.20	   111.09	   197.34	   10.52	   0.00	    0.00	   
m2c450r1.htb	 41.58	    36.83	   47.13	   45.94	   57.62	   52.08	    63.56	   47.13	    37.62	    47.52	    48.91	   98.22	    113.86	    86.53	    69.90	   40.40	    33.86	3.029703e+001	 35.05	    50.30	   67.72	   117.15	   19.20	   0.45	    0.00	   
m5c25r1.htb	 39.77	    104.29	   80.53	   77.89	   66.34	   77.06	    78.38	   80.03	    89.27	    58.75	    82.67	   409.41	    375.58	    382.51	    266.50	   177.89	    103.80	1.006601e+002	 91.42	    118.65	   359.57	   355.59	   13.67	   0.10	    0.00	   
m5c29r1.htb	 48.37	    47.52	   93.23	   78.55	   95.87	   94.06	    113.04	   100.83	    111.32	    84.16	    78.22	   153.96	    202.81	    156.60	    198.18	   172.44	    115.02	1.067657e+002	 103.14	    119.64	   128.38	   165.44	   47.67	   0.29	    0.01	   
m5c30r1.htb	 43.17	    63.17	   50.89	   47.72	   86.14	   113.86	    101.98	   68.12	    57.82	    81.19	    91.49	   120.20	    73.07	    94.85	    73.47	   90.50	    78.42	6.811881e+001	 86.34	    169.50	   150.89	   156.61	   300.95	   0.00	    0.00	   
m5c35r1.htb	 48.02	    94.72	   88.94	   72.94	   58.09	   99.50	    128.71	   134.98	    129.70	    83.50	    112.87	   120.79	    139.11	    126.40	    117.16	   108.91	    73.93	6.881188e+001	 61.22	    75.08	   143.07	   208.19	   17.20	   0.03	    0.01	   
m5c37r1.htb	 37.62	    39.01	   38.42	   32.08	   33.07	   55.25	    45.54	   45.94	    44.95	    38.61	    47.33	   58.81	    48.51	    56.44	    67.52	   69.31	    57.23	4.495050e+001	 71.88	    122.97	   78.42	   227.99	   278.07	   0.34	    0.00	   
m5c40r1.htb	 42.77	    124.16	   99.21	   64.95	   62.18	   46.73	    70.50	   62.57	    60.99	    57.43	    104.95	   48.91	    60.00	    70.10	    115.45	   208.12	    237.03	2.148515e+002	 193.86	    89.11	   86.34	   3.75	   174.05	   0.08	    0.00	   
m5c42r1.htb	 51.68	    78.61	   61.58	   65.94	   70.89	   63.56	    64.95	   70.69	    59.21	    76.83	    77.62	   55.05	    60.99	    58.22	    57.62	   57.62	    65.35	5.108911e+001	 76.63	    80.59	   70.50	   324.54	   264.75	   0.66	    0.74	   
m5c46r1.htb	 42.57	    52.48	   40.92	   53.47	   40.10	   54.62	    59.90	   60.07	    42.08	    51.65	    48.35	   30.53	    45.05	    48.94	    74.92	   49.01	    54.62	4.851485e+001	 48.51	    41.58	   42.24	   194.22	   126.37	   0.16	    0.00	   
m5c54r1.htb	 39.41	    37.03	   28.12	   28.91	   29.11	   38.61	    46.73	   49.31	    46.14	    41.39	    38.42	   51.29	    86.53	    100.59	    96.83	   52.48	    41.19	2.930693e+001	 25.54	    31.49	   44.75	   211.77	   57.45	   0.15	    0.00	   
m5c63r1.htb	 38.74	    60.68	   64.36	   64.78	   53.47	   66.48	    67.89	   65.49	    69.87	    57.43	    54.31	   111.17	    107.36	    128.01	    149.65	   135.93	    86.70	7.609618e+001	 67.61	    53.61	   79.49	   174.57	   65.80	   0.72	    0.00	   
m5c66r1.htb	 39.93	    53.47	   41.25	   41.09	   39.77	   41.25	    45.21	   49.83	    41.91	    36.63	    48.02	   13.86	    21.95	    22.61	    38.94	   49.67	    61.55	4.884488e+001	 51.49	    22.28	   17.00	   7.58	   162.66	   0.85	    0.00	   
m5c67r1.htb	 23.76	    40.35	   30.94	   30.94	   25.99	   31.93	    28.47	   36.88	    46.78	    55.20	    39.60	   41.34	    30.20	    23.76	    31.44	   14.11	    18.81	2.103960e+001	 48.27	    179.21	   110.89	   270.17	   287.84	   0.15	    0.00	   
m5c69r1.htb	 50.74	    83.42	   46.53	   21.29	   34.65	   51.73	    55.94	   107.67	    107.67	    62.87	    93.32	   45.05	    48.27	    28.47	    10.40	   6.19	    7.43	1.262376e+001	 14.11	    21.78	   48.27	   247.24	   349.32	   0.00	    0.01	   
m5c70r1.htb	 40.59	    54.70	   51.98	   64.85	   84.65	   77.48	    83.42	   79.46	    96.04	    80.69	    61.88	   80.45	    74.50	    83.17	    93.32	   81.68	    82.18	9.801980e+001	 175.00	    286.39	   182.67	   189.55	   267.00	   0.00	    0.00	   
m5c71r1.htb	 56.15	    102.97	   100.28	   114.57	   72.84	   79.35	    91.51	   126.59	    87.55	    73.69	    81.33	   290.95	    363.37	    383.45	    292.36	   165.91	    114.00	6.492221e+001	 67.89	    100.85	   275.81	   144.87	   27.50	   0.10	    0.00	   
m5c75r1.htb	 38.61	    80.79	   61.58	   55.05	   42.97	   37.43	    32.48	   38.22	    41.19	    69.90	    104.55	   34.65	    45.35	    51.88	    91.68	   138.02	    159.60	1.736634e+002	 125.15	    52.87	   40.99	   329.55	   166.66	   0.00	    0.00	   
m5c79r1.htb	 25.94	    45.15	   54.65	   44.95	   55.64	   49.31	    55.05	   55.05	    40.79	    40.40	    40.00	   33.86	    33.86	    36.24	    56.83	   44.55	    54.26	4.712871e+001	 28.91	    39.01	   28.12	   106.75	   125.36	   0.79	    0.46	   
m5c82r1.htb	 55.45	    67.33	   83.76	   78.02	   81.78	   86.93	    80.79	   64.36	    74.85	    72.87	    77.82	   76.83	    97.03	    62.57	    63.56	   72.87	    83.76	1.156436e+002	 102.57	    97.82	   94.46	   67.50	   232.44	   0.26	    0.01	   
m5c83r1.htb	 45.35	    116.24	   106.14	   96.04	   84.75	   113.66	    132.67	   157.62	    146.14	    128.12	    98.61	   77.23	    105.35	    121.58	    114.46	   126.53	    127.92	8.633663e+001	 53.27	    57.43	   66.14	   206.90	   96.62	   0.00	    0.00	   
m5c87r1.htb	 46.04	    44.39	   56.60	   50.17	   47.52	   59.90	    61.72	   69.14	    50.66	    60.23	    61.06	   42.74	    50.99	    56.93	    57.92	   36.14	    24.75	2.161716e+001	 22.28	    24.42	   49.67	   200.93	   31.50	   0.32	    0.00	   
m5c92r1.htb	 28.12	    41.58	   30.50	   41.58	   45.35	   54.65	    50.69	   51.29	    53.66	    52.87	    44.55	   35.84	    51.49	    63.76	    71.29	   70.10	    83.37	6.376238e+001	 59.21	    45.15	   44.16	   212.74	   141.62	   0.08	    0.00	   
m5c95r1.htb	 42.82	    89.85	   83.17	   80.94	   89.11	   97.28	    126.73	   124.75	    129.46	    131.93	    119.06	   86.88	    93.56	    80.20	    81.68	   46.78	    45.30	4.430693e+001	 38.37	    58.42	   101.73	   223.83	   10.44	   0.08	    0.01	   
m5c100r1.htb	 55.45	    75.45	   90.69	   82.38	   69.50	   45.94	    55.25	   62.57	    43.76	    32.67	    61.98	   67.52	    45.74	    46.93	    58.42	   95.25	    131.09	1.025743e+002	 83.56	    95.84	   78.81	   52.09	   195.40	   0.14	    0.00	   
m5c103r1.htb	 38.61	    136.30	   113.20	   80.20	   78.55	   101.32	    77.23	   91.58	    132.92	    102.23	    133.99	   61.39	    63.70	    71.95	    46.53	   43.81	    52.97	6.361386e+001	 63.70	    75.25	   74.59	   312.36	   286.53	   0.00	    0.00	   
m5c107r1.htb	 44.39	    43.56	   40.20	   27.92	   39.60	   40.59	    45.35	   41.19	    48.12	    37.23	    38.81	   116.63	    105.35	    100.20	    97.43	   90.89	    73.27	4.237624e+001	 54.46	    49.90	   83.96	   169.91	   32.81	   0.55	    0.00	   
m5c108r1.htb	 30.50	    16.63	   33.91	   30.94	   35.64	   38.12	    39.60	   25.54	    16.04	    21.53	    17.03	   2.97	    0.99	    2.23	    4.16	   2.57	    0.99	3.366337e+000	 10.15	    9.90	   3.22	   105.99	   248.99	   0.00	    0.00	   
m5c109r1.htb	 47.52	    102.57	   95.05	   65.94	   61.78	   60.99	    86.53	   85.54	    71.88	    63.56	    83.96	   65.54	    71.68	    79.60	    103.96	   138.61	    199.01	1.554455e+002	 120.20	    124.95	   83.76	   27.46	   172.74	   0.06	    0.00	   
m5c111r1.htb	 34.46	    36.39	   36.14	   31.68	   29.31	   36.63	    40.00	   50.25	    35.84	    38.37	    33.42	   75.99	    75.64	    75.50	    23.02	   10.64	    8.66	1.386139e+001	 14.60	    23.02	   54.26	   192.90	   4.54	   0.17	    0.00	   
m5c118r1.htb	 28.22	    33.91	   36.30	   35.31	   35.31	   43.89	    41.25	   43.56	    37.62	    28.47	    32.01	   33.33	    18.48	    23.76	    33.99	   38.94	    30.69	1.650165e+001	 23.43	    36.96	   24.75	   143.98	   346.04	   0.78	    0.21	   
m5c125r1.htb	 34.16	    45.54	   39.11	   40.35	   54.95	   59.41	    87.79	   64.11	    47.28	    48.76	    52.15	   110.40	    116.83	    103.22	    64.36	   63.86	    48.51	3.894389e+001	 32.18	    112.87	   166.34	   152.66	   341.46	   0.05	    0.01	   
m5c128r1.htb	 43.32	    63.04	   52.81	   53.47	   59.74	   58.42	    56.77	   38.28	    48.76	    49.83	    42.24	   48.51	    70.96	    53.22	    108.91	   130.94	    84.82	6.798680e+001	 49.50	    50.50	   43.23	   53.02	   108.12	   0.50	    0.00	   
m5c129r1.htb	 48.51	    42.08	   46.29	   44.06	   47.77	   65.59	    59.90	   54.95	    44.31	    51.98	    42.82	   82.43	    62.38	    47.03	    53.22	   50.50	    49.75	3.960396e+001	 83.42	    126.49	   115.84	   158.51	   298.97	   0.48	    0.00	   
m5c135r1.htb	 49.50	    68.12	   43.56	   47.52	   46.93	   58.17	    71.29	   75.64	    70.30	    76.24	    73.27	   57.18	    38.02	    50.89	    71.78	   46.93	    37.62	3.688119e+001	 73.07	    121.98	   120.20	   243.23	   292.01	   0.02	    0.00	   
m5c140r1.htb	 39.41	    69.90	   75.64	   74.65	   54.65	   68.12	    64.36	   52.28	    47.52	    59.41	    80.79	   98.42	    75.25	    63.76	    48.91	   40.59	    49.50	5.148515e+001	 62.18	    108.91	   141.98	   4.09	   316.30	   0.02	    0.00	   
m5c152r1.htb	 48.71	    59.65	   54.46	   58.17	   68.32	   68.56	    68.32	   75.25	    88.61	    85.40	    67.08	   77.72	    58.17	    85.64	    98.51	   72.28	    62.38	6.435644e+001	 111.88	    154.21	   125.50	   224.81	   278.24	   0.01	    0.00	   
m5c154r1.htb	 38.22	    77.62	   70.10	   63.17	   51.88	   48.32	    56.63	   58.22	    70.69	    62.97	    70.69	   48.91	    40.40	    34.65	    45.35	   50.89	    64.36	6.158416e+001	 52.28	    55.05	   48.91	   323.44	   192.65	   0.03	    0.46	   
m5c156r1.htb	 25.58	    75.25	   63.86	   70.89	   41.42	   49.31	    44.06	   37.82	    37.43	    36.47	    40.00	   58.42	    57.62	    58.81	    57.43	   47.72	    37.43	3.722772e+001	 34.65	    33.07	   51.88	   26.47	   32.52	   0.00	    0.05	   
m5c159r1.htb	 41.19	    76.83	   67.13	   72.28	   66.93	   64.95	    90.89	   144.55	    117.62	    66.34	    71.88	   140.79	    101.98	    98.02	    90.10	   74.65	    63.56	6.336634e+001	 85.74	    71.29	   85.54	   190.50	   8.04	   0.00	    0.00	   
m5c163r1.htb	 38.42	    93.07	   73.51	   59.90	   42.82	   46.53	    63.12	   81.44	    71.78	    96.78	    117.33	   38.37	    40.59	    33.66	    43.32	   53.47	    51.98	3.613861e+001	 33.91	    33.91	   31.68	   299.34	   104.56	   0.04	    0.92	   
m5c166r1.htb	 41.19	    73.02	   70.30	   68.71	   51.88	   60.59	    67.33	   83.42	    79.41	    63.12	    71.78	   156.44	    143.37	    102.72	    114.06	   75.25	    59.41	6.608911e+001	 67.57	    64.36	   94.06	   236.69	   25.07	   0.22	    0.00	   
m5c167r1.htb	 45.54	    57.43	   82.43	   53.71	   52.23	   40.10	    49.50	   43.07	    39.11	    54.70	    50.25	   142.82	    158.42	    172.77	    180.69	   195.05	    181.19	1.787129e+002	 157.18	    155.69	   150.25	   31.26	   139.99	   0.22	    0.04	   
m5c170r1.htb	 42.18	    48.76	   46.78	   51.73	   41.34	   52.72	    61.63	   96.29	    103.22	    76.49	    51.49	   97.52	    116.58	    105.45	    74.50	   57.43	    44.80	3.514851e+001	 41.58	    51.49	   95.79	   215.66	   14.79	   0.00	    0.00	   
