FILE	         Spon	 HTIve	 HTIvi	 VesP	         VisP	  VesPre	   VisPre	   VesSlo	    VisSlo      minVes      minVis     maxVes       maxVis
m2c209r4.htb	 19.31	    0.42	   0.41	   0.00	   0.00	   197.25	    194.93	   101.25	    101.25	    24.42	    25.41	   64.19	    61.39	    
m2c215r6.htb	 13.07	    0.79	   0.76	   0.00	   0.00	   32.51	    32.98	   67.50	    112.50	    0.59	    1.19	   56.04	    40.20	    
m2c218r4.htb	 21.95	    0.55	   0.42	   0.00	   0.00	   181.68	    223.66	   78.75	    101.25	    16.04	    5.94	   48.51	    23.37	    
m2c219r4.htb	 75.45	    0.69	   0.68	   0.00	   0.00	   199.69	    203.02	   123.75	    101.25	    32.48	    45.15	   209.50	    202.38	    
m2c225r4.htb	 4.13	    0.48	   0.63	   0.00	   0.00	   134.12	    146.72	   78.75	    101.25	    5.28	    4.79	   30.36	    35.97	    
m2c226r5.htb	 8.51	    0.73	   0.71	   0.00	   0.00	   1.66	    355.85	   292.50	    292.50	    3.76	    6.14	   59.01	    69.31	    
m2c232r4.htb	 19.19	    0.71	   0.75	   0.00	   0.00	   278.64	    264.49	   247.50	    337.50	    4.62	    3.47	   39.93	    44.06	    
m2c234r4.htb	 8.91	    0.92	   0.90	   0.00	   0.00	   96.76	    94.84	   78.75	    78.75	    3.17	    2.97	   142.38	    146.14	    
m2c235r4.htb	 10.50	    0.74	   0.71	   0.00	   0.00	   129.53	    138.54	   78.75	    78.75	    5.94	    5.54	   100.40	    95.45	    
m2c243r4.htb	 20.00	    0.70	   0.78	   0.00	   0.00	   39.22	    41.25	   101.25	    101.25	    12.28	    6.53	   86.53	    78.02	    
m2c246r4.htb	 20.79	    0.76	   0.74	   0.00	   0.00	   7.75	    9.28	   78.75	    292.50	    2.97	    1.98	   87.52	    99.01	    
m2c251r4.htb	 3.17	    0.83	   0.82	   0.00	   0.00	   155.69	    155.20	   101.25	    101.25	    0.40	    0.20	   46.93	    43.76	    
m2c257r4.htb	 19.01	    0.75	   0.75	   0.00	   0.00	   187.15	    187.74	   101.25	    101.25	    3.17	    1.39	   87.33	    92.87	    
m2c265r4.htb	 8.12	    0.60	   0.74	   0.00	   0.00	   16.20	    37.76	   78.75	    56.25	    1.39	    3.37	   13.86	    18.81	    
m5c9r4.htb	 20.65	    0.25	   0.12	   0.00	   0.00	   48.11	    99.94	   157.50	    101.25	    41.30	    39.75	   96.32	    90.10	    
m5c10r4.htb	 4.75	    0.76	   0.75	   0.00	   0.00	   168.40	    177.76	   123.75	    101.25	    3.96	    1.39	   56.04	    59.21	    
m5c12r4.htb	 4.75	    0.46	   0.51	   0.00	   0.00	   279.72	    240.98	   123.75	    123.75	    1.19	    1.39	   23.17	    19.60	    
m5c17r4.htb	 0.40	    0.28	   0.39	   0.00	   0.00	   179.46	    181.64	   101.25	    101.25	    10.69	    7.33	   32.48	    30.50	    
m5c21r4.htb	 12.00	    0.20	   0.25	   0.00	   0.00	   350.95	    358.79	   123.75	    292.50	    20.93	    17.68	   49.50	    44.93	    
m5c22r4.htb	 1.19	    0.78	   0.81	   0.00	   0.00	   354.63	    356.06	   56.25	    56.25	    0.99	    0.59	   22.38	    25.35	    
m5c23r4.htb	 4.36	    0.47	   0.48	   0.00	   0.00	   76.97	    75.16	   56.25	    123.75	    5.35	    7.52	   32.08	    38.61	    
m5c26r4.htb	 6.93	    0.53	   0.37	   0.00	   0.00	   116.64	    107.83	   56.25	    56.25	    6.93	    9.90	   18.42	    22.57	    
m5c43r4.htb	 16.24	    0.72	   0.69	   0.00	   0.00	   351.99	    342.57	   101.25	    101.25	    9.11	    7.72	   32.87	    31.88	    
m5c45r4.htb	 5.20	    0.73	   0.33	   0.00	   0.00	   337.49	    314.35	   78.75	    123.75	    3.09	    3.11	   12.16	    14.48	    
m5c47r4.htb	 4.75	    0.10	   0.59	   0.01	   0.12	   79.65	    335.50	   101.25	    337.50	    6.93	    4.06	   12.38	    7.52	    
m5c51r4.htb	 16.83	    0.67	   0.66	   0.01	   0.00	   97.10	    123.51	   101.25	    78.75	    10.52	    9.16	   27.23	    32.05	    
m5c53r4.htb	 3.96	    0.68	   0.67	   0.00	   0.00	   7.88	    2.12	   292.50	    78.75	    0.59	    0.00	   12.28	    15.05	    
m5c57r4.htb	 3.96	    0.55	   0.64	   0.00	   0.00	   149.61	    154.85	   78.75	    78.75	    4.36	    2.57	   62.38	    50.50	    
m5c58r4.htb	 12.48	    0.68	   0.70	   0.00	   0.00	   47.02	    44.09	   78.75	    101.25	    0.00	    0.40	   32.67	    34.85	    
m5c59r4.htb	 0.20	    0.45	   0.41	   0.00	   0.00	   167.82	    163.63	   101.25	    101.25	    3.96	    5.15	   34.06	    35.45	    
m5c62r4.htb	 13.44	    0.30	   0.55	   0.02	   0.00	   151.83	    134.50	   56.25	    78.75	    6.60	    3.25	   14.19	    22.35	    
m5c80r4.htb	 11.88	    0.68	   0.78	   0.00	   0.00	   177.30	    188.27	   101.25	    101.25	    4.95	    1.98	   34.06	    29.31	    
m5c88r4.htb	 28.91	    0.63	   0.60	   0.00	   0.00	   171.93	    173.04	   101.25	    101.25	    2.77	    3.96	   43.76	    48.12	    
m5c90r4.htb	 1.98	    0.34	   0.42	   0.00	   0.00	   122.72	    106.06	   78.75	    78.75	    6.53	    7.52	   41.78	    60.59	    
m2c362r5.htb	 29.25	    0.25	   0.99	   0.00	   0.43	   59.58	    89.60	   101.25	    101.25	    4.26	    4.55	   29.41	    6576.44	    
m2c362r5.htb	 29.25	    0.27	   0.59	   0.00	   0.00	   57.01	    64.50	   101.25	    101.25	    3.47	    4.13	   31.68	    85.31	    
m5c93r4.htb	 21.78	    0.84	   0.77	   0.00	   0.00	   39.94	    41.82	   78.75	    101.25	    14.65	    8.12	   58.02	    54.06	    
m2c367r4.htb	 4.75	    0.76	   0.80	   0.00	   0.00	   151.28	    156.14	   78.75	    123.75	    0.40	    0.79	   34.26	    33.66	    
m5c96r4.htb	 2.38	    0.70	   0.68	   0.00	   0.00	   20.89	    22.14	   101.25	    101.25	    1.78	    1.39	   33.07	    27.72	    
m2c371r4.htb	 21.58	    0.28	   0.45	   0.00	   0.00	   110.75	    112.47	   56.25	    56.25	    39.60	    22.18	   89.70	    52.87	    
m5c98r4.htb	 22.97	    0.49	   0.59	   0.00	   0.00	   134.43	    140.59	   202.50	    78.75	    27.92	    21.19	   135.05	    125.54	    
m5c99r4.htb	 17.23	    0.75	   0.79	   0.00	   0.00	   161.91	    156.10	   101.25	    101.25	    6.93	    4.75	   55.05	    69.11	    
m5c104r4.htb	 14.26	    0.80	   0.80	   0.00	   0.00	   134.57	    148.23	   78.75	    101.25	    6.93	    5.74	   55.45	    55.84	    
m2c386r4.htb	 17.03	    0.83	   0.76	   0.00	   0.00	   50.87	    62.35	   78.75	    123.75	    9.31	    6.73	   56.24	    67.72	    
m2c387r4.htb	 9.90	    0.08	   0.17	   0.00	   0.00	   76.00	    50.35	   101.25	    101.25	    39.01	    35.84	   66.53	    80.20	    
m2c415r4.htb	 14.85	    0.69	   0.67	   0.00	   0.00	   165.68	    154.20	   101.25	    78.75	    7.33	    3.56	   41.39	    35.05	    
m2c427r3.htb	 5.15	    0.70	   0.81	   0.00	   0.00	   308.19	    298.57	   247.50	    247.50	    3.17	    0.99	   57.82	    66.73	    
m2c440r4.htb	 12.48	    0.79	   0.75	   0.00	   0.00	   34.67	    38.45	   78.75	    101.25	    7.92	    6.14	   62.97	    61.98	    
