FILE	         Spon	 HTIve	 HTIvi	 VesP	 VisP	 VesPre	 VisPre	 VesSlo	 Vis
m5c391r1.htb 1.185 1.604 1.408 0.784 0.807 0.847 
m5c398r1.htb 0.695 1.213 0.891 0.651 0.821 0.836 
m5c405r1.htb 1.023 1.543 1.265 0.648 0.882 0.917 
m5c410r1.htb 1.288 1.593 0.770 0.698 0.599 0.657 
m5c414r1.htb 0.928 1.154 0.682 0.691 0.669 0.739 
m5c419r1.htb 0.657 0.757 0.750 0.592 0.578 0.698 
m5c426r1.htb 0.902 9.835 1.335 0.726 0.783 0.865 
m5c426r4.htb 1.071 2.643 1.185 0.831 0.691 0.851 
m5c431r1.htb 0.843 0.835 0.667 0.677 0.714 0.694 
m5c445r2.htb 1.020 0.811 0.543 0.671 0.788 0.684 
m5c453r2.htb 0.621 0.590 0.481 0.638 0.642 0.694 
m5c457r2.htb 1.250 0.871 0.607 0.530 0.779 0.679 
m5c463r1.htb 1.246 1.532 1.106 0.612 0.782 0.730 
m5c467r2.htb 1.144 1.084 1.033 0.725 0.584 0.700 
m5c471r2.htb 2.122 1.052 0.748 0.549 0.661 0.646 
m5c475r2.htb 0.702 0.725 0.643 0.666 0.768 0.749 
m5c479r2.htb 0.948 0.655 0.506 0.739 0.720 0.766 
m5c482r2.htb 0.775 1.079 0.891 0.662 0.707 0.784 
m5c486r1.htb 1.438 1.554 1.134 0.837 0.910 0.818 
m5c490r2.htb 0.729 1.048 0.862 0.753 0.810 0.866 
m5c494r1.htb 0.535 0.693 0.645 0.876 
m5c494r2.htb 0.772 1.108 0.773 0.490 0.735 0.622 
m5c498r4.htb 1.333 1.053 0.993 0.606 0.827 0.841 
m5c504r2.htb 0.708 0.927 0.675 0.707 0.833 0.783 
m5c508r2.htb 0.641 0.933 0.681 0.641 0.859 0.815 
m5c513r2.htb 0.847 0.987 0.704 0.573 0.643 0.675 
m5c518r2.htb 0.821 0.860 0.837 0.648 0.866 0.854 
m5c522r2.htb 0.752 1.614 1.150 0.583 0.759 0.768 
m5c526r2.htb 0.808 2.084 1.190 0.637 0.742 0.696 
m5c531r2.htb 0.806 4.531 1.012 0.740 0.736 0.715 
m5c536r2.htb 1.315 1.615 0.818 0.731 0.812 0.769 
m5c540r2.htb 0.642 1.040 0.709 0.713 0.834 0.841 
m5c544r2.htb 0.634 1.344 0.572 0.702 0.660 0.650 
m5c548r2.htb 0.739 1.007 0.455 0.750 0.768 0.681 
m5c552r2.htb 1.121 52.077 1.171 0.562 0.778 0.693 
m5c556r2.htb 1.975 2.299 1.640 0.562 0.642 0.642 
m5c561r2.htb 1.080 1.420 0.991 0.668 0.799 0.759 
m5c565r2.htb 1.373 1.029 0.795 0.474 0.813 0.754 
m5c568r1.htb 0.779 0.505 0.704 0.753 
m5c568r2.htb 0.702 0.503 0.486 0.701 0.637 0.735 
m5c574r2.htb 1.415 1.209 0.692 0.725 0.561 0.695 
m5c578r2.htb 0.876 0.841 0.627 0.688 0.738 0.641 
m5c583r2.htb 0.843 0.536 0.759 0.756 0.677 0.787 
m5c588r2.htb 1.550 1.176 1.086 0.745 0.853 0.888 
m5c593r2.htb 0.730 0.943 0.664 0.755 0.690 0.718 
m5c598r2.htb 0.825 2.207 0.805 0.851 0.621 0.814 
m5c602r2.htb 0.633 1.005 0.520 0.649 0.805 0.710 
m5c608r2.htb 1.000 2.073 0.816 0.619 0.741 0.597 
m5c614r2.htb 0.659 0.955 0.670 0.570 0.669 0.710 
m5c623r2.htb 0.486 0.647 0.445 0.629 0.621 0.684 
m5c627r2.htb 0.939 1.192 0.934 0.626 0.704 0.737 
m5c631r2.htb 0.671 1.305 0.745 0.535 0.790 0.710 
m5c634r1.htb 1.181 1.514 0.607 0.892 
m5c634r2.htb 0.698 1.578 1.143 0.630 0.790 0.737 
m5c638r2.htb 0.771 4.511 1.274 0.641 0.671 0.746 
m5c642r2.htb 0.679 1.668 0.783 0.634 0.813 0.620 
m5c646r1.htb 0.524 1.127 0.723 0.914 
m5c646r2.htb 1.124 0.702 0.898 0.783 
m5c654r1.htb 0.785 1.107 0.599 0.949 
m5c654r2.htb 0.640 0.745 0.762 0.780 
m5c656r1.htb 0.622 1.164 0.680 0.845 
m5c656r2.htb 2.357 0.616 0.617 0.720 
m5c665r1.htb 0.797 0.744 0.643 0.820 
m5c665r2.htb 0.608 0.321 0.735 0.613 
m5c667r1.htb 1.138 1.260 0.697 0.931 
m5c667r2.htb 2.053 1.316 0.874 0.910 
m5c671r1.htb 0.851 1.228 0.722 0.918 
m5c671r2.htb 6.028 1.828 0.817 0.828 
m5c676r1.htb 0.933 1.734 0.686 0.790 
m5c676r2.htb 6.140 0.683 0.649 0.617 
m5c682r1.htb 0.614 0.818 0.645 0.860 
m5c682r2.htb 2.018 0.768 0.687 0.720 
m5c685r1.htb 0.463 0.896 0.632 0.881 
m5c685r2.htb 1.755 0.958 0.675 0.677 
m5c745r1.htb 0.590 1.063 0.705 0.946 
m5c745r2.htb 1.405 1.051 0.802 0.872 
m5c755r1.htb 0.917 1.029 0.731 0.905 
m5c755r2.htb 1.500 1.058 0.817 0.845 
m5c759r1.htb 2.048 1.059 0.697 0.879 
m5c759r2.htb 1.795 1.269 0.747 0.701 
m5c762r1.htb 0.887 0.935 0.613 0.896 
m5c762r2.htb 1.009 0.924 0.742 0.744 
m5c771r1.htb 1.059 0.865 0.650 0.898 
m5c771r2.htb 0.890 0.734 0.800 0.720 
m5c777r1.htb 0.826 0.940 0.689 0.892 
m5c777r2.htb 1.429 0.852 0.865 0.721 
m5c780r1.htb 0.541 1.511 0.697 0.879 
m5c780r2.htb 1.433 0.825 0.744 0.816 
m5c785r1.htb 0.755 1.199 0.632 0.929 
m5c785r2.htb 1.675 0.994 0.768 0.785 
m5c795r1.htb 0.907 0.825 0.618 0.876 
m5c795r2.htb 2.585 1.680 0.827 0.848 
m5c799r1.htb 2.468 1.163 0.675 0.903 
m5c799r2.htb 1.314 1.341 0.855 0.845 
m5c802r1.htb 0.978 0.842 0.646 0.843 
m5c802r5.htb 0.649 0.662 0.731 0.717 
m5c807r1.htb 0.734 0.912 0.737 0.840 
m5c807r2.htb 2.419 1.072 0.704 0.804 
m5c814r1.htb 1.020 1.058 0.721 0.887 
m5c814r2.htb 1.029 0.764 0.801 0.810 
m5c818r1.htb 0.911 0.619 0.746 0.771 
m5c818r2.htb 1.075 0.720 0.790 0.784 
m5c821r1.htb 0.781 0.624 0.687 0.669 
m5c821r2.htb 0.913 0.894 0.753 0.790 
m5c828r1.htb 0.672 1.022 0.682 0.912 
m5c828r2.htb 1.213 0.786 0.704 0.749 
m5c832r1.htb 1.265 1.788 0.817 0.841 
m5c832r2.htb -4.692 1.224 0.550 0.802 
m5c835r1.htb 1.917 1.427 0.674 0.881 
m5c835r3.htb 2.783 1.429 0.789 0.694 
m5c838r1.htb 22.778 0.812 0.517 0.832 
m5c838r2.htb 0.861 0.746 0.847 0.759 
m5c862r1.htb 0.581 1.008 0.591 0.922 
m5c862r2.htb 0.986 0.864 0.838 0.836 
m13c4r1.htb 0.676 1.743 0.631 0.861 
m13c4r2.htb -4.556 2.021 0.738 0.751 
m13c7r1.htb 0.940 1.103 0.727 0.900 
m13c7r2.htb 1.376 0.681 0.709 0.751 
m13c15r1.htb 1.126 1.615 0.595 0.869 
m13c15r2.htb -0.727 -16.897 0.623 0.645 
m13c17r1.htb 0.753 1.679 0.705 0.804 
m13c17r2.htb -1.494 1.458 0.714 0.740 
m13c27r1.htb 0.470 1.610 0.439 0.771 
m13c27r2.htb -3.786 2.030 0.640 0.691 
m13c30r1.htb 0.603 1.131 0.800 0.892 
m13c30r2.htb 1.323 0.743 0.675 0.834 
m13c36r1.htb 0.635 0.951 0.802 0.922 
m13c36r2.htb 0.675 0.572 0.833 0.864 
m13c40r1.htb 0.808 0.911 0.664 0.847 
m13c40r2.htb -5.195 3.008 0.744 0.720 
m13c44r1.htb 1.162 1.053 0.775 0.688 
m13c44r2.htb 2.032 0.799 0.644 0.715 
m13c49r1.htb 1.136 1.186 0.570 0.712 
m13c49r2.htb 3.080 0.990 0.551 0.625 
m13c52r1.htb 0.629 1.212 0.831 0.894 
m13c52r2.htb -12.375 1.008 0.795 0.882 
m13c56r1.htb 1.112 1.171 0.784 0.772 
m13c56r2.htb 175.000 1.111 0.568 0.807 
m13c59r1.htb 0.587 0.722 0.708 0.824 
m13c59r2.htb 2.992 0.746 0.774 0.835 
m13c63r1.htb 0.584 1.503 0.676 0.904 
m13c63r2.htb 3.568 0.779 0.652 0.688 
m13c75r1.htb 0.502 0.940 0.743 0.903 
m13c75r2.htb 1.193 0.714 0.803 0.828 
m13c78r1.htb 0.479 1.098 0.615 0.884 
m13c78r2.htb 1.340 0.532 0.805 0.704 
m13c81r1.htb 0.663 1.340 0.641 0.864 
m13c81r2.htb 1.142 0.738 0.884 0.743 
m13c86r1.htb 0.675 0.907 0.612 0.901 
m13c86r2.htb 0.642 0.456 0.834 0.765 
m13c89r1.htb 0.744 1.500 0.780 0.878 
m13c89r2.htb -0.898 1.884 0.675 0.781 
m13c91r1.htb 0.906 1.381 0.751 0.884 
m13c91r2.htb 3.978 1.541 0.872 0.826 
m13c94r1.htb 0.854 0.755 0.588 0.747 
m13c94r2.htb 0.741 0.468 0.762 0.564 
m13c99r1.htb 0.901 1.778 0.706 0.890 
m13c99r2.htb 2.937 1.224 0.850 0.862 
m13c102r1.htb 4.333 0.970 0.434 0.780 
m13c102r2.htb 1.041 1.580 0.759 0.628 
m13c105r1.htb 0.795 1.322 0.821 0.915 
m13c105r2.htb 1.193 0.887 0.848 0.827 
m13c108r1.htb 0.713 1.628 0.662 0.892 
m13c108r2.htb 2.256 0.907 0.732 0.740 
m13c111r1.htb 0.727 1.642 0.890 0.914 
m13c111r2.htb 13.071 1.022 0.832 0.927 
m13c123r1.htb 0.709 1.514 0.761 0.894 
m13c123r2.htb 6.137 1.201 0.840 0.790 
m13c126r1.htb Inf 1.103 0.533 0.764 
m13c126r2.htb 2.101 3.743 0.710 0.636 
m13c133r1.htb 0.779 -51.875 0.857 0.860 
m13c133r2.htb -0.897 1.244 0.700 0.885 
m13c137r1.htb 0.777 1.093 0.728 0.871 
m13c137r2.htb 6.264 0.821 0.714 0.667 
m13c146r1.htb 0.906 1.804 0.621 0.845 
m13c146r2.htb 4.506 0.882 0.808 0.710 
m13c150r1.htb 0.604 1.781 0.673 0.881 
m13c150r2.htb 2.844 0.846 0.785 0.740 
m13c154r1.htb 0.842 1.262 0.744 0.919 
m13c154r2.htb 2.542 1.063 0.722 0.808 
m13c157r1.htb 0.679 2.402 0.427 0.838 
m13c157r2.htb -35.962 3.382 0.768 0.791 
m13c160r1.htb 0.725 1.289 0.590 0.805 
m13c160r2.htb 0.806 0.623 0.694 0.705 
m13c163r1.htb 0.755 1.249 0.803 0.910 
m13c163r2.htb 2.158 1.075 0.815 0.812 
m13c171r1.htb 0.366 0.776 0.445 0.796 
m13c171r2.htb 1.141 0.454 0.729 0.610 
m13c174r1.htb 0.795 0.997 0.810 0.856 
m13c174r2.htb 1.109 0.924 0.774 0.829 
m13c177r1.htb 0.720 1.576 0.842 0.909 
m13c177r2.htb -4.000 1.017 0.786 0.889 
m13c180r1.htb 0.473 1.154 0.751 0.934 
m13c180r2.htb 1.527 0.683 0.847 0.835 
m13c189r1.htb 0.914 1.176 0.766 0.838 
m13c189r2.htb 1.495 1.068 0.765 0.874 
m13c192r1.htb 1.194 1.144 0.599 0.872 
m13c192r2.htb 1.278 0.777 0.711 0.746 
m13c202r1.htb 0.587 1.109 0.553 0.834 
m13c202r2.htb 1.164 0.428 0.586 0.656 
m13c207r1.htb 0.882 0.687 0.631 0.836 
m13c207r2.htb 0.664 0.879 0.765 0.845 
m13c211r1.htb 0.479 0.781 0.689 0.849 
m13c211r2.htb 0.672 0.471 0.768 0.603 
m13c217r1.htb 0.660 0.922 0.710 0.788 
m13c217r2.htb 0.564 0.833 0.608 0.781 
m13c220r1.htb 1.089 -4.568 0.772 0.663 
m13c220r2.htb -1.897 1.740 0.721 0.850 
m13c228r1.htb 0.861 1.100 0.586 0.725 
m13c228r2.htb -88.333 2.912 0.782 0.707 
m13c232r1.htb 4.871 3.136 0.740 0.796 
m13c232r2.htb -41.538 4.900 0.744 0.828 
m13c235r1.htb 1.923 2.814 0.551 0.821 
m13c235r2.htb 4.767 0.824 0.746 0.662 
m13c240r1.htb 0.798 1.227 0.738 0.842 
m13c240r2.htb 4.195 1.489 0.708 0.825 
m13c249r1.htb 0.637 0.905 0.512 0.789 
m13c249r2.htb 0.480 0.386 0.695 0.687 
m13c254r1.htb 1.289 1.337 0.590 0.858 
m13c254r2.htb 1.413 0.492 0.790 0.630 
m13c259r1.htb 1.152 1.241 0.664 0.757 
m13c259r2.htb 4.200 1.461 0.701 0.586 
m13c270r1.htb 0.909 0.791 0.670 0.803 
m13c270r2.htb 0.782 0.866 0.764 0.737 
m13c275r1.htb 0.802 0.806 0.674 0.888 
m13c275r2.htb 0.663 0.476 0.831 0.616 
m13c279r1.htb 0.897 0.943 0.757 0.777 
m13c279r2.htb 1.256 0.926 0.619 0.791 
m13c283r1.htb 1.417 1.126 0.683 0.786 
m13c283r2.htb 1.825 2.875 0.793 0.751 
m13c287r1.htb 1.263 0.883 0.727 0.882 
m13c287r2.htb 0.704 1.263 0.825 0.776 
m13c291r1.htb 1.379 2.713 0.616 0.774 
m13c291r2.htb 0.812 0.722 0.633 0.744 
m13c295r1.htb 0.771 0.994 0.682 0.873 
m13c295r2.htb 0.685 0.619 0.673 0.715 
m13c298r1.htb 0.884 1.164 0.807 0.834 
m13c298r2.htb 1.009 0.849 0.735 0.817 
m13c301r1.htb 0.680 1.168 0.825 0.921 
m13c301r2.htb 2.069 1.198 0.847 0.876 
m13c305r1.htb 0.736 0.897 0.829 0.859 
m13c305r2.htb 0.862 0.647 0.890 0.869 
m13c308r1.htb 0.453 0.942 0.534 0.815 
m13c308r2.htb 0.966 0.912 0.816 0.692 
m13c312r1.htb 0.826 1.162 0.714 0.915 
m13c312r2.htb 1.898 2.067 0.708 0.592 
m13c321r1.htb 1.101 1.616 0.713 0.915 
m13c321r2.htb 0.550 0.412 0.799 0.719 
m13c324r1.htb 2.453 1.944 0.596 0.842 
m13c324r2.htb 0.626 0.464 0.685 0.657 
m13c327r1.htb 0.867 0.675 0.720 0.855 
m13c327r2.htb 1.007 0.941 0.702 0.774 
