FILE	 Spon	 VesPref	 VisPref	 VesP	 VisP	 VesDDI	 VisDDI	 Congruency
m5c386r1.htb	 92.327	 353.069	 97.075	 0.354	 0.027	 0.121	 0.714	 -0.313	 
m5c387r1.htb	 108.663	 346.430	 124.610	 0.386	 0.000	 -0.842	 24.851	 -0.061	 
m5c388r1.htb	 74.010	 287.146	 155.080	 0.273	 0.000	 -0.825	 28.949	 -0.651	 
m5c389r1.htb	 137.294	 312.571	 171.331	 0.967	 0.000	 0.184	 27.706	 -0.344	 
m5c390r1.htb	 71.287	 73.627	 130.812	 0.369	 0.000	 1.171	 2.600	 0.399	 
m5c386r1.htb	 92.327	 353.069	 97.075	 0.354	 0.027	 0.121	 0.714	 -0.313	 
m5c387r1.htb	 108.663	 346.430	 124.610	 0.386	 0.000	 -0.842	 24.851	 -0.061	 
m5c386r1.htb	 92.327	 353.069	 97.075	 0.354	 0.027	 0.121	 0.714	 -0.313	 
m5c387r1.htb	 108.663	 346.430	 124.610	 0.386	 0.000	 -0.842	 24.851	 -0.061	 
m5c388r1.htb	 74.010	 287.146	 155.080	 0.273	 0.000	 -0.825	 28.949	 -0.651	 
m5c389r1.htb	 137.294	 312.571	 171.331	 0.967	 0.000	 0.184	 27.706	 -0.344	 
m5c390r1.htb	 71.287	 73.627	 130.812	 0.369	 0.000	 1.171	 2.600	 0.399	 
m5c392r1.htb	 67.987	 279.495	 130.876	 0.046	 0.312	 1.707	 -0.492	 -0.649	 
m5c393r1.htb	 60.726	 62.158	 120.052	 0.994	 0.004	 0.142	 2.143	 0.037	 
m5c394r1.htb	 52.805	 51.358	 129.633	 0.669	 0.000	 -1.216	 4.344	 -0.083	 
m5c395r1.htb	 90.347	 312.230	 166.778	 0.254	 0.000	 1.534	 9.222	 -0.198	 
m5c396r1.htb	 83.168	 277.129	 162.107	 0.558	 0.000	 -1.120	 5.407	 -0.543	 
m5c397r1.htb	 91.089	 26.986	 154.360	 0.521	 0.000	 -0.302	 3.722	 -0.345	 
m5c399r1.htb	 66.584	 121.025	 39.838	 0.599	 0.015	 1.082	 -2.149	 -0.382	 
m5c400r1.htb	 103.960	 122.981	 24.726	 0.970	 0.077	 0.482	 -1.325	 -0.310	 
m5c401r1.htb	 100.000	 76.524	 175.750	 0.188	 0.028	 -0.318	 1.781	 0.081	 
m5c402r1.htb	 76.980	 281.820	 203.256	 0.824	 0.000	 -0.407	 8.934	 -0.072	 
m5c403r1.htb	 109.901	 258.435	 216.179	 0.623	 0.002	 0.643	 3.251	 0.457	 
m5c404r1.htb	 58.416	 244.444	 217.479	 0.575	 0.000	 -1.583	 3.464	 0.157	 
m5c409r1.htb	 46.205	 114.442	 103.976	 0.676	 0.387	 -1.330	 0.741	 0.178	 
m5c408r1.htb	 60.644	 67.726	 54.920	 0.358	 0.010	 -0.222	 -0.430	 0.301	 
m5c406r1.htb	 51.815	 175.637	 76.585	 0.298	 0.052	 -0.341	 -1.609	 -0.300	 
m5c407r1.htb	 46.782	 222.426	 92.978	 0.500	 0.001	 0.410	 1.736	 -0.045	 
m5c411r1.htb	 26.733	 82.007	 160.860	 0.897	 0.001	 -1.799	 3.868	 -0.303	 
m5c412r1.htb	 25.248	 287.924	 173.024	 0.600	 0.001	 -1.021	 3.925	 -0.348	 
m5c413r1.htb	 38.119	 33.046	 164.218	 0.147	 0.026	 0.164	 1.518	 -0.564	 
m5c415r1.htb	 34.158	 289.682	 84.435	 0.180	 0.012	 -0.274	 -0.567	 -0.543	 
m5c416r1.htb	 70.792	 249.875	 111.570	 0.083	 0.007	 -1.040	 1.451	 -0.393	 
m5c417r1.htb	 84.818	 17.307	 48.337	 0.841	 0.000	 -0.190	 0.679	 0.355	 
m5c418r1.htb	 110.891	 336.661	 77.707	 0.618	 0.063	 0.620	 3.491	 -0.064	 
m5c420r1.htb	 121.122	 157.619	 348.471	 0.300	 0.056	 3.163	 -1.549	 -0.552	 
m5c421r1.htb	 74.257	 71.646	 176.049	 0.773	 0.015	 1.028	 3.110	 0.668	 
m5c422r1.htb	 81.436	 0.841	 202.045	 0.774	 0.011	 -0.224	 1.193	 -0.655	 
m5c423r1.htb	 86.799	 14.616	 218.626	 0.735	 0.136	 -0.189	 2.149	 0.006	 
m5c424r1.htb	 90.099	 248.009	 213.693	 0.012	 0.000	 0.525	 3.027	 0.730	 
m5c425r1.htb	 98.350	 264.006	 191.905	 0.834	 0.016	 -0.210	 2.175	 0.226	 
m5c427r1.htb	 34.901	 80.803	 235.516	 0.097	 0.000	 -3.073	 -0.420	 -0.021	 
m5c428r1.htb	 49.175	 226.715	 83.033	 0.406	 0.012	 0.691	 0.242	 -0.662	 
m5c429r1.htb	 96.535	 196.355	 71.521	 0.886	 0.000	 1.026	 -1.773	 -0.250	 
m5c430r1.htb	 81.683	 229.591	 61.549	 0.742	 0.024	 0.412	 -1.167	 -0.300	 
m5c446r1.htb	 38.614	 189.900	 52.345	 0.786	 0.027	 -0.644	 -1.396	 -0.468	 
m5c448r1.htb	 58.416	 40.255	 26.564	 0.270	 0.000	 -0.070	 -3.255	 0.429	 
m5c447r1.htb	 99.340	 158.863	 22.258	 0.022	 0.000	 3.053	 -1.329	 -0.407	 
m5c452r1.htb	 39.934	 331.034	 186.091	 0.862	 0.003	 -1.070	 1.362	 -0.499	 
m5c449r1.htb	 33.333	 298.800	 175.993	 0.798	 0.074	 1.498	 1.453	 -0.156	 
m5c450r1.htb	 85.149	 67.957	 171.933	 NaN	 NaN	 -1.563	 Inf	 -0.361	 
m5c451r1.htb	 55.446	 126.118	 157.011	 0.969	 0.742	 0.113	 1.073	 -0.324	 
m5c456r1.htb	 52.475	 102.789	 160.300	 0.738	 0.023	 -0.642	 2.459	 -0.032	 
m5c454r1.htb	 85.809	 295.852	 179.957	 0.336	 0.100	 -3.770	 8.044	 -0.525	 
m5c455r1.htb	 81.848	 319.735	 185.369	 0.197	 0.004	 -2.040	 3.388	 -0.293	 
m5c458r1.htb	 81.848	 288.312	 2.854	 0.104	 0.001	 8.212	 -1.035	 0.019	 
m5c459r1.htb	 88.779	 207.506	 96.404	 0.121	 0.001	 -0.030	 2.767	 -0.107	 
m5c460r1.htb	 89.851	 13.048	 146.252	 0.924	 0.000	 -1.484	 8.668	 -0.449	 
m5c461r1.htb	 94.059	 16.301	 172.466	 0.887	 0.000	 -0.232	 6.646	 -0.552	 
m5c462r1.htb	 61.386	 339.350	 205.796	 0.372	 0.002	 -1.954	 3.218	 -0.451	 
m5c464r1.htb	 47.277	 359.068	 40.848	 0.840	 0.014	 -0.184	 -2.143	 0.051	 
m5c465r1.htb	 81.683	 211.889	 59.855	 0.721	 0.000	 0.493	 -3.327	 -0.473	 
m5c466r1.htb	 60.726	 169.352	 99.102	 0.088	 0.060	 -0.189	 1.147	 -0.359	 
m5c468r1.htb	 67.574	 356.004	 76.877	 0.991	 0.016	 1.133	 -1.023	 -0.008	 
m5c469r1.htb	 48.267	 77.873	 61.423	 0.995	 0.009	 -0.337	 0.063	 -0.431	 
m5c470r1.htb	 66.089	 224.609	 79.663	 0.842	 0.156	 0.407	 -0.777	 -0.584	 
m5c472r1.htb	 42.244	 168.030	 52.414	 0.977	 0.008	 0.276	 -2.581	 -0.247	 
m5c473r1.htb	 34.901	 280.187	 74.451	 0.506	 0.008	 1.454	 0.991	 -0.510	 
m5c474r1.htb	 92.409	 337.280	 82.651	 0.452	 0.762	 0.010	 0.432	 -0.125	 
m5c476r1.htb	 46.535	 312.496	 160.431	 0.138	 0.043	 -0.931	 1.313	 -0.522	 
m5c477r1.htb	 47.030	 178.522	 153.679	 0.015	 0.044	 -0.255	 0.246	 0.246	 
m5c478r1.htb	 55.116	 246.284	 152.419	 0.129	 0.110	 -0.265	 1.428	 -0.188	 
m5c480r1.htb	 50.495	 8.090	 139.996	 0.832	 0.000	 0.809	 2.251	 -0.009	 
m5c481r1.htb	 64.356	 87.013	 179.910	 0.834	 0.003	 -0.786	 3.290	 -0.133	 
m5c484r1.htb	 45.215	 294.237	 190.182	 0.100	 0.003	 0.110	 3.102	 -0.030	 
m5c483r1.htb	 50.495	 315.448	 185.012	 0.012	 0.003	 -1.225	 4.265	 -0.149	 
m5c485r1.htb	 29.373	 352.784	 191.727	 0.074	 0.002	 -0.284	 6.901	 -0.674	 
m5c488r1.htb	 65.677	 340.815	 204.104	 0.555	 0.001	 -0.791	 3.927	 -0.147	 
m5c487r1.htb	 57.756	 16.048	 206.978	 0.001	 0.005	 -1.042	 5.734	 -0.677	 
m5c489r1.htb	 81.188	 341.089	 192.446	 0.143	 0.010	 -0.600	 2.522	 -0.535	 
m5c491r1.htb	 44.554	 251.213	 197.634	 0.219	 0.012	 0.788	 0.586	 0.563	 
m5c492r1.htb	 61.056	 255.093	 212.069	 0.127	 0.034	 -0.464	 1.406	 0.573	 
m5c493r1.htb	 98.267	 347.949	 208.888	 0.874	 0.002	 0.730	 1.073	 -0.110	 
m5c495r1.htb	 79.455	 290.815	 56.893	 0.387	 0.007	 2.204	 -1.573	 -0.382	 
m5c496r1.htb	 56.188	 21.605	 23.880	 0.133	 0.000	 0.993	 -5.054	 0.358	 
m5c497r1.htb	 77.888	 240.811	 352.196	 0.862	 0.052	 -0.073	 -2.844	 -0.118	 
m5c503r1.htb	 102.475	 271.171	 128.583	 0.040	 0.072	 6.822	 1.358	 -0.489	 
m5c502r1.htb	 76.733	 217.035	 140.467	 0.196	 0.006	 0.611	 2.356	 -0.060	 
m5c501r1.htb	 72.772	 184.087	 99.207	 0.932	 0.000	 -1.072	 0.411	 -0.203	 
m5c505r1.htb	 83.663	 20.220	 159.730	 0.269	 0.000	 -0.690	 4.818	 -0.607	 
m5c506r1.htb	 111.881	 344.174	 189.708	 0.893	 0.000	 -0.410	 3.960	 -0.367	 
m5c507r1.htb	 82.508	 289.578	 196.369	 0.103	 0.000	 -3.299	 7.904	 -0.087	 
m5c511r1.htb	 49.752	 154.492	 114.050	 0.079	 0.008	 -0.767	 -1.194	 0.516	 
m5c510r1.htb	 49.010	 137.366	 59.200	 0.155	 0.034	 -1.186	 -1.041	 0.409	 
m5c509r1.htb	 31.436	 158.639	 332.523	 0.528	 0.015	 0.273	 -1.110	 0.493	 
m5c512r1.htb	 53.465	 231.225	 25.287	 0.356	 0.025	 -0.304	 -1.057	 0.032	 
m5c514r1.htb	 46.865	 214.394	 52.401	 0.399	 0.000	 0.183	 -25.500	 -0.383	 
m5c515r1.htb	 43.564	 152.463	 26.226	 0.893	 0.000	 0.200	 -5.502	 -0.372	 
m5c516r1.htb	 49.175	 157.003	 340.310	 0.637	 0.001	 -0.775	 -6.838	 -0.410	 
m5c517r1.htb	 56.436	 130.326	 325.587	 0.943	 0.000	 0.709	 -3.925	 -0.619	 
m5c519r1.htb	 85.809	 153.384	 119.791	 0.217	 0.001	 -0.215	 2.322	 -0.272	 
m5c520r1.htb	 118.812	 356.662	 181.241	 0.101	 0.021	 -0.578	 7.738	 -0.659	 
m5c521r1.htb	 103.300	 324.780	 188.970	 0.426	 0.001	 -1.491	 3.216	 -0.754	 
m5c523r1.htb	 36.634	 193.655	 87.525	 0.047	 0.015	 0.414	 0.857	 -0.339	 
m5c524r1.htb	 49.752	 185.784	 102.172	 0.779	 0.000	 -0.452	 0.714	 -0.243	 
m5c525r1.htb	 58.746	 108.687	 127.043	 0.918	 0.001	 0.023	 4.230	 0.071	 
m5c528r1.htb	 82.673	 141.155	 94.952	 0.105	 0.000	 2.505	 2.412	 0.330	 
m5c529r1.htb	 70.957	 70.763	 100.380	 0.991	 0.000	 0.074	 4.338	 -0.287	 
m5c530r1.htb	 72.607	 318.506	 79.433	 0.773	 0.000	 -1.055	 0.946	 0.042	 
m5c535r1.htb	 98.020	 146.515	 14.399	 0.451	 0.000	 -1.104	 -10.594	 -0.251	 
m5c532r1.htb	 33.911	 252.206	 17.300	 0.926	 0.006	 0.115	 -14.225	 -0.227	 
m5c533r1.htb	 54.455	 67.085	 9.001	 0.025	 0.000	 5.425	 -17.786	 -0.432	 
m5c534r1.htb	 74.587	 134.463	 185.383	 0.750	 0.157	 -0.213	 0.623	 0.036	 
m5c537r1.htb	 62.376	 167.536	 195.554	 0.997	 0.000	 0.914	 2.724	 0.562	 
m5c538r1.htb	 64.356	 177.365	 183.186	 0.968	 0.000	 0.196	 3.115	 0.476	 
m5c539r1.htb	 73.267	 195.271	 134.457	 0.552	 0.001	 0.795	 5.498	 0.539	 
m5c541r1.htb	 45.875	 31.078	 38.756	 0.671	 0.000	 0.177	 -2.521	 0.325	 
m5c542r1.htb	 68.564	 141.058	 43.916	 0.016	 0.005	 0.554	 -3.252	 -0.203	 
m5c543r1.htb	 53.135	 24.582	 330.886	 0.083	 0.029	 -0.132	 -3.014	 0.040	 
m5c545r1.htb	 77.888	 320.618	 169.767	 0.961	 0.086	 -0.176	 1.828	 -0.423	 
m5c546r1.htb	 110.149	 63.639	 155.383	 0.103	 0.000	 -2.785	 3.465	 -0.545	 
m5c547r1.htb	 72.937	 51.824	 146.174	 0.197	 0.000	 0.032	 11.690	 -0.060	 
m5c549r1.htb	 58.663	 220.953	 9.153	 0.313	 0.000	 0.268	 -4.112	 -0.137	 
m5c550r1.htb	 114.191	 322.073	 19.670	 0.729	 0.000	 -0.458	 -5.567	 0.374	 
m5c551r1.htb	 73.597	 42.570	 20.199	 0.615	 0.000	 0.515	 -6.255	 -0.224	 
m5c553r1.htb	 66.337	 331.180	 185.123	 0.316	 0.422	 0.488	 2.688	 0.148	 
m5c554r1.htb	 81.782	 294.555	 22.832	 0.888	 0.474	 0.399	 0.904	 0.267	 
m5c555r1.htb	 67.079	 15.997	 129.092	 0.349	 0.000	 0.235	 1.156	 -0.122	 
m5c557r1.htb	 66.667	 10.014	 163.812	 0.025	 0.016	 0.120	 1.818	 -0.625	 
m5c558r1.htb	 40.264	 54.576	 157.947	 0.952	 0.099	 -0.448	 0.816	 0.122	 
m5c559r1.htb	 46.865	 275.693	 130.053	 0.059	 0.001	 0.420	 6.291	 -0.383	 
m5c562r1.htb	 42.574	 275.165	 161.943	 0.645	 0.002	 0.475	 3.287	 -0.054	 
m5c563r1.htb	 58.663	 153.559	 147.425	 0.898	 0.004	 0.385	 3.466	 0.210	 
m5c564r1.htb	 41.584	 163.793	 200.356	 0.758	 0.388	 -0.846	 1.988	 0.003	 
m5c566r1.htb	 37.129	 238.292	 38.619	 0.198	 0.007	 -0.558	 -1.710	 -0.354	 
m5c568r1.htb	 66.337	 239.795	 357.284	 0.601	 0.472	 0.280	 0.934	 0.034	 
m5c567r1.htb	 50.165	 211.397	 359.253	 0.026	 0.671	 -0.126	 -0.971	 -0.484	 
m5c569r1.htb	 66.997	 13.446	 168.678	 0.831	 0.054	 -0.593	 2.149	 -0.570	 
m5c570r1.htb	 56.436	 33.950	 138.080	 0.104	 0.046	 0.708	 3.461	 -0.295	 
m5c571r1.htb	 64.356	 224.421	 3.270	 0.914	 0.003	 1.285	 -1.684	 -0.287	 
m5c572r1.htb	 65.677	 330.614	 39.229	 0.609	 0.006	 -1.660	 -1.727	 0.322	 
m5c573r1.htb	 57.756	 130.216	 13.214	 0.584	 0.001	 -0.409	 -6.316	 0.337	 
m5c575r1.htb	 33.911	 274.285	 18.935	 0.019	 0.001	 1.897	 -1.973	 -0.299	 
m5c576r1.htb	 59.076	 327.336	 34.308	 0.817	 0.003	 0.445	 -2.969	 -0.111	 
m5c577r1.htb	 77.558	 222.850	 12.733	 0.586	 0.001	 -0.469	 -15.066	 -0.485	 
m5c579r1.htb	 34.901	 301.644	 14.340	 0.620	 0.755	 -0.339	 0.345	 -0.037	 
m5c580r1.htb	 46.287	 234.069	 25.009	 0.045	 0.000	 1.375	 0.301	 -0.248	 
m5c581r1.htb	 53.465	 217.756	 20.570	 0.429	 0.005	 0.683	 0.103	 -0.725	 
m5c582r1.htb	 58.911	 211.633	 34.341	 0.462	 0.004	 1.563	 -0.998	 -0.809	 
m5c584r1.htb	 50.743	 232.181	 45.022	 0.054	 0.019	 2.388	 -0.678	 -0.581	 
m5c585r1.htb	 50.825	 209.789	 23.468	 0.013	 0.134	 1.103	 -0.786	 -0.766	 
m5c586r1.htb	 59.901	 248.122	 194.010	 0.055	 0.001	 -0.399	 1.754	 0.065	 
m5c587r1.htb	 49.835	 266.389	 217.559	 0.399	 0.001	 -1.633	 0.854	 0.191	 
m5c589r1.htb	 9.571	 287.355	 202.721	 0.361	 0.015	 -0.089	 1.210	 -0.003	 
m5c590r1.htb	 18.812	 54.637	 193.408	 0.836	 0.082	 1.278	 1.581	 0.077	 
m5c591r1.htb	 30.693	 346.715	 179.290	 0.071	 0.070	 -3.278	 1.851	 -0.670	 
m5c592r1.htb	 13.531	 359.372	 215.468	 0.007	 0.008	 -1.445	 1.024	 -0.508	 
m5c594r1.htb	 60.726	 192.724	 178.823	 0.003	 0.035	 -0.051	 0.152	 0.731	 
m5c595r1.htb	 40.594	 200.876	 141.329	 0.072	 0.148	 1.437	 -2.037	 0.319	 
m5c596r1.htb	 33.911	 194.139	 51.818	 0.013	 0.037	 0.768	 -1.248	 -0.589	 
m5c597r1.htb	 33.993	 245.275	 37.948	 0.012	 0.139	 -0.068	 -1.994	 -0.455	 
m5c601r1.htb	 33.663	 185.528	 20.840	 0.555	 0.007	 -1.274	 -2.182	 0.047	 
m5c600r1.htb	 29.373	 236.140	 14.097	 0.984	 0.001	 -0.218	 -4.370	 0.299	 
m5c599r1.htb	 28.465	 239.103	 11.387	 0.077	 0.000	 -0.282	 -4.346	 -0.443	 
m5c603r1.htb	 61.386	 353.063	 296.860	 0.793	 0.000	 0.278	 -0.816	 0.088	 
m5c604r1.htb	 43.069	 71.606	 343.087	 0.855	 0.095	 -0.030	 -1.500	 0.242	 
m5c605r1.htb	 33.911	 270.731	 116.401	 0.008	 0.000	 -1.619	 1.732	 -0.523	 
m5c606r1.htb	 59.901	 260.189	 126.642	 0.088	 0.000	 0.498	 6.577	 0.019	 
m5c607r1.htb	 66.089	 250.859	 126.318	 0.031	 0.001	 -1.013	 1.626	 -0.462	 
m5c610r1.htb	 38.119	 9.506	 161.247	 0.015	 0.001	 0.951	 0.471	 -0.255	 
m5c611r1.htb	 37.954	 291.551	 50.502	 0.870	 0.006	 -0.906	 -3.561	 0.273	 
m5c612r1.htb	 78.878	 242.363	 24.330	 0.364	 0.012	 0.443	 -9.244	 -0.214	 
m5c613r1.htb	 51.815	 164.089	 24.817	 0.762	 0.000	 -2.161	 -17.655	 -0.213	 
m5c615r1.htb	 19.554	 235.449	 141.341	 0.793	 0.000	 0.167	 4.006	 -0.352	 
m5c616r1.htb	 29.373	 295.496	 112.515	 0.840	 0.004	 -0.354	 1.585	 -0.742	 
m5c617r1.htb	 31.931	 214.012	 46.502	 0.995	 0.247	 0.311	 0.375	 -0.194	 
m5c619r1.htb	 46.205	 240.058	 140.959	 0.410	 0.027	 0.060	 0.940	 -0.219	 
m5c620r1.htb	 62.046	 226.688	 134.547	 0.600	 0.057	 0.260	 1.013	 0.236	 
m5c621r1.htb	 73.267	 287.142	 27.144	 0.788	 0.003	 0.402	 -0.424	 0.110	 
m5c622r1.htb	 55.116	 203.060	 26.005	 0.971	 0.000	 -0.214	 -4.107	 -0.567	 
m5c625r1.htb	 19.802	 242.822	 13.625	 0.112	 0.000	 -0.655	 -1.966	 -0.193	 
m5c624r1.htb	 72.772	 321.932	 14.783	 0.539	 0.000	 -1.859	 -4.011	 0.457	 
m5c626r1.htb	 28.465	 20.017	 7.269	 0.018	 0.001	 0.866	 -5.142	 0.290	 
m5c629r1.htb	 35.891	 28.519	 54.411	 0.553	 0.000	 -0.561	 -5.334	 0.328	 
m5c628r1.htb	 31.353	 325.754	 34.833	 0.044	 0.000	 -0.679	 -4.089	 -0.105	 
m5c630r1.htb	 37.624	 292.124	 5.721	 0.171	 0.000	 0.329	 -5.490	 0.094	 
m5c633r1.htb	 15.512	 283.385	 45.367	 0.857	 0.000	 -0.977	 -5.236	 -0.088	 
m5c634r1.htb	 51.485	 204.031	 18.875	 0.946	 0.001	 -0.107	 -3.276	 -0.589	 
m5c632r1.htb	 41.832	 75.803	 20.332	 0.828	 0.004	 -0.728	 -6.701	 0.350	 
m5c635r1.htb	 67.327	 2.699	 209.255	 0.304	 0.000	 -0.645	 3.171	 -0.154	 
m5c636r1.htb	 30.693	 311.191	 190.141	 NaN	 NaN	 0.040	 3.281	 -0.268	 
m5c637r1.htb	 30.363	 286.540	 171.985	 0.096	 0.000	 -0.862	 3.547	 -0.354	 
m5c639r1.htb	 35.644	 354.123	 159.684	 0.680	 0.000	 0.427	 8.643	 -0.366	 
m5c640r1.htb	 33.993	 337.500	 144.878	 0.348	 0.000	 -1.941	 5.407	 -0.612	 
m5c641r1.htb	 40.594	 212.693	 127.890	 0.181	 0.000	 1.743	 5.295	 0.043	 
m5c643r1.htb	 44.554	 339.384	 137.473	 0.087	 0.003	 -0.959	 2.014	 -0.487	 
m5c644r1.htb	 32.673	 338.024	 153.535	 0.018	 0.000	 -3.464	 8.777	 -0.583	 
m5c645r1.htb	 34.653	 330.120	 159.275	 0.095	 0.000	 1.416	 13.236	 -0.380	 
m5c647r1.htb	 14.521	 280.739	 148.591	 0.268	 0.001	 -0.135	 3.633	 -0.422	 
m5c648r1.htb	 22.772	 328.378	 156.239	 0.050	 0.000	 -0.360	 27.288	 -0.574	 
m5c649r1.htb	 30.693	 8.882	 167.101	 0.530	 0.000	 -0.470	 6.333	 -0.436	 
m5c652r1.htb	 35.396	 226.658	 14.461	 0.245	 0.000	 -1.215	 -10.100	 -0.160	 
m5c651r1.htb	 49.175	 258.564	 13.975	 0.155	 0.003	 -1.614	 -2.874	 -0.048	 
m5c653r1.htb	 47.772	 92.686	 355.806	 0.893	 0.000	 -0.906	 -18.536	 0.158	 
m5c655r1.htb	 11.881	 305.615	 29.875	 0.618	 0.000	 -1.844	 -6.096	 0.346	 
m5c656r1.htb	 11.881	 23.525	 28.787	 0.121	 0.000	 -1.132	 -3.425	 0.672	 
m5c657r1.htb	 58.168	 281.842	 88.249	 0.458	 0.000	 -1.584	 -0.612	 -0.376	 
m5c660r1.htb	 63.861	 66.702	 356.798	 0.297	 0.000	 0.881	 -12.779	 0.271	 
m5c658r1.htb	 30.033	 73.235	 8.689	 0.475	 0.000	 -0.123	 -6.694	 0.240	 
m5c659r1.htb	 29.373	 305.722	 2.158	 0.744	 0.000	 0.544	 -3.598	 -0.008	 
m5c662r1.htb	 68.069	 206.239	 69.956	 0.033	 0.000	 0.456	 0.149	 -0.710	 
m5c663r1.htb	 91.337	 290.471	 104.411	 0.976	 0.001	 0.612	 4.665	 -0.539	 
m5c664r1.htb	 66.007	 327.386	 119.637	 0.362	 0.046	 -0.264	 3.509	 -0.518	 
m5c666r1.htb	 60.396	 276.507	 221.928	 0.922	 0.000	 -0.243	 4.801	 0.233	 
m5c667r1.htb	 98.812	 279.739	 238.481	 0.088	 0.000	 -0.696	 2.045	 0.747	 
m5c668r1.htb	 54.950	 185.515	 220.456	 0.526	 0.000	 0.977	 2.820	 0.728	 
m5c669r1.htb	 62.129	 239.247	 100.919	 0.265	 0.000	 0.592	 2.864	 -0.491	 
m5c670r1.htb	 50.495	 242.199	 277.869	 0.514	 0.000	 0.758	 0.101	 0.085	 
m5c671r1.htb	 58.416	 313.501	 317.027	 0.159	 0.000	 -0.099	 -5.412	 0.867	 
m5c672r1.htb	 71.287	 222.615	 39.042	 0.014	 0.000	 1.049	 -1.771	 -0.527	 
m5c673r1.htb	 57.426	 55.939	 82.995	 0.070	 0.001	 -2.130	 1.427	 0.120	 
m5c674r1.htb	 60.396	 356.486	 46.456	 0.581	 0.003	 -0.435	 -0.170	 0.023	 
m5c675r1.htb	 57.426	 225.713	 51.761	 0.687	 0.169	 -0.080	 -0.418	 -0.478	 
m5c681r1.htb	 48.845	 262.923	 140.723	 0.990	 0.001	 -0.926	 3.569	 -0.142	 
m5c682r1.htb	 76.832	 280.152	 143.302	 0.347	 0.000	 -1.058	 5.764	 -0.769	 
m5c683r1.htb	 39.851	 274.935	 161.187	 0.000	 0.000	 -1.045	 2.633	 -0.387	 
m5c684r1.htb	 19.554	 263.151	 136.795	 0.135	 0.000	 2.183	 4.940	 -0.390	 
m5c685r1.htb	 37.228	 264.561	 141.449	 0.206	 0.000	 0.273	 3.783	 -0.446	 
m5c686r1.htb	 50.495	 248.327	 172.625	 0.262	 0.002	 -0.265	 1.305	 0.093	 
m5c743r1.htb	 62.624	 270.701	 196.239	 0.127	 0.000	 0.352	 4.602	 0.348	 
m5c745r1.htb	 30.941	 165.135	 162.671	 0.603	 0.000	 0.285	 11.669	 0.152	 
m5c744r1.htb	 58.086	 262.927	 163.668	 0.177	 0.001	 -0.436	 1.771	 -0.155	 
m5c749r1.htb	 28.218	 277.539	 199.844	 0.707	 0.002	 -0.939	 5.196	 -0.074	 
m5c746r1.htb	 17.822	 319.926	 204.813	 0.291	 0.000	 0.000	 2.255	 -0.423	 
m5c748r1.htb	 30.693	 298.610	 226.523	 0.677	 0.000	 -0.535	 0.608	 0.289	 
m5c747r1.htb	 41.089	 77.817	 179.060	 0.980	 0.213	 -0.599	 -0.362	 -0.108	 
m5c751r1.htb	 14.191	 278.569	 15.566	 0.320	 0.001	 1.565	 -7.852	 0.418	 
m5c752r1.htb	 23.762	 297.319	 284.052	 0.027	 0.001	 -0.718	 -0.472	 0.543	 
m5c753r1.htb	 51.683	 233.285	 184.969	 0.004	 0.000	 0.141	 8.267	 0.398	 
m5c754r1.htb	 47.772	 290.736	 180.936	 0.316	 0.000	 -0.336	 11.692	 0.011	 
m5c756r1.htb	 11.551	 337.599	 174.678	 0.229	 0.000	 -1.219	 6.342	 -0.343	 
m5c757r1.htb	 45.875	 26.312	 195.914	 0.536	 0.119	 -1.850	 -0.973	 -0.300	 
m5c758r1.htb	 25.413	 292.500	 238.024	 0.489	 0.004	 -1.058	 -1.394	 0.296	 
m5c760r1.htb	 18.482	 322.072	 222.440	 0.083	 0.001	 -3.403	 3.104	 0.024	 
m5c762r1.htb	 28.911	 11.666	 155.524	 0.569	 0.000	 -0.440	 4.938	 -0.180	 
m5c761r1.htb	 19.472	 337.395	 135.833	 0.915	 0.008	 -1.328	 2.764	 -0.634	 
m5c766r1.htb	 36.964	 299.297	 74.951	 0.069	 0.626	 -0.824	 -1.339	 -0.588	 
m5c765r1.htb	 56.931	 210.309	 319.992	 0.685	 0.000	 0.286	 -0.501	 0.400	 
m5c764r1.htb	 44.554	 231.830	 345.706	 0.947	 0.040	 -0.250	 -1.444	 0.144	 
m5c767r1.htb	 32.178	 200.004	 20.247	 0.861	 0.000	 -0.106	 -2.880	 -0.095	 
m5c769r1.htb	 80.528	 221.907	 172.908	 0.219	 0.000	 -1.877	 6.146	 0.010	 
m5c771r1.htb	 35.396	 24.119	 167.005	 0.454	 0.000	 -0.363	 5.637	 -0.067	 
m5c770r1.htb	 68.564	 232.256	 153.804	 0.704	 0.001	 1.365	 1.968	 0.074	 
m5c776r1.htb	 43.069	 183.203	 39.288	 0.732	 0.000	 -0.659	 -10.955	 -0.180	 
m5c777r1.htb	 63.960	 223.875	 25.418	 0.067	 0.000	 0.383	 -7.445	 -0.719	 
m5c775r1.htb	 47.525	 207.522	 28.246	 0.500	 0.000	 0.631	 -9.592	 -0.507	 
m5c778r1.htb	 41.914	 313.723	 125.195	 0.002	 0.001	 -2.287	 1.315	 -0.200	 
m5c779r1.htb	 42.574	 335.814	 72.877	 0.362	 0.453	 0.404	 0.268	 0.189	 
m5c780r1.htb	 37.822	 304.681	 27.866	 0.067	 0.000	 -0.707	 -3.210	 0.148	 
m5c781r1.htb	 58.086	 293.437	 62.281	 0.157	 0.000	 0.295	 -0.954	 -0.335	 
m5c784r1.htb	 13.861	 238.253	 354.068	 0.066	 0.000	 1.461	 -4.744	 -0.425	 
m5c785r1.htb	 37.426	 228.425	 352.279	 0.402	 0.000	 1.032	 -10.223	 -0.306	 
m5c783r1.htb	 60.396	 147.258	 354.997	 0.737	 0.000	 0.164	 -4.720	 0.083	 
m5c786r1.htb	 37.871	 341.251	 45.928	 0.347	 0.343	 0.479	 -1.026	 0.084	 
m5c787r1.htb	 84.818	 191.598	 25.215	 0.223	 0.509	 0.284	 -2.344	 -0.459	 
m5c788r1.htb	 63.696	 66.300	 28.786	 0.593	 0.082	 0.783	 -0.037	 0.277	 
m5c790r1.htb	 63.366	 321.450	 12.049	 0.772	 0.000	 0.586	 -3.043	 -0.204	 
m5c789r1.htb	 66.584	 227.880	 340.318	 0.089	 0.039	 0.410	 -2.069	 -0.414	 
m5c791r1.htb	 60.396	 354.083	 340.540	 0.018	 0.012	 -1.106	 -2.422	 0.256	 
m5c792r1.htb	 43.234	 102.010	 10.778	 0.290	 0.022	 -0.402	 -0.324	 -0.361	 
m5c793r1.htb	 78.878	 106.068	 119.493	 NaN	 NaN	 -0.987	 1.118	 0.338	 
m5c794r1.htb	 60.891	 262.976	 42.979	 0.508	 0.001	 -0.509	 -1.872	 0.337	 
m5c795r1.htb	 77.822	 295.064	 82.695	 0.959	 0.000	 -0.235	 -4.586	 -0.334	 
m5c796r1.htb	 21.782	 310.859	 82.531	 0.361	 0.000	 0.665	 -0.706	 -0.221	 
m5c798r1.htb	 51.155	 305.558	 336.830	 0.539	 0.002	 0.000	 -3.394	 0.525	 
m5c799r1.htb	 54.257	 18.147	 348.819	 0.442	 0.000	 0.667	 -4.813	 0.170	 
m5c797r1.htb	 45.050	 54.589	 346.547	 0.526	 0.000	 1.246	 -3.452	 0.248	 
m5c800r1.htb	 74.587	 329.269	 290.076	 0.948	 0.401	 0.291	 -0.547	 -0.452	 
m5c802r1.htb	 45.347	 307.975	 28.172	 0.242	 0.000	 -0.444	 1.280	 -0.533	 
m5c801r1.htb	 32.343	 274.720	 51.480	 0.542	 0.007	 1.704	 0.359	 0.023	 
m5c806r1.htb	 48.845	 312.485	 354.772	 0.333	 0.002	 -1.356	 -9.153	 0.260	 
m5c803r1.htb	 56.436	 332.325	 348.080	 0.676	 0.000	 -0.077	 -5.123	 0.524	 
m5c805r1.htb	 54.455	 337.837	 75.428	 0.071	 0.012	 -0.981	 -1.704	 0.286	 
m5c804r1.htb	 41.914	 3.578	 56.477	 0.449	 0.214	 -0.715	 -0.730	 0.673	 
m5c808r1.htb	 31.683	 14.583	 147.100	 0.016	 0.156	 0.780	 1.051	 -0.004	 
m5c810r1.htb	 28.218	 86.096	 120.527	 0.967	 0.000	 0.192	 4.308	 0.723	 
m5c809r1.htb	 49.175	 69.915	 107.279	 0.479	 0.002	 -0.285	 1.045	 0.483	 
m5c811r1.htb	 57.426	 256.610	 242.355	 0.868	 0.000	 0.484	 -0.059	 0.681	 
m5c812r1.htb	 46.205	 260.725	 270.428	 0.284	 0.485	 0.357	 0.054	 -0.002	 
m5c813r1.htb	 52.145	 279.175	 306.378	 0.620	 0.026	 1.182	 0.349	 0.643	 
m5c815r1.htb	 42.574	 340.867	 164.190	 0.053	 0.002	 -1.263	 0.791	 -0.549	 
m5c816r1.htb	 40.924	 31.088	 193.022	 0.439	 0.628	 -0.138	 0.486	 0.312	 
m5c817r1.htb	 40.594	 290.398	 75.126	 0.297	 0.016	 0.705	 -0.656	 -0.722	 
m5c819r1.htb	 37.954	 339.106	 182.026	 0.018	 0.000	 0.000	 6.536	 -0.175	 
m5c821r1.htb	 39.406	 271.914	 183.981	 0.004	 0.271	 -0.438	 1.554	 0.037	 
m5c820r1.htb	 52.228	 70.459	 156.927	 0.169	 0.004	 0.061	 0.239	 0.048	 
m5c822r1.htb	 31.188	 288.411	 25.955	 0.363	 0.506	 1.269	 -0.587	 -0.160	 
m5c824r1.htb	 35.974	 306.406	 16.114	 0.602	 0.034	 0.316	 -1.475	 -0.123	 
m5c823r1.htb	 17.162	 273.851	 18.187	 0.608	 0.007	 -0.362	 -7.846	 0.098	 
m5c826r1.htb	 34.983	 52.458	 155.993	 0.642	 0.000	 -0.291	 2.906	 -0.003	 
m5c828r1.htb	 25.545	 339.273	 164.058	 0.215	 0.000	 0.049	 5.840	 -0.557	 
m5c827r1.htb	 37.129	 16.352	 219.064	 0.284	 0.346	 0.019	 -0.357	 0.446	 
m5c830r1.htb	 63.366	 294.292	 120.683	 0.474	 0.000	 -0.279	 5.177	 -0.555	 
m5c832r1.htb	 62.772	 340.153	 95.813	 0.000	 0.000	 -1.890	 2.285	 -0.403	 
m5c831r1.htb	 77.723	 321.695	 79.012	 0.676	 0.269	 -0.673	 0.295	 -0.605	 
m5c833r1.htb	 52.970	 143.638	 104.015	 0.990	 0.001	 0.173	 0.357	 -0.010	 
m5c834r1.htb	 35.396	 247.930	 157.273	 0.947	 0.017	 1.346	 3.450	 0.120	 
m5c835r1.htb	 86.931	 315.540	 186.901	 0.025	 0.000	 1.331	 3.018	 -0.112	 
m5c836r1.htb	 31.353	 258.152	 118.235	 0.929	 0.236	 0.050	 -0.135	 -0.529	 
m5c838r1.htb	 40.396	 247.275	 64.534	 0.493	 0.000	 0.265	 -4.962	 -0.028	 
m5c837r1.htb	 20.545	 299.642	 81.525	 0.656	 0.002	 -0.252	 -3.550	 -0.341	 
m5c859r1.htb	 62.046	 282.255	 131.148	 0.681	 0.047	 -2.963	 2.716	 -0.379	 
m5c860r1.htb	 67.079	 243.348	 154.812	 0.264	 0.002	 0.237	 2.066	 0.348	 
m5c862r1.htb	 42.772	 257.066	 158.295	 0.591	 0.000	 0.563	 6.044	 -0.001	 
m5c861r1.htb	 66.584	 297.034	 150.935	 0.025	 0.000	 1.512	 2.496	 -0.352	 
m5c866r1.htb	 44.059	 295.879	 148.440	 0.077	 0.009	 1.190	 0.565	 0.201	 
m5c863r1.htb	 42.327	 265.970	 155.738	 0.035	 0.010	 1.173	 3.197	 0.443	 
m5c864r1.htb	 52.723	 221.742	 170.290	 0.662	 0.037	 0.083	 0.776	 0.426	 
m5c867r1.htb	 67.574	 221.381	 167.494	 0.033	 0.000	 -0.938	 2.069	 -0.076	 
m5c868r1.htb	 64.356	 307.860	 155.559	 0.618	 0.047	 -0.614	 1.380	 -0.361	 
m5c482r2.htb	 42.822	 273.949	 145.118	 183.157	 0.004	 0.770	 0.086	 0.278	 1.175	 -0.079	 0.016	 
m13c4r1.htb	 43.168	 341.377	 181.258	 0.675	 0.000	 0.081	 4.143	 -0.368	 
m13c4r2.htb	 55.446	 172.242	 268.335	 0.054	 0.102	 1.796	 1.206	 -0.031	 
m13c7r1.htb	 88.614	 9.430	 180.988	 0.196	 0.000	 -1.846	 7.423	 -0.441	 
m13c7r2.htb	 63.614	 199.148	 192.859	 0.186	 0.000	 1.575	 0.712	 0.171	 
m13c11r1.htb	 52.970	 128.634	 59.411	 0.133	 0.003	 -0.097	 -1.485	 0.010	 
m13c11r2.htb	 75.446	 200.073	 193.868	 0.018	 0.170	 -1.273	 0.339	 0.405	 
m13c15r1.htb	 54.851	 1.910	 134.524	 0.928	 0.000	 -0.369	 3.234	 -0.198	 
m13c15r2.htb	 59.604	 213.547	 316.053	 0.392	 0.393	 1.116	 -0.959	 -0.492	 
m13c17r1.htb	 62.376	 323.708	 187.000	 0.097	 0.000	 -1.008	 2.353	 -0.626	 
m13c17r2.htb	 59.208	 250.791	 330.545	 0.172	 0.179	 0.196	 1.200	 0.164	 
m13c21r1.htb	 58.663	 245.180	 211.804	 0.010	 0.000	 0.094	 1.774	 0.616	 
m13c21r2.htb	 72.772	 197.807	 235.354	 0.365	 0.000	 -0.337	 0.912	 0.272	 
m13c27r1.htb	 39.604	 256.714	 198.890	 0.941	 0.006	 -0.828	 1.022	 0.215	 
m13c27r2.htb	 41.584	 203.427	 256.182	 0.144	 0.034	 0.031	 -0.869	 0.335	 
m5c753r1.htb	 51.683	 233.285	 184.969	 0.004	 0.000	 0.141	 8.267	 0.398	 
m13c30r1.htb	 23.960	 34.925	 172.946	 0.003	 0.000	 -1.242	 4.296	 -0.171	 
m13c30r2.htb	 22.772	 186.450	 216.435	 0.181	 0.000	 1.906	 0.846	 0.232	 
m13c36r1.htb	 57.624	 170.554	 351.645	 0.001	 0.000	 0.944	 -7.416	 -0.154	 
m13c36r2.htb	 52.673	 355.335	 335.381	 0.001	 0.000	 -3.302	 -0.680	 0.321	 
m13c3r1.htb	 50.248	 302.617	 200.653	 0.290	 0.000	 -0.768	 4.406	 -0.115	 
m13c1r1.htb	 11.881	 313.223	 187.661	 0.224	 0.000	 1.904	 2.657	 0.122	 
m13c2r1.htb	 43.564	 65.040	 168.560	 0.227	 0.000	 0.006	 2.660	 -0.134	 
m13c5r1.htb	 44.307	 39.708	 16.916	 0.980	 0.000	 -0.343	 -6.139	 0.370	 
m13c3r1.htb	 50.248	 302.617	 200.653	 0.290	 0.000	 -0.768	 4.406	 -0.115	 
m13c1r1.htb	 11.881	 313.223	 187.661	 0.224	 0.000	 1.904	 2.657	 0.122	 
m13c2r1.htb	 43.564	 65.040	 168.560	 0.227	 0.000	 0.006	 2.660	 -0.134	 
m13c5r1.htb	 44.307	 39.708	 16.916	 0.980	 0.000	 -0.343	 -6.139	 0.370	 
m13c6r1.htb	 69.554	 355.635	 183.702	 0.694	 0.002	 -1.962	 3.828	 -0.626	 
m13c7r1.htb	 88.614	 9.430	 180.988	 0.196	 0.000	 -1.846	 7.423	 -0.441	 
m13c9r1.htb	 63.366	 188.631	 37.563	 0.642	 0.002	 0.150	 -1.601	 -0.668	 
m13c11r1.htb	 52.970	 128.634	 59.411	 0.133	 0.003	 -0.097	 -1.485	 0.010	 
m13c10r1.htb	 33.168	 293.192	 62.572	 0.367	 0.000	 1.119	 -0.590	 -0.372	 
m13c12r1.htb	 80.446	 136.769	 144.884	 0.606	 0.003	 0.041	 1.867	 -0.264	 
m13c13r1.htb	 47.195	 355.558	 117.252	 0.480	 0.003	 2.022	 2.287	 0.117	 
m13c14r1.htb	 23.432	 272.780	 136.178	 0.305	 0.367	 -0.055	 2.190	 -0.379	 
m13c16r1.htb	 80.446	 116.302	 166.238	 0.317	 0.000	 1.040	 9.337	 0.281	 
m13c17r1.htb	 62.376	 323.708	 187.000	 0.097	 0.000	 -1.008	 2.353	 -0.626	 
m13c18r1.htb	 50.693	 327.791	 198.270	 0.180	 0.000	 -1.600	 3.810	 -0.489	 
m13c20r1.htb	 69.059	 232.929	 268.314	 0.355	 0.000	 1.039	 2.547	 0.713	 
m13c19r1.htb	 89.109	 217.321	 246.474	 0.001	 0.000	 2.846	 0.581	 0.724	 
m13c21r1.htb	 58.663	 245.180	 211.804	 0.010	 0.000	 0.094	 1.774	 0.616	 
m13c22r1.htb	 58.614	 358.450	 228.407	 0.007	 0.000	 1.154	 2.055	 -0.497	 
m13c23r1.htb	 39.604	 236.604	 253.136	 0.281	 0.011	 -0.179	 0.103	 0.858	 
m13c24r1.htb	 50.248	 187.104	 227.690	 0.437	 0.027	 -0.882	 0.972	 0.007	 
m13c25r1.htb	 40.594	 319.670	 205.439	 0.874	 0.000	 0.496	 0.000	 -0.205	 
m13c26r1.htb	 38.614	 175.920	 193.147	 0.165	 0.000	 -0.342	 0.849	 0.239	 
m13c31r1.htb	 38.284	 244.562	 172.749	 0.482	 0.022	 1.122	 2.559	 0.145	 
m13c30r1.htb	 23.960	 34.925	 172.946	 0.003	 0.000	 -1.242	 4.296	 -0.171	 
m13c28r1.htb	 23.762	 16.574	 185.344	 0.008	 0.006	 0.044	 0.921	 0.084	 
m13c29r1.htb	 32.673	 163.141	 98.669	 0.984	 0.167	 0.812	 0.531	 -0.195	 
m13c33r1.htb	 63.696	 201.228	 66.364	 0.162	 0.003	 -0.504	 -2.204	 -0.118	 
m13c34r1.htb	 55.776	 202.786	 12.784	 0.009	 0.000	 -0.271	 -3.351	 -0.441	 
m13c35r1.htb	 72.277	 268.348	 353.816	 0.075	 0.000	 -0.715	 -7.144	 0.257	 
