FILE	         Spon	 HTIve	 HTIvi	 VesP	 VisP	 VesPre	 VisPre	 VesSlo	 Vis
m2c162r1.htb 15.644 18.317 16.832 15.842 15.594 13.366 21.040 32.079 39.604 32.921 23.515 2.310 3.555 2.334 2.208 0.990 1.574 3.198 1.143 2.736 2.442 11.881 15.594 17.079 15.347 18.564 28.218 39.851 45.297 43.317 16.832 1.320 2.001 1.429 2.113 1.889 1.512 2.397 2.929 0.857 2.238 
m2c163r1.htb 9.307 22.277 13.861 10.149 8.663 9.406 15.842 21.535 19.802 19.307 19.307 5.572 2.287 2.614 0.976 2.357 2.599 1.946 0.933 2.113 0.990 34.653 30.941 21.287 11.139 8.663 14.356 12.624 15.099 25.000 36.881 2.334 0.719 2.661 2.966 2.486 0.990 1.268 0.719 1.268 1.268 
m2c168r1.htb 1.733 4.703 9.653 5.941 11.139 10.891 12.376 10.396 10.644 10.891 6.188 1.268 5.608 1.548 1.707 1.044 1.361 2.008 2.107 2.470 2.351 32.921 35.149 40.594 61.634 46.535 12.624 5.941 17.574 1.238 11.881 2.107 0.572 3.061 4.052 1.548 3.345 1.683 16.985 0.857 3.933 
m2c170r1.htb 23.762 29.208 27.723 24.257 34.406 33.416 38.861 37.624 42.327 30.446 33.911 3.919 2.722 2.403 5.184 3.178 4.338 4.983 3.915 1.503 3.596 30.693 37.426 36.040 16.584 4.950 5.941 2.970 3.218 4.950 23.762 4.850 3.757 2.730 2.656 1.548 2.681 1.683 1.889 1.808 1.235 
m2c172r1.htb 8.663 14.191 15.099 13.366 8.168 5.941 6.601 6.188 2.640 13.366 20.462 1.838 2.158 1.361 1.178 3.025 1.746 3.716 1.439 2.214 1.439 9.653 12.624 14.521 18.482 23.020 22.030 17.822 13.201 11.551 15.842 1.082 1.642 1.320 0.330 1.574 2.442 4.001 0.873 2.877 1.512 
m2c174r1.htb 11.089 6.683 8.168 9.653 15.594 21.287 21.535 21.287 15.099 9.653 3.960 1.889 1.830 1.889 0.857 1.777 0.857 2.113 1.268 1.574 1.235 3.960 4.208 6.683 18.069 26.980 25.743 24.010 12.871 8.168 7.426 0.808 1.429 1.642 1.268 3.378 3.645 4.158 3.763 0.719 2.113 
m2c175r1.htb 4.950 15.347 15.050 20.050 24.010 20.792 24.257 23.366 20.545 18.812 7.921 5.431 1.015 4.070 1.021 0.990 2.304 4.091 1.636 1.213 1.278 9.307 15.594 7.723 7.178 9.158 6.683 2.723 4.950 6.683 9.653 1.589 2.753 1.542 1.478 0.845 0.248 1.422 2.021 2.404 1.422 
m2c176r1.htb 7.129 20.594 28.515 18.020 20.396 16.040 14.059 9.703 10.099 14.653 18.218 5.279 1.502 2.874 1.904 2.999 2.023 2.831 3.040 2.979 2.230 8.317 12.079 27.129 25.941 22.376 14.851 8.515 7.723 10.297 6.337 2.118 1.764 2.029 2.605 2.680 2.778 1.338 2.460 2.680 0.828 
m2c177r1.htb 7.096 12.277 15.446 7.327 11.881 15.248 11.089 6.931 4.752 2.574 10.693 1.140 1.589 1.338 3.621 0.965 4.163 1.917 2.197 0.564 2.765 3.564 3.366 8.713 11.089 6.139 5.545 2.574 3.564 5.149 1.980 1.589 0.828 1.374 3.661 1.764 2.029 0.564 0.751 1.542 0.926 
m2c178r1.htb 19.604 36.634 35.050 33.168 29.950 34.653 39.109 40.594 31.436 23.762 35.891 2.251 3.239 2.442 2.036 1.762 3.196 2.651 3.088 2.425 1.912 14.109 27.228 48.713 61.634 66.089 55.941 35.644 31.188 45.297 17.574 1.422 1.178 2.874 3.167 1.636 2.604 1.949 2.081 2.897 1.912 
m2c179r1.htb 11.881 31.485 33.861 31.881 24.158 20.594 11.485 7.525 5.545 7.921 17.426 2.359 1.962 2.675 4.000 1.418 0.965 1.192 0.965 1.213 0.564 6.931 6.139 8.911 15.248 5.941 3.168 5.347 4.752 5.941 14.455 1.356 1.962 2.186 2.835 4.007 1.502 1.426 2.053 1.565 3.681 
m2c180r1.htb 17.327 23.762 23.564 20.000 16.634 17.624 20.792 24.092 25.149 18.218 25.347 1.819 1.281 1.764 0.734 1.729 3.111 1.870 2.610 2.390 1.589 41.980 33.069 30.099 22.970 20.627 21.782 21.980 25.347 30.693 40.198 2.587 1.243 1.291 1.073 1.229 2.778 1.693 1.805 1.443 1.338 
m2c181r1.htb 18.020 26.139 35.842 50.099 59.802 62.970 60.594 47.723 17.030 5.545 15.050 3.780 5.550 5.269 3.681 2.814 2.053 2.582 3.273 1.243 2.510 13.465 12.871 12.475 19.406 17.822 26.337 24.158 27.129 29.109 23.960 2.059 2.756 1.469 1.968 2.778 2.338 3.295 1.085 3.970 2.252 
m2c182r1.htb 10.231 19.406 21.386 18.614 16.634 18.218 14.653 10.693 5.149 8.515 13.465 1.291 3.239 2.534 2.306 2.089 2.698 2.698 0.645 1.664 1.872 8.911 4.158 4.554 7.525 5.941 11.287 14.059 26.139 44.950 14.257 1.885 1.581 0.564 0.564 0.700 1.999 1.657 1.510 1.291 1.027 
m2c183r1.htb 25.149 36.634 25.941 29.505 26.535 34.059 48.515 61.386 64.752 35.842 32.475 4.975 3.594 2.721 1.962 4.195 2.214 2.071 5.418 2.743 2.652 29.703 21.980 19.604 14.851 20.198 22.574 25.743 22.970 21.386 29.703 1.750 3.040 2.083 2.643 2.490 1.693 2.734 2.410 3.665 3.189 
m2c184r1.htb 25.743 17.624 22.178 23.366 33.465 45.347 57.228 60.198 57.624 33.267 21.782 3.273 4.016 3.970 1.073 5.267 4.118 4.856 5.371 4.296 2.950 61.386 50.297 52.673 31.485 33.663 42.574 43.564 54.257 42.970 61.584 4.618 1.832 4.264 1.865 4.067 2.295 5.524 5.924 5.068 4.766 
m2c185r1.htb 20.594 76.634 74.455 62.772 41.188 27.129 27.129 27.921 23.960 35.842 57.624 6.287 3.997 2.490 2.175 0.564 3.812 2.534 2.252 1.693 5.114 22.178 25.149 26.733 10.099 10.891 13.267 12.475 5.347 1.386 7.723 2.702 1.736 2.950 1.962 1.852 2.285 1.936 1.243 0.564 0.645 
m2c186r1.htb 22.178 24.356 24.554 22.772 24.158 24.158 22.376 21.188 19.802 25.149 26.931 1.805 0.886 1.526 1.291 1.338 0.965 1.243 1.400 0.899 1.962 7.723 8.713 10.099 10.693 7.327 8.911 9.307 11.089 9.307 5.941 1.073 1.073 2.225 1.182 0.828 1.262 3.064 2.083 1.469 0.700 
m2c187r1.htb 7.921 19.059 22.178 21.188 25.545 26.535 22.970 16.832 18.812 18.317 19.802 2.191 3.258 5.116 2.384 0.886 1.832 2.425 1.069 2.929 2.756 32.277 36.040 34.158 35.396 34.901 36.040 25.149 15.842 14.851 24.554 1.469 2.465 2.304 8.027 1.021 3.812 6.545 2.391 2.011 2.485 
m2c189r1.htb 7.723 17.228 10.693 11.485 16.832 14.257 13.663 16.634 26.535 34.851 19.406 2.610 2.675 2.465 4.644 1.192 3.777 4.792 3.936 3.060 4.883 14.653 18.812 20.990 29.901 23.960 14.851 8.911 15.842 29.901 20.990 1.073 2.778 2.698 4.073 2.916 4.142 0.783 0.990 2.279 3.455 
m2c190r1.htb 7.129 9.703 9.307 5.743 3.960 5.545 2.574 4.356 5.347 10.297 8.317 2.359 2.539 1.542 0.926 1.805 0.751 1.589 2.390 2.311 1.469 4.158 9.505 17.624 16.832 41.188 48.713 37.426 17.822 6.931 5.347 2.053 1.469 1.502 1.949 4.599 3.139 2.979 2.475 1.262 1.664 
m2c191r1.htb 21.782 22.772 17.228 20.000 17.228 13.267 12.079 14.059 18.416 25.941 22.970 1.949 2.146 1.281 2.364 1.243 1.328 0.414 2.146 1.962 1.129 54.455 49.901 69.703 77.822 61.980 63.762 58.812 46.139 53.465 52.079 8.524 2.792 3.780 1.627 1.904 4.572 6.702 1.291 4.926 5.541 
m2c193r1.htb 22.574 47.525 42.970 35.644 36.040 41.386 47.327 60.000 58.812 54.851 48.713 4.316 3.648 6.281 2.118 4.177 2.809 2.465 4.858 5.452 2.460 20.198 17.822 15.446 32.079 67.525 65.941 73.267 86.535 75.446 43.564 4.076 4.037 2.770 4.031 3.793 5.586 4.497 5.694 9.037 1.750 
m2c195r1.htb 1.733 7.921 0.330 2.640 4.950 4.950 9.571 14.851 24.752 39.274 21.782 1.683 0.330 1.190 1.143 0.990 1.838 3.748 2.287 3.148 1.512 4.290 5.281 10.891 10.561 7.261 8.251 2.475 2.970 21.782 7.261 0.873 2.008 1.512 1.190 1.439 2.164 0.572 1.143 2.952 1.439 
m2c196r1.htb 18.416 42.327 45.545 36.139 29.208 18.564 21.782 19.307 25.743 19.307 37.129 1.268 9.074 1.190 1.361 2.351 3.988 4.489 1.044 6.305 4.702 80.941 79.208 84.901 50.248 5.941 5.693 7.178 9.406 6.683 44.059 6.929 9.346 11.672 7.885 1.235 1.178 2.442 1.512 0.976 4.188 
m2c197r1.htb 13.366 21.188 20.198 14.653 20.792 13.861 14.653 16.436 16.238 15.644 16.634 0.965 1.338 1.832 2.711 1.750 2.460 2.390 2.539 1.657 1.799 76.436 88.911 94.059 58.218 15.248 3.564 2.970 4.752 2.574 40.198 4.392 4.766 5.297 2.460 2.702 1.192 0.926 2.023 0.899 1.550 
m2c198r1.htb 5.149 23.020 29.208 23.515 15.099 8.663 6.436 11.386 10.644 7.921 14.604 2.208 1.715 4.486 3.915 1.268 1.777 3.183 2.815 2.952 2.107 18.317 13.861 15.099 13.366 11.386 15.842 26.980 21.535 19.307 14.851 0.990 2.470 2.158 2.970 0.990 0.660 1.082 1.946 1.953 1.235 
m2c199r1.htb 32.871 36.832 49.505 49.505 48.515 53.267 49.109 41.980 36.040 29.505 29.307 4.221 5.332 1.949 1.949 3.419 1.243 2.230 2.338 4.088 1.140 35.050 39.406 50.099 68.713 54.653 42.178 32.277 20.792 31.089 32.871 2.680 1.374 2.230 3.143 2.306 1.805 1.627 1.949 2.230 1.693 
m2c200r1.htb 6.931 18.218 19.802 9.901 12.079 2.772 5.743 4.554 4.752 6.139 10.495 3.597 5.513 1.750 3.744 0.952 2.605 0.564 1.182 1.233 2.920 51.089 71.287 65.347 21.188 3.960 1.188 3.366 3.366 5.347 23.564 4.061 3.976 3.072 5.007 0.783 0.542 0.828 0.828 0.828 2.169 
m2c202r1.htb 29.703 15.644 21.386 22.574 18.812 32.277 31.881 19.208 17.426 14.653 10.891 4.163 3.665 2.558 3.604 4.091 1.993 4.395 2.089 2.083 2.011 11.089 15.644 23.564 58.812 27.723 13.069 5.545 4.158 5.149 5.149 1.898 3.560 3.401 4.505 2.689 1.502 0.751 1.281 1.898 2.053 
m2c214r1.htb 14.851 16.634 19.010 18.812 11.485 23.960 26.337 28.713 19.010 10.297 16.634 2.485 5.126 3.721 2.680 3.100 1.426 3.819 3.594 3.258 3.577 9.901 15.248 15.248 40.594 65.743 64.158 52.673 43.762 15.050 9.505 2.548 1.027 4.151 4.850 4.518 3.542 5.161 2.333 1.418 0.899 
m2c220r1.htb 4.356 10.693 15.248 9.901 6.139 5.149 6.931 9.307 5.347 6.931 11.881 1.502 4.016 2.374 1.619 0.414 2.041 2.364 0.965 0.700 2.689 2.574 3.960 3.366 6.337 20.396 31.683 27.327 18.020 9.505 3.564 0.899 1.526 1.664 0.828 2.490 3.483 2.415 3.809 3.528 0.564 
m2c221r1.htb 12.673 52.871 48.119 43.366 38.416 27.525 17.624 16.634 18.614 22.772 39.208 2.814 6.545 3.273 4.177 2.510 3.158 1.581 1.993 3.721 1.736 4.158 8.119 7.525 5.149 10.693 13.465 23.168 35.248 39.208 13.663 1.460 4.378 2.465 1.542 2.252 2.440 1.968 1.736 4.612 0.886 
m2c223r1.htb 5.658 28.878 23.927 14.356 11.551 14.356 21.452 15.842 14.191 16.337 21.617 4.519 2.721 3.369 3.139 1.502 2.838 3.314 1.473 0.918 1.780 5.611 3.795 4.620 0.660 15.512 38.944 60.726 62.046 47.030 6.436 1.649 0.859 1.625 0.362 1.499 1.974 2.287 2.032 1.935 1.276 
m2c226r1.htb 16.832 49.307 39.208 31.683 24.554 19.208 20.396 22.574 22.970 27.723 42.574 2.279 3.614 3.412 1.832 1.805 1.999 4.043 1.657 2.425 2.548 49.505 28.317 26.733 11.485 12.871 7.129 5.941 6.931 15.446 46.139 3.483 2.941 3.376 1.999 3.150 1.657 2.158 1.750 3.350 4.436 
m2c231r1.htb 34.851 48.713 28.119 30.891 33.465 30.495 26.931 31.089 40.198 43.762 46.535 4.028 3.907 2.582 2.809 2.652 5.267 4.352 3.476 2.279 3.430 3.168 2.970 4.158 10.297 68.911 88.911 93.267 92.277 54.257 3.168 0.813 0.700 1.542 2.563 3.044 5.232 3.841 4.235 1.619 1.073 
m2c233r1.htb 23.168 28.713 22.525 21.287 24.752 25.495 25.990 32.426 33.416 36.881 31.188 1.617 1.707 2.578 1.683 1.642 1.889 2.351 2.736 2.442 4.537 18.069 9.901 8.416 10.149 9.158 11.139 42.327 81.683 133.911 47.277 2.853 0.933 0.990 1.574 2.054 1.642 1.503 4.188 4.534 5.390 
m2c236r1.htb 8.204 15.182 22.277 15.347 18.812 25.578 26.568 35.149 29.868 20.792 16.172 2.515 4.873 2.253 4.498 2.464 2.663 5.031 3.412 3.003 3.887 41.089 31.117 25.248 35.314 73.267 84.653 90.594 91.584 79.066 50.495 7.565 5.494 3.670 4.055 1.940 4.170 5.606 2.866 6.222 4.978 
m2c237r1.htb 22.489 21.947 27.063 28.548 34.983 36.799 33.946 35.974 32.249 22.112 26.874 2.764 3.826 2.573 2.710 1.845 3.465 2.468 2.822 2.252 3.357 22.442 35.644 52.475 118.647 117.492 88.449 39.439 28.713 20.627 22.937 2.577 3.498 3.498 5.174 6.228 7.850 2.588 3.118 1.265 2.558 
m2c240r1.htb 25.347 48.317 56.238 62.376 61.188 58.614 63.366 52.277 36.436 36.040 40.594 2.485 4.702 3.302 2.460 3.951 5.061 3.793 4.754 1.968 4.838 19.406 18.218 16.436 14.455 8.911 13.663 11.683 10.297 11.089 13.663 2.440 2.230 2.390 2.857 2.524 3.139 2.852 3.023 3.100 4.702 
m2c241r1.htb 14.455 15.446 13.663 11.287 11.881 18.416 19.010 15.842 28.119 27.129 25.941 2.983 1.015 2.175 2.129 1.736 0.414 1.443 2.338 2.258 2.169 3.960 1.980 5.545 8.515 10.891 7.327 4.158 2.970 5.545 4.950 0.926 0.495 1.291 2.175 2.269 1.426 1.182 1.213 1.140 1.443 
m2c242r1.htb 40.792 36.040 40.198 55.842 63.960 64.752 68.911 62.178 48.713 33.267 29.703 3.332 1.701 3.614 4.106 4.665 4.572 3.235 1.930 1.936 5.121 36.436 40.990 60.198 93.663 98.416 89.703 69.703 51.485 32.079 32.475 2.916 3.458 1.799 4.136 4.324 4.352 3.731 4.761 1.771 2.141 
m2c244r1.htb 7.756 27.723 24.010 23.267 29.950 21.535 20.545 16.089 23.515 23.515 20.792 5.716 4.814 3.974 3.745 3.998 2.158 2.208 0.547 1.770 1.235 27.970 21.287 19.802 20.792 17.574 20.050 15.594 23.267 42.079 29.208 0.719 3.250 2.839 2.139 2.158 1.503 1.268 3.863 2.661 3.317 
m2c247r1.htb 23.102 20.462 20.462 21.782 27.228 31.188 25.578 26.568 24.422 19.142 25.083 3.063 2.234 2.292 3.026 4.046 1.887 2.008 1.829 1.625 0.871 9.076 15.512 15.017 48.350 81.353 61.386 38.284 23.432 12.376 5.611 1.690 2.824 1.619 5.052 9.699 2.627 3.403 1.499 1.276 1.304 
m2c252r1.htb 13.465 3.762 7.921 7.129 11.485 10.099 13.465 13.069 19.010 6.733 6.535 1.962 2.991 2.410 2.490 2.652 1.805 3.273 3.401 1.073 1.140 43.168 44.356 46.931 52.079 17.030 3.564 2.970 2.376 3.366 20.792 3.258 1.073 2.539 4.995 2.359 0.664 1.356 0.664 1.085 4.259 
m2c254r1.htb 4.158 9.109 9.505 8.713 7.327 5.347 2.772 2.574 2.574 5.545 9.703 1.281 1.426 1.832 1.192 1.085 0.886 0.828 0.899 2.610 2.558 17.624 17.822 14.257 4.158 3.564 4.752 4.950 5.545 6.733 8.911 2.787 1.885 1.664 1.460 1.027 0.952 0.857 1.291 0.952 2.071 
m2c258r1.htb 8.911 30.363 36.436 28.713 29.901 25.908 23.102 12.706 25.149 38.218 21.287 6.272 3.575 3.016 4.574 7.543 4.141 2.085 3.293 4.956 1.831 7.723 12.079 10.726 12.706 24.092 42.739 35.314 34.653 14.059 14.851 1.146 4.638 3.400 2.969 2.879 4.813 3.775 5.468 1.863 2.077 
m2c260r1.htb 10.693 16.832 19.554 20.396 17.426 13.861 12.871 17.327 15.446 20.297 16.832 3.208 1.478 1.383 2.440 1.143 1.715 0.948 1.736 2.195 1.917 21.782 16.832 22.525 16.584 23.762 30.693 33.861 32.673 23.267 25.743 2.524 1.213 2.897 4.755 2.322 3.105 2.743 2.756 2.442 1.667 
m2c262r1.htb 1.132 17.162 13.201 13.036 7.426 11.551 7.921 7.426 14.686 17.327 27.228 2.500 1.913 2.333 1.809 2.753 2.715 1.306 1.866 1.245 5.421 8.251 10.396 14.026 20.297 12.871 15.017 11.056 12.706 12.871 8.416 1.210 1.527 1.908 1.146 1.559 1.928 0.812 1.100 3.960 1.213 
m2c364r1.htb 12.211 11.089 10.297 10.297 15.050 14.653 13.267 11.881 14.059 10.099 6.337 1.832 2.285 1.469 0.734 1.619 1.999 1.949 2.675 2.141 0.664 9.307 24.752 32.277 51.287 68.713 51.683 18.812 15.446 13.861 8.713 3.162 2.778 3.780 2.629 3.458 2.197 2.643 1.904 1.819 2.582 
m2c365r1.htb 11.386 43.168 36.040 37.426 25.941 26.337 23.960 29.109 29.307 27.723 35.050 2.747 2.657 4.968 2.787 4.253 4.433 6.089 2.118 2.129 4.665 13.861 21.980 22.772 12.475 16.436 17.228 24.752 20.594 16.634 16.040 2.011 3.577 3.227 3.123 3.907 1.140 2.756 2.384 2.937 1.930 
m2c368r1.htb 27.847 43.706 44.837 33.522 37.341 36.775 36.775 42.574 39.321 34.229 41.160 4.318 2.688 1.447 1.525 3.611 1.484 7.231 4.238 3.429 4.765 30.693 28.147 29.420 28.430 28.006 26.308 25.460 19.802 20.934 26.308 3.539 1.850 2.778 1.662 2.031 1.744 1.726 1.361 1.130 1.648 
m2c369r1.htb 19.378 16.407 16.007 22.348 22.112 21.452 23.102 25.908 21.122 17.822 12.541 1.879 1.937 4.955 3.179 2.282 2.797 2.020 2.578 2.839 1.369 18.105 26.450 31.966 33.993 34.158 22.914 7.921 11.457 7.591 8.746 1.314 4.244 3.628 3.250 2.041 7.998 1.808 2.941 1.244 1.954 
m2c370r1.htb 18.953 16.667 18.482 22.937 27.393 24.752 31.023 25.248 22.442 13.531 16.997 2.177 2.851 0.763 2.667 2.473 2.163 1.245 1.672 2.879 1.439 33.663 30.693 30.033 34.158 34.983 23.102 21.617 20.297 23.927 32.343 1.221 1.726 1.273 2.165 3.025 3.368 2.282 1.502 1.265 1.974 
m2c372r1.htb 12.079 13.267 15.050 16.832 13.267 16.634 15.248 11.485 17.030 22.574 19.010 1.589 4.088 2.548 1.510 1.865 3.064 1.664 1.962 1.619 2.460 23.564 33.663 44.554 45.743 53.861 46.931 30.495 24.950 18.416 19.010 0.952 3.208 2.186 3.997 2.899 2.440 3.310 4.264 1.872 1.930 
m2c374r1.htb 14.653 15.644 14.257 15.446 20.990 22.376 24.554 28.515 20.990 18.812 19.208 1.015 1.338 1.338 1.460 2.258 2.534 2.197 1.962 2.450 1.426 59.010 49.307 32.079 13.267 22.772 12.673 12.277 16.040 20.396 59.208 2.725 2.629 2.364 1.510 1.526 1.129 1.291 2.023 1.805 1.418 
m2c376r1.htb 13.861 15.644 12.079 10.891 9.505 19.010 22.772 17.822 17.228 10.297 11.683 3.347 1.281 1.852 3.023 1.542 1.885 5.061 4.586 1.192 2.279 11.485 11.881 12.277 19.604 14.455 16.238 22.970 25.347 19.406 11.485 2.770 1.565 2.814 3.560 2.146 2.747 2.605 2.230 2.146 2.258 
m2c378r1.htb 2.574 28.218 11.683 3.465 3.713 6.931 10.149 8.911 17.822 5.941 11.139 3.991 2.169 1.642 1.170 1.785 3.008 2.651 4.983 1.069 1.302 1.485 0.990 3.564 20.050 45.941 73.069 107.426 94.554 41.832 2.475 0.857 0.404 0.828 8.287 5.104 7.720 4.791 7.524 3.601 1.031 
m2c382r1.htb 5.799 7.214 10.184 6.931 5.941 9.477 9.901 12.164 9.477 13.013 13.154 1.694 1.543 1.167 1.044 1.775 2.113 1.742 1.397 2.182 2.543 60.962 31.400 13.720 5.658 1.697 2.546 2.546 3.536 46.959 95.757 2.512 2.307 2.256 1.375 0.689 0.695 0.869 1.187 3.291 4.087 
m2c384r1.htb 29.043 37.822 39.802 30.297 22.376 28.911 28.911 26.139 34.653 30.891 41.584 1.581 3.577 1.338 4.282 2.485 2.874 3.511 5.366 4.307 4.067 16.436 11.485 9.901 12.079 19.208 34.455 66.337 80.000 59.406 19.604 4.091 0.828 2.295 3.711 4.921 2.558 9.341 4.715 2.643 2.384 
m2c392r1.htb 12.673 27.723 24.505 29.703 36.634 39.604 37.376 45.297 38.614 39.604 30.446 4.524 3.713 4.127 3.501 3.072 5.606 4.169 4.510 2.269 2.925 23.960 19.059 26.980 25.248 31.683 39.010 34.059 28.911 13.069 22.574 2.675 3.293 6.900 2.081 8.054 2.857 3.614 4.420 2.384 3.490 
m2c403r1.htb 27.525 21.782 19.406 22.772 21.980 26.931 30.891 29.109 28.713 26.535 24.752 1.949 1.027 0.926 0.542 2.765 1.073 3.003 1.262 1.832 2.734 66.733 58.218 53.069 13.069 7.921 5.941 9.109 8.911 64.752 74.257 3.860 2.958 1.550 1.502 1.443 0.783 1.542 0.926 4.422 2.822 
m2c409r1.htb 3.366 3.564 6.535 7.921 12.871 9.901 8.119 4.356 4.752 2.772 4.950 0.751 2.089 1.604 3.072 1.161 1.328 1.701 1.418 1.281 0.783 12.079 12.475 20.000 22.772 17.030 14.257 9.505 8.713 6.733 9.307 1.328 3.123 1.832 2.548 1.374 2.089 2.089 1.693 1.073 2.118 
m2c417r1.htb 20.132 24.356 21.386 25.743 24.356 20.792 18.020 18.020 15.446 19.010 23.168 1.771 0.751 2.129 2.680 1.526 2.485 2.384 0.443 1.764 1.805 33.267 29.307 27.129 38.218 27.327 24.752 29.901 30.693 33.069 29.208 1.771 1.839 1.805 1.192 3.546 1.400 2.359 3.914 1.999 1.619 
m2c423r1.htb 11.716 6.139 7.327 8.911 11.881 15.446 13.663 15.050 10.693 10.099 7.921 1.619 0.564 1.400 1.980 1.872 0.414 2.510 1.542 0.952 1.980 28.911 30.297 18.218 10.891 16.832 10.891 10.693 8.713 15.050 23.960 2.384 1.936 1.904 2.129 4.455 1.262 2.252 1.729 1.729 0.542 
m2c427r1.htb 0.792 2.970 2.772 0.396 0.594 0.594 0.396 1.188 0.990 7.525 6.931 0.926 1.073 0.271 0.443 0.271 0.271 0.542 0.350 1.664 0.783 16.436 8.515 0.990 1.188 0.990 0.990 1.584 5.545 52.871 42.772 1.383 1.338 0.857 0.542 0.495 0.606 0.564 1.027 5.967 3.594 
m2c429r1.htb 12.277 27.970 26.980 26.980 23.267 19.802 14.356 12.376 9.406 8.911 20.792 3.280 2.208 1.268 0.738 4.015 2.310 1.190 1.896 1.320 3.025 3.465 8.416 15.099 16.337 5.446 2.970 1.733 3.218 3.218 0.495 1.777 2.310 0.719 3.007 1.190 1.400 0.976 1.642 0.547 0.330 
m2c436r1.htb 18.416 19.208 16.832 23.366 22.574 27.525 31.089 32.673 29.505 25.347 20.990 2.390 1.980 1.426 2.460 0.952 1.999 1.750 3.080 1.805 3.178 2.772 9.109 15.446 23.564 25.941 29.505 21.386 17.822 9.901 6.139 0.542 1.073 2.878 2.306 3.628 2.359 1.426 2.322 0.926 1.764 
m2c441r1.htb 5.347 13.861 16.436 14.653 11.089 3.960 2.970 1.584 1.980 2.970 5.743 1.400 1.589 2.197 2.582 1.715 0.926 0.443 0.495 1.161 0.414 20.990 36.832 35.644 19.010 7.723 5.545 5.149 6.931 16.832 15.050 2.675 4.893 2.475 1.693 1.502 1.027 2.197 0.783 3.227 1.328 
m2c443r1.htb 5.941 5.941 6.106 10.297 10.891 8.515 9.406 11.881 8.911 4.752 6.931 1.565 0.853 1.589 1.400 2.203 1.073 1.443 2.374 0.952 0.990 39.439 34.851 30.297 21.287 17.624 17.030 18.020 20.990 32.277 40.198 3.230 2.937 2.311 1.924 1.281 2.460 2.831 1.898 1.550 2.725 
m2c445r1.htb 13.663 17.822 23.366 17.228 22.970 28.119 32.475 36.238 35.050 19.802 19.010 1.262 2.962 1.904 0.952 2.490 0.813 1.085 3.123 1.443 1.993 52.673 41.980 34.257 18.020 18.614 17.228 23.366 28.515 9.505 35.248 1.657 6.775 3.369 3.542 2.306 2.258 1.243 1.993 1.140 1.736 
m2c450r1.htb 5.743 12.871 10.693 10.297 11.683 11.683 15.842 16.436 9.109 3.366 10.099 1.715 0.813 2.983 2.999 2.485 2.241 1.627 2.306 1.192 2.141 53.861 51.485 37.624 6.733 0.990 1.188 1.386 1.782 8.119 41.188 1.338 1.356 2.295 1.374 0.495 0.542 0.828 0.734 1.693 2.465 
m5c4r1.htb 33.663 35.502 35.644 39.463 47.808 39.745 42.291 45.686 42.433 53.465 42.574 2.655 2.202 6.573 2.433 2.775 3.428 3.203 1.737 3.940 3.174 42.716 41.867 49.364 44.272 43.706 57.284 51.344 41.726 50.495 49.788 2.900 2.354 1.873 1.773 3.161 3.823 1.484 3.203 3.382 2.422 
m5c6r1.htb 37.624 54.059 75.248 46.535 50.099 48.515 49.505 71.089 65.347 79.802 65.941 5.885 16.980 7.693 6.089 4.863 6.869 11.511 10.295 12.615 2.920 55.842 40.198 42.178 40.396 44.356 73.069 53.663 48.515 86.139 104.158 2.792 4.983 7.255 6.276 3.744 10.677 9.729 7.573 6.815 15.920 
m5c7r1.htb 5.116 7.261 5.116 6.337 7.096 7.525 7.921 7.921 5.776 6.931 7.591 1.362 0.518 0.594 0.589 1.314 0.686 1.291 0.987 1.213 0.997 11.056 13.069 11.716 10.396 20.297 17.987 13.201 9.076 6.766 8.416 1.466 1.414 1.234 0.464 2.322 1.026 1.872 1.026 1.519 1.788 
m5c8r1.htb 14.455 9.901 7.723 14.257 16.238 24.752 31.089 25.743 19.604 12.475 11.683 2.778 1.764 2.962 4.180 4.657 3.220 5.343 2.765 1.839 2.359 86.139 49.901 42.376 27.921 18.218 18.416 28.119 27.723 86.931 105.545 6.788 4.933 4.955 2.410 1.872 4.000 2.835 4.787 7.100 6.199 
m5c13r1.htb 5.347 7.129 4.752 4.356 5.545 9.505 14.653 15.644 13.465 9.901 6.535 1.418 0.813 1.664 1.027 1.550 2.809 1.281 1.936 2.734 2.258 42.772 35.446 25.149 15.248 6.139 3.960 7.723 6.733 9.307 47.921 3.235 4.968 1.904 3.665 1.962 1.107 3.967 1.233 2.175 3.907 
m5c14r1.htb 7.327 28.713 37.822 33.465 38.614 32.079 28.515 17.624 19.604 31.287 28.119 5.612 5.724 3.793 2.950 5.104 8.620 4.336 2.053 2.118 3.812 19.208 24.158 40.396 48.515 39.802 35.842 23.960 10.495 9.901 14.257 3.715 1.872 5.336 4.578 5.041 4.420 3.139 1.338 2.071 2.792 
m5c15r1.htb 3.168 25.347 28.713 24.950 17.426 6.931 8.119 6.139 6.733 13.663 25.941 1.904 1.949 1.930 2.920 0.783 2.083 1.418 1.619 2.410 2.831 9.901 10.297 7.525 10.495 13.861 15.446 13.267 18.416 26.733 11.287 1.400 1.771 1.140 2.089 2.071 1.243 2.059 1.243 2.348 1.469 
m5c25r1.htb 2.805 8.416 5.281 4.290 3.795 5.611 4.290 5.776 4.125 2.805 5.776 1.651 0.824 0.871 0.946 0.605 1.362 1.519 0.709 0.859 1.100 13.036 11.056 10.396 6.766 10.066 4.125 4.950 5.611 14.356 17.822 1.887 1.713 2.405 0.518 1.780 0.859 0.929 0.536 2.218 2.309 
m5c29r1.htb 4.950 1.815 2.475 4.620 3.795 3.960 4.455 9.901 18.388 16.502 5.611 0.859 0.542 1.499 1.355 0.929 0.542 1.508 3.034 2.739 1.551 13.861 21.122 19.967 22.937 16.832 8.911 9.076 7.426 6.271 7.096 2.505 2.710 1.887 2.527 2.786 1.252 0.987 2.165 0.957 1.949 
m5c30r1.htb 20.594 40.198 28.317 22.574 31.881 39.010 35.446 38.416 34.059 39.604 38.020 5.104 1.968 3.310 2.675 4.769 2.558 2.225 2.364 2.475 1.291 37.228 28.911 44.752 28.515 37.030 37.822 33.267 40.594 49.703 43.762 4.395 2.510 4.406 5.325 5.418 6.353 9.371 2.970 5.302 4.133 
m5c35r1.htb 5.281 23.432 14.191 10.396 10.231 14.851 16.502 22.937 16.337 11.386 20.957 3.025 2.782 3.052 1.954 4.191 3.460 3.469 2.638 2.578 2.618 22.607 33.333 36.964 35.479 16.997 13.366 8.911 5.116 8.251 21.452 5.680 5.514 4.272 4.369 3.283 1.788 1.283 1.519 1.696 2.796 
m5c37r1.htb 21.188 17.228 19.604 24.158 27.129 28.119 25.941 19.010 20.396 22.574 21.782 1.771 2.510 2.770 2.747 2.814 2.141 1.281 1.771 2.252 1.679 33.465 28.317 32.673 30.693 31.287 28.911 30.693 35.644 50.693 37.228 2.895 2.747 4.171 2.071 3.181 1.542 3.227 3.032 4.221 1.627 
m5c38r1.htb 34.653 67.129 77.624 72.673 71.287 55.842 58.614 61.584 58.218 48.713 51.485 9.231 5.926 9.849 2.214 4.046 6.305 7.100 8.031 8.462 6.660 36.040 40.990 39.604 39.802 51.089 59.208 80.396 86.733 92.277 67.129 4.165 3.648 6.369 5.830 6.297 4.420 6.996 5.780 6.411 10.099 
m5c40r1.htb 6.139 23.564 18.218 10.693 8.317 5.347 3.960 4.554 6.139 5.743 15.842 3.383 3.796 2.652 1.999 0.965 1.750 0.965 1.619 0.813 1.819 2.178 3.168 3.960 8.911 23.168 31.881 26.931 19.406 6.139 3.564 0.221 0.645 0.495 2.524 2.747 3.383 2.023 3.860 1.619 1.771 
m5c42r1.htb 13.861 26.337 24.752 25.149 22.772 16.040 14.455 10.693 14.455 15.446 18.020 1.904 5.192 2.515 2.887 2.558 3.258 2.023 1.510 1.771 3.472 6.139 8.119 4.950 8.317 8.515 7.525 14.851 21.188 14.257 6.139 2.410 1.502 1.642 1.936 1.627 1.338 2.689 1.291 2.059 0.886 
m5c46r1.htb 19.519 16.007 16.832 17.822 17.162 22.277 21.947 19.802 16.997 14.851 13.531 1.713 1.559 1.633 1.649 2.516 1.296 2.133 2.047 0.686 1.625 11.716 12.706 16.549 22.277 16.172 15.842 9.736 10.561 6.271 10.561 1.690 2.066 1.690 1.276 1.035 1.283 0.652 1.362 0.871 2.304 
m5c49r1.htb 15.594 16.584 14.604 9.158 11.139 14.109 15.842 32.921 23.515 7.426 12.376 2.208 3.144 0.976 2.208 1.268 3.366 4.629 3.280 2.113 2.858 7.178 7.921 7.426 25.248 20.792 20.050 13.861 5.693 5.446 12.129 2.001 1.808 2.741 2.113 1.683 3.378 1.400 1.082 0.738 2.853 
m5c54r1.htb 11.881 5.545 5.347 7.921 4.950 6.337 11.287 6.337 9.703 11.287 6.139 1.383 1.426 1.785 1.107 1.140 2.059 1.771 1.182 1.872 2.279 15.248 26.337 40.792 37.624 7.327 4.752 4.950 4.950 6.535 14.653 1.589 2.203 3.419 3.189 1.771 1.374 1.400 1.161 1.999 2.197 
m5c60r1.htb 12.079 37.228 31.881 22.970 22.376 19.208 17.822 28.911 30.297 27.525 36.436 1.291 3.139 1.015 3.681 1.701 0.783 3.793 3.580 1.374 2.333 7.129 6.931 9.307 26.337 47.525 46.139 32.871 20.594 13.663 6.931 1.129 1.050 2.311 1.338 3.189 2.539 2.053 1.764 2.023 1.161 
m5c63r1.htb 24.381 31.825 35.785 42.574 49.222 47.808 44.696 36.209 37.624 38.472 37.058 3.143 2.441 1.953 1.742 3.651 3.178 4.770 3.007 3.816 3.182 42.433 50.778 49.646 62.518 54.455 47.666 38.190 24.470 18.246 31.400 1.447 2.521 2.919 2.373 3.382 1.972 3.966 3.197 1.850 2.399 
m5c66r1.htb 33.168 31.188 37.129 30.858 36.799 50.000 50.825 50.990 41.749 24.752 26.073 6.409 7.133 6.528 4.129 5.260 4.244 4.208 5.498 5.179 7.198 11.056 13.366 14.851 19.802 46.700 55.446 50.825 47.525 40.099 18.647 2.707 3.775 2.977 4.481 5.205 6.532 2.710 4.867 3.299 2.618 
m5c67r1.htb 21.287 23.762 20.297 16.337 19.554 16.832 18.564 19.059 23.762 34.901 32.426 1.400 1.512 1.361 1.429 1.924 1.889 1.503 0.660 2.351 1.268 45.050 27.970 15.594 8.168 7.178 8.911 17.327 39.356 92.574 85.396 1.650 1.889 1.770 0.976 0.976 1.235 2.661 3.859 8.587 6.181 
m5c69r1.htb 6.931 3.960 2.228 0.743 1.238 17.822 22.525 41.089 50.990 12.376 6.683 0.933 0.719 0.286 0.719 5.503 3.657 4.316 9.525 3.414 2.054 14.109 24.257 17.079 3.465 1.485 0.990 3.465 1.733 0.743 9.901 2.054 0.990 2.853 0.738 0.738 0.660 1.715 0.286 0.547 1.400 
m5c70r1.htb 5.941 8.168 11.881 16.089 25.743 26.733 27.228 33.663 33.168 33.416 20.297 1.770 2.470 1.429 1.320 1.548 3.382 3.200 2.403 3.109 3.382 20.545 13.861 18.812 22.525 24.505 31.436 34.653 56.931 87.871 59.406 2.736 1.400 3.131 1.429 3.280 2.158 4.069 3.284 20.702 8.568 
m5c71r1.htb 3.960 8.062 8.345 7.355 3.112 4.385 9.194 9.618 11.598 3.960 3.678 2.756 3.050 2.124 1.222 1.013 2.057 4.027 2.949 1.400 1.206 21.075 33.946 34.088 19.095 8.204 1.414 1.980 1.697 3.536 15.842 3.290 3.529 3.681 2.444 2.388 0.733 0.522 0.832 1.908 2.492 
m5c74r1.htb 26.308 27.228 20.462 18.647 19.142 22.112 27.228 48.515 57.096 57.096 39.934 2.893 1.649 1.690 1.499 1.551 1.975 3.453 4.036 2.607 2.906 50.495 72.442 75.248 72.937 49.340 34.818 22.772 13.861 16.172 21.452 4.810 2.448 1.559 5.384 2.333 2.282 5.002 1.726 1.625 1.913 
m5c75r1.htb 16.436 45.149 37.228 22.178 13.465 11.287 12.277 15.644 15.644 18.812 48.911 3.044 2.539 3.023 1.426 2.338 2.230 2.534 1.502 2.011 1.872 8.317 12.673 13.663 20.990 54.059 77.426 85.149 69.703 26.535 9.703 1.426 1.832 1.374 1.542 2.899 3.273 1.485 3.528 2.852 1.328 
m5c79r1.htb 15.050 25.545 28.119 27.327 34.059 24.554 35.050 29.901 18.218 19.802 18.614 3.728 5.304 4.061 4.106 2.083 3.201 2.510 1.771 4.414 1.865 14.851 14.059 18.020 22.970 26.931 27.129 19.406 16.436 12.079 12.673 2.041 2.979 3.645 1.764 4.235 4.121 1.771 2.747 1.281 2.023 
m5c81r1.htb 20.792 21.584 22.970 18.020 19.010 12.475 15.644 13.267 14.059 16.238 19.604 1.729 2.534 1.619 3.310 3.023 2.460 1.383 1.799 3.698 3.904 8.317 7.525 6.931 22.376 23.762 26.139 30.693 28.911 16.436 11.881 0.443 1.589 0.857 3.387 1.400 2.089 2.865 1.073 1.469 0.990 
m5c82r1.htb 15.347 22.772 29.703 27.525 16.436 13.069 17.822 15.842 19.208 14.059 20.000 1.050 3.284 5.724 1.999 1.328 2.214 2.348 3.747 2.698 3.100 13.663 32.673 22.376 15.050 18.218 16.040 13.267 18.020 30.297 16.238 2.141 5.612 2.634 1.764 1.999 2.852 1.243 2.698 4.491 7.578 
m5c83r1.htb 13.663 32.871 28.317 24.554 23.762 20.198 26.139 28.713 27.921 31.881 32.673 2.874 3.369 1.542 2.475 0.899 1.027 3.170 0.886 1.930 2.129 22.772 26.337 30.099 21.980 14.455 14.455 12.871 18.416 21.782 23.960 2.666 3.648 1.589 1.418 1.510 2.899 1.949 2.657 2.620 3.040 
m5c87r1.htb 5.116 5.281 8.086 6.766 9.571 9.736 8.251 6.271 2.475 3.630 3.465 1.210 1.988 1.667 0.605 1.135 1.419 1.525 0.672 1.242 1.180 0.990 0.990 1.980 0.825 1.320 6.601 7.921 4.125 8.251 3.465 0.280 0.396 0.929 0.333 0.871 0.915 0.485 0.946 0.915 0.874 
m5c92r1.htb 22.574 19.802 17.030 21.188 24.752 38.416 32.871 26.931 23.366 29.505 24.554 2.572 3.019 4.367 6.153 5.348 6.177 2.197 5.032 5.767 2.582 21.980 24.950 27.723 19.604 15.248 18.812 12.277 12.475 12.871 17.822 1.729 2.083 1.443 1.182 1.192 1.565 0.828 1.027 3.131 1.310 
m5c94r1.htb 7.426 22.970 27.525 27.129 19.010 13.465 15.446 9.703 8.317 12.673 14.653 5.830 7.862 9.351 4.583 3.143 2.563 4.805 3.648 4.279 4.392 8.317 7.129 10.099 9.307 7.129 16.832 15.050 18.614 36.040 18.614 2.587 1.993 3.119 2.610 0.952 1.885 1.799 4.792 4.612 5.616 
m5c95r1.htb 13.119 34.406 23.267 24.505 19.554 17.327 19.059 18.069 23.267 45.050 44.059 2.486 3.777 2.351 1.429 3.183 3.178 3.803 1.512 9.080 1.095 7.921 9.653 6.931 5.941 1.485 0.000 1.733 2.475 1.733 8.663 4.303 9.638 5.049 4.252 0.330 0.000 1.642 2.113 0.719 4.313 
m5c100r1.htb 6.271 13.663 14.257 10.495 7.327 4.752 7.129 6.733 3.960 3.762 7.327 2.852 4.016 1.627 2.230 1.281 1.962 0.813 0.857 0.813 3.023 2.376 2.574 1.188 2.376 14.455 21.386 17.228 11.485 6.535 4.752 0.664 1.589 0.645 1.872 1.771 4.046 2.338 1.936 1.627 1.619 
m5c103r1.htb 8.663 49.175 48.185 34.983 17.162 14.191 14.851 18.069 21.535 36.634 52.805 3.719 2.578 2.310 1.746 1.746 0.572 1.503 2.486 2.681 3.719 11.881 10.231 4.620 1.238 7.426 15.347 17.822 15.512 7.591 23.432 2.858 2.701 1.439 0.286 1.361 0.572 1.044 0.873 0.660 2.008 
m5c107r1.htb 11.716 16.238 17.624 18.218 17.426 13.069 12.673 14.455 11.089 12.673 15.248 1.664 1.832 2.364 1.805 1.182 1.962 2.338 1.693 1.129 3.084 24.950 29.901 32.079 30.297 32.079 21.782 14.455 10.693 8.713 20.000 3.695 2.999 3.405 1.426 2.725 1.161 1.027 2.359 1.542 2.384 
m5c108r1.htb 31.287 28.713 48.020 43.069 41.337 48.762 36.881 31.683 21.980 28.713 22.376 2.643 8.768 3.671 1.779 3.532 2.925 3.430 2.141 6.183 1.968 1.980 0.248 1.485 2.772 2.772 2.178 3.960 7.673 8.713 2.228 0.700 0.248 0.495 0.813 1.073 0.645 0.926 1.422 1.542 0.743 
m5c109r1.htb 5.545 15.644 13.465 9.505 6.337 5.941 10.891 9.109 8.515 7.723 10.297 1.374 1.510 1.338 0.751 1.485 1.819 1.542 2.118 0.734 1.968 0.990 1.188 3.366 2.772 9.703 17.228 17.030 12.475 5.347 2.772 0.700 0.414 0.751 1.542 1.281 2.747 2.485 0.564 0.899 0.542 
m5c111r1.htb 12.475 14.851 14.109 11.634 11.683 8.911 12.871 16.832 21.386 18.317 16.832 1.400 2.693 1.478 2.053 1.565 1.679 1.715 1.627 2.872 2.492 49.752 56.040 44.802 18.812 5.693 7.921 7.327 7.426 15.099 44.158 5.693 2.415 1.478 1.852 0.743 1.069 1.904 2.696 1.733 1.140 
m5c118r1.htb 32.426 17.574 22.772 28.053 42.904 41.914 37.954 37.624 11.221 20.297 16.832 4.478 3.501 4.042 6.353 1.069 5.615 4.259 1.457 1.852 0.000 17.822 6.271 7.261 10.561 6.931 7.261 13.861 15.842 30.363 20.462 4.850 2.829 1.617 2.459 0.700 2.021 4.901 5.601 2.651 5.615 
m5c125r1.htb 11.881 17.822 21.782 17.079 17.822 33.416 33.663 29.950 27.970 21.782 26.073 4.737 7.063 1.268 2.681 5.550 8.104 2.054 2.656 5.620 3.148 46.287 37.376 27.970 7.673 3.713 4.950 6.271 4.703 19.472 58.746 7.459 5.892 9.055 5.929 1.889 2.492 6.271 3.178 7.928 6.297 
m5c128r1.htb 10.149 12.541 10.231 9.571 16.502 15.512 13.531 2.970 6.931 9.571 5.941 1.746 2.380 0.873 2.701 1.838 0.660 1.980 1.980 2.877 2.620 2.970 8.911 2.723 19.142 28.465 15.842 7.261 5.941 1.980 1.320 1.512 2.061 1.351 6.501 3.378 1.980 1.746 0.990 1.235 0.330 
m5c129r1.htb 11.683 9.158 13.119 19.307 24.257 26.733 21.782 17.822 14.604 19.554 11.139 0.547 3.109 2.661 2.214 3.061 2.034 0.933 1.770 3.831 1.889 19.059 13.366 9.901 8.911 9.901 8.911 10.891 24.010 52.970 39.356 3.803 1.095 2.034 1.235 1.683 0.808 0.808 2.486 6.059 2.001 
m5c135r1.htb 16.436 15.248 8.911 15.248 15.050 20.792 21.188 18.812 14.653 14.604 15.842 2.814 2.400 2.465 1.693 2.425 2.563 0.783 2.605 2.036 1.679 5.198 4.158 14.059 11.139 7.327 6.683 6.931 8.515 10.297 10.495 2.076 1.764 4.502 1.238 1.510 1.238 1.278 1.140 1.701 3.162 
m5c140r1.htb 16.238 49.109 41.980 40.792 40.396 36.040 33.069 24.554 21.386 33.069 39.604 2.338 5.705 3.904 4.818 3.405 2.285 2.675 2.415 2.702 4.787 25.545 16.832 13.069 9.505 10.297 9.901 17.624 29.901 46.535 38.020 2.831 1.819 1.073 1.805 0.564 1.050 3.019 2.053 5.412 5.947 
m5c152r1.htb 10.099 26.733 18.069 24.505 38.366 39.604 40.842 41.832 38.366 28.960 32.178 3.131 1.642 3.535 5.761 1.808 4.158 4.992 8.611 2.572 3.382 33.911 21.535 26.733 30.941 16.337 14.851 20.297 42.327 75.743 65.347 3.657 2.001 3.025 3.535 1.715 1.400 1.953 2.815 3.630 4.042 
m5c154r1.htb 23.762 45.743 38.614 32.277 31.089 33.663 36.238 40.396 43.564 41.980 44.752 4.475 3.535 4.921 2.490 1.565 1.968 1.930 3.960 2.146 2.460 20.198 24.158 21.386 23.168 26.337 33.861 35.842 30.099 24.752 24.356 1.872 1.736 2.059 1.664 0.751 4.475 2.765 3.239 4.330 2.146 
m5c156r1.htb 19.637 33.267 26.733 20.792 17.162 27.723 22.112 27.723 23.960 21.947 17.822 2.920 3.224 3.111 4.457 4.201 1.617 7.182 4.088 2.842 2.295 27.129 25.545 26.139 31.287 31.683 24.950 27.525 19.406 15.446 27.129 2.311 3.437 2.390 1.664 4.524 4.596 4.741 5.716 2.338 3.103 
m5c159r1.htb 9.505 9.703 9.505 12.871 9.307 9.307 10.891 29.109 16.436 9.505 9.307 2.279 1.968 2.214 0.828 1.469 1.356 5.780 5.293 2.657 3.314 17.426 10.297 10.693 8.911 3.564 6.931 12.079 19.604 13.069 10.495 1.291 3.276 1.619 1.443 0.664 2.071 3.437 4.221 2.605 1.469 
m5c163r1.htb 18.218 44.307 30.198 23.267 15.347 14.851 19.307 24.752 27.970 32.178 42.079 5.163 2.701 2.357 1.777 1.235 1.512 6.907 8.560 2.820 4.632 10.891 11.881 6.931 14.109 27.228 36.386 34.158 28.960 11.139 6.931 2.334 2.034 2.238 2.351 2.310 3.213 3.114 1.642 1.770 2.334 
m5c164r1.htb 18.218 44.307 30.198 23.267 15.347 14.851 19.307 24.752 27.970 32.178 42.079 5.163 2.701 2.357 1.777 1.235 1.512 6.907 8.560 2.820 4.632 10.891 11.881 6.931 14.109 27.228 36.386 34.158 28.960 11.139 6.931 2.334 2.034 2.238 2.351 2.310 3.213 3.114 1.642 1.770 2.334 
m5c166r1.htb 7.525 14.851 15.347 11.287 9.307 8.119 4.554 8.416 5.941 8.911 15.842 1.457 1.178 1.872 3.295 0.645 1.243 1.310 0.700 0.404 3.856 10.891 9.505 6.436 11.485 10.644 4.208 9.653 9.158 16.436 14.851 0.700 2.610 2.442 2.311 1.779 1.021 1.098 1.912 1.771 2.071 
m5c167r1.htb 1.188 6.683 9.406 6.931 3.218 3.465 3.713 2.723 2.475 5.941 5.446 0.719 1.650 0.808 1.503 1.512 2.054 1.707 0.738 0.808 0.572 41.089 41.089 43.317 35.644 38.416 39.109 43.317 50.990 47.030 40.842 1.361 2.113 1.503 2.139 4.010 1.512 3.313 4.906 3.043 0.976 
m5c170r1.htb 15.050 7.673 5.198 5.446 18.812 30.446 46.782 50.248 40.842 18.317 11.139 1.268 1.178 0.990 1.476 4.106 1.268 1.268 1.946 2.535 2.208 51.485 50.000 42.574 18.812 9.158 15.099 9.158 12.376 14.851 49.752 5.995 2.113 2.513 0.808 1.574 0.547 1.268 1.439 1.476 1.268 
m5c222r1.htb 11.881 13.036 17.624 14.653 12.706 17.162 21.386 34.059 20.792 18.977 18.614 2.282 4.135 2.790 3.446 3.063 3.980 2.811 3.694 4.148 2.842 28.713 26.898 31.353 46.700 36.832 26.403 23.564 20.000 29.043 30.891 4.270 2.916 4.084 4.597 6.210 2.337 3.616 4.945 6.056 5.196 
