FILE	 Spon	 VesPref	 VisPref	 VesP	 VisP	 VesDDI	 VisDDI	 Congruency
m6c1r1.htb	 7.327	 169.452	 202.084	 0.000	 0.407	 2.280	 0.703	 0.702	 
m6c1r2.htb	 8.911	 180.405	 185.304	 0.326	 0.557	 0.404	 -0.221	 -0.325	 
m6c1r1.htb	 7.327	 169.452	 202.084	 0.000	 0.407	 2.280	 0.703	 0.702	 
m6c1r2.htb	 8.911	 180.405	 185.304	 0.326	 0.557	 0.404	 -0.221	 -0.325	 
m6c2r1.htb	 30.693	 309.461	 13.280	 0.774	 0.693	 -0.676	 -0.106	 -0.115	 
m6c3r1.htb	 7.129	 265.277	 196.292	 0.614	 0.060	 -0.076	 0.786	 -0.322	 
m6c4r1.htb	 14.653	 270.893	 122.913	 0.520	 0.292	 -0.044	 0.000	 -0.148	 
m6c5r1.htb	 0.000	 352.139	 345.036	 0.825	 0.355	 -0.632	 -1.337	 0.401	 
m6c6r1.htb	 14.059	 30.445	 144.263	 0.501	 0.289	 -0.098	 0.434	 -0.079	 
m6c7r1.htb	 9.901	 240.115	 129.012	 0.812	 0.938	 0.248	 0.642	 0.225	 
m6c8r1.htb	 13.069	 150.125	 85.143	 0.066	 0.680	 0.731	 0.169	 -0.022	 
m6c10r1.htb	 10.891	 45.760	 58.755	 0.190	 0.527	 -1.448	 -0.035	 0.319	 
m6c11r1.htb	 12.475	 267.510	 234.672	 0.468	 0.724	 -0.330	 0.273	 0.061	 
m6c13r1.htb	 23.762	 122.328	 214.687	 0.035	 0.318	 1.453	 0.908	 0.145	 
m6c13r2.htb	 6.535	 273.035	 285.146	 0.020	 0.314	 1.038	 0.945	 0.306	 
m6c14r1.htb	 9.901	 39.522	 198.237	 0.141	 0.586	 -1.095	 0.696	 -0.781	 
m6c15r1.htb	 24.356	 161.679	 177.078	 0.816	 0.000	 1.159	 8.062	 0.530	 
m6c16r1.htb	 6.064	 9.376	 0.278	 0.077	 
m6c17r1.htb	 6.337	 254.541	 84.128	 0.887	 0.825	 -0.545	 -0.246	 -0.220	 
m6c18r1.htb	 1.782	 274.196	 124.945	 0.303	 0.297	 -1.760	 0.674	 -0.286	 
m6c20r1.htb	 5.375	 135.471	 0.696	 0.077	 
m6c24r1.htb	 4.950	 202.717	 150.265	 0.665	 0.208	 -1.091	 1.424	 -0.312	 
m6c25r2.htb	 1.320	 185.361	 NaN	 0.000	 
m6c28r1.htb	 62.871	 249.828	 175.506	 0.540	 0.929	 -0.659	 1.400	 -0.558	 
m6c29r1.htb	 36.238	 264.791	 145.921	 0.960	 0.087	 0.636	 2.142	 0.247	 
m6c31r1.htb	 1.320	 62.318	 231.070	 0.749	 0.828	 -0.577	 0.829	 -0.230	 
m6c32r1.htb	 42.772	 263.668	 279.224	 0.972	 0.942	 -0.365	 0.431	 -0.082	 
m6c33r1.htb	 6.931	 344.134	 11.977	 0.588	 0.493	 -1.342	 -2.078	 0.315	 
m6c34r1.htb	 29.373	 272.143	 180.000	 0.548	 0.537	 -0.000	 -0.065	 -0.383	 
m6c35r2.htb	 5.149	 80.466	 0.005	 1.058	 
m6c36r1.htb	 20.050	 159.243	 328.064	 0.659	 0.053	 0.153	 0.435	 0.273	 
m6c37r1.htb	 23.366	 221.448	 238.367	 0.198	 0.010	 -1.267	 -0.031	 0.511	 
m6c38r1.htb	 9.901	 79.276	 199.222	 0.489	 0.026	 0.672	 1.117	 0.139	 
m6c40r1.htb	 2.228	 12.597	 21.403	 0.174	 0.000	 0.826	 -5.735	 -0.217	 
m6c42r1.htb	 3.762	 119.156	 346.295	 0.349	 0.026	 0.094	 -0.499	 -0.544	 
m6c43r1.htb	 9.109	 157.500	 284.542	 0.003	 0.055	 0.553	 0.178	 0.766	 
m6c44r1.htb	 1.320	 219.639	 0.729	 0.957	 
m6c45r1.htb	 40.842	 232.581	 156.413	 0.214	 0.111	 0.292	 1.015	 0.214	 
m6c46r1.htb	 41.832	 239.240	 96.578	 0.179	 0.022	 1.104	 0.373	 0.015	 
m6c47r1.htb	 26.733	 211.128	 349.080	 0.152	 0.010	 0.634	 -3.289	 -0.200	 
m6c48r1.htb	 19.472	 144.105	 0.142	 0.699	 
m6c49r1.htb	 21.386	 217.130	 218.578	 0.409	 0.023	 0.498	 1.459	 0.128	 
m6c50r1.htb	 1.980	 264.143	 162.225	 0.910	 0.789	 -0.200	 0.770	 -0.228	 
m6c51r1.htb	 8.416	 139.464	 265.470	 0.257	 0.137	 0.664	 -0.579	 -0.437	 
m6c52r1.htb	 13.267	 43.953	 301.286	 0.746	 0.039	 -0.395	 0.060	 -0.424	 
m6c53r1.htb	 4.455	 234.278	 298.675	 NaN	 NaN	 NaN	 -1.000	 -0.358	 
m6c54r1.htb	 38.366	 352.839	 318.797	 0.105	 0.255	 0.909	 0.316	 0.623	 
m6c55r1.htb	 9.703	 232.327	 273.087	 0.217	 0.000	 0.316	 0.361	 0.359	 
m6c56r1.htb	 17.574	 131.385	 176.581	 0.909	 0.000	 -0.517	 6.338	 -0.069	 
m6c57r1.htb	 9.505	 162.286	 275.800	 0.204	 0.000	 0.521	 0.186	 -0.360	 
m6c58r1.htb	 19.208	 359.183	 120.004	 0.495	 0.259	 -1.935	 0.175	 -0.019	 
m6c59r1.htb	 37.822	 235.982	 234.938	 0.004	 0.007	 -0.819	 0.628	 0.713	 
m6c60r1.htb	 2.574	 111.988	 155.741	 0.029	 0.012	 1.139	 0.709	 0.315	 
m6c61r1.htb	 30.693	 143.839	 279.371	 0.853	 0.000	 1.111	 -0.037	 -0.382	 
m6c62r1.htb	 14.851	 315.527	 308.811	 0.292	 0.000	 -1.023	 -1.694	 0.277	 
m6c63r1.htb	 60.396	 34.535	 243.043	 0.826	 0.002	 0.048	 3.670	 -0.306	 
m6c64r1.htb	 22.574	 326.379	 290.870	 0.036	 0.000	 -0.036	 0.816	 0.565	 
m6c65r1.htb	 23.102	 299.117	 313.327	 0.218	 0.000	 -0.770	 -6.647	 0.319	 
m6c66r1.htb	 9.406	 100.265	 225.743	 0.343	 0.000	 1.574	 -0.816	 -0.301	 
m6c67r1.htb	 1.980	 198.265	 116.126	 0.363	 0.446	 -0.480	 0.906	 -0.103	 
m6c68r1.htb	 7.426	 269.812	 58.331	 0.113	 0.000	 -0.757	 -10.611	 -0.599	 
m6c69r1.htb	 18.416	 110.937	 218.540	 0.236	 0.000	 1.230	 2.099	 -0.137	 
m6c70r1.htb	 29.703	 101.878	 213.948	 0.775	 0.081	 1.127	 -3.202	 -0.452	 
m6c71r1.htb	 1.980	 141.224	 48.392	 0.014	 0.003	 -0.141	 -1.136	 -0.094	 
m6c72r1.htb	 22.525	 212.388	 21.687	 0.184	 0.000	 0.936	 -1.798	 -0.273	 
m6c73r1.htb	 15.446	 165.853	 57.983	 0.366	 0.000	 -0.829	 0.307	 -0.377	 
m6c74r1.htb	 18.812	 277.752	 356.601	 0.310	 0.000	 0.541	 -3.181	 0.282	 
m6c75r1.htb	 13.663	 313.691	 159.504	 0.391	 0.114	 0.246	 0.540	 -0.809	 
m6c76r1.htb	 9.158	 270.935	 264.491	 0.336	 0.003	 0.000	 -2.359	 0.475	 
m6c77r1.htb	 1.980	 175.216	 107.139	 0.765	 0.350	 -0.168	 3.373	 -0.259	 
m6c78r1.htb	 5.611	 17.258	 101.164	 0.913	 0.001	 -0.246	 2.858	 -0.034	 
m6c79r1.htb	 18.152	 155.671	 80.182	 NaN	 NaN	 1.500	 -0.000	 0.315	 
m6c80r1.htb	 5.743	 51.040	 200.452	 0.000	 0.008	 2.762	 3.600	 -0.112	 
m6c81r1.htb	 43.168	 123.586	 219.520	 0.732	 0.042	 0.457	 0.215	 -0.057	 
m6c82r1.htb	 9.241	 218.788	 5.237	 0.195	 0.027	 -0.685	 -6.328	 -0.543	 
m6c83r1.htb	 7.673	 310.037	 45.531	 0.726	 0.646	 -1.104	 -0.737	 0.635	 
m6c84r1.htb	 2.228	 211.720	 57.380	 0.796	 0.028	 -0.313	 -1.864	 -0.262	 
m6c85r1.htb	 8.713	 63.732	 296.001	 0.031	 0.000	 -1.103	 -1.600	 -0.330	 
m6c86r1.htb	 4.703	 206.354	 231.186	 0.730	 0.044	 -0.320	 0.772	 0.050	 
m6c87r1.htb	 12.673	 117.835	 172.934	 0.195	 0.025	 0.647	 2.250	 0.771	 
m6c88r1.htb	 23.102	 140.236	 212.008	 0.170	 0.004	 3.266	 2.117	 0.373	 
m5c390r1.htb	 71.287	 73.627	 130.812	 0.369	 0.000	 1.171	 2.600	 0.399	 
m5c389r1.htb	 137.294	 312.571	 171.331	 0.967	 0.000	 0.184	 27.706	 -0.344	 
m5c388r1.htb	 74.010	 287.146	 155.080	 0.273	 0.000	 -0.825	 28.949	 -0.651	 	 
m5c391r1.htb	 101.485	 263.496	 176.812	 193.931	 0.022	 0.001	 0.000	 1.382	 10.621	 6.122	 0.113	 
m6c171r1.htb	 4.478	 9.228	 38.363	 0.012	 0.000	 -1.062	 -8.133	 0.453	 
m6c171r1.htb	 4.455	 18.922	 43.882	 0.005	 0.000	 -1.466	 -9.139	 0.478	 
m6c195r1.htb	 3.564	 76.554	 33.151	 0.354	 0.005	 -0.807	 -3.363	 -0.174	 
m6c194r1.htb	 0.743	 197.096	 141.172	 0.694	 0.073	 1.108	 1.370	 0.332	 
m6c204r1.htb	 12.624	 339.178	 170.631	 0.035	 0.044	 -1.521	 1.911	 -0.362	 
m6c204r1.htb	 14.604	 345.391	 175.114	 0.064	 0.159	 -1.334	 1.468	 -0.480	 
m13c40r1.htb	 37.624	 347.609	 96.406	 0.778	 0.000	 0.815	 -1.279	 0.172	 
m13c40r2.htb	 43.168	 97.026	 106.348	 0.065	 0.095	 0.687	 -0.809	 0.289	 
m5c753r1.htb	 3.781	 162.214	 196.447	 0.616	 0.000	 0.372	 2.919	 0.352	 
m5c753r1.htb	 52.637	 262.896	 183.080	 0.018	 0.000	 0.470	 3.744	 0.366	 
m5c753r1.htb	 52.637	 262.896	 183.080	 0.018	 0.000	 0.470	 3.744	 0.366	 
m5c753r1.htb	 52.637	 262.896	 183.080	 0.018	 0.000	 0.470	 3.744	 0.366	 
m5c753r1.htb	 52.637	 262.896	 183.080	 0.018	 0.000	 0.470	 3.744	 0.366	 
m5c753r1.htb	 52.637	 262.896	 183.080	 0.018	 0.000	 0.470	 3.744	 0.366	 
m5c753r1.htb	 52.637	 262.896	 183.080	 0.018	 0.000	 0.470	 3.744	 0.366	 
m5c753r1.htb	 3.781	 162.214	 196.447	 0.616	 0.000	 0.372	 2.919	 0.352	 
m5c753r1.htb	 52.637	 262.896	 183.080	 0.018	 0.000	 0.470	 3.744	 0.366	 
m5c753r1.htb	 6.269	 126.951	 190.156	 0.832	 0.001	 0.230	 1.229	 0.379	 
m5c753r1.htb	 4.179	 183.607	 192.072	 0.996	 0.000	 -0.348	 1.831	 0.469	 
m5c753r1.htb	 9.055	 325.922	 186.728	 0.798	 0.000	 -0.566	 3.521	 -0.092	 
m13c44r1.htb	 62.772	 250.859	 121.160	 0.018	 0.041	 0.109	 1.478	 -0.258	 
m13c44r2.htb	 50.099	 190.232	 218.743	 0.090	 0.024	 0.989	 2.150	 0.315	 
m13c49r2.htb	 47.921	 16.382	 179.485	 0.699	 0.784	 -0.509	 1.305	 -0.925	 
m13c49r1.htb	 53.069	 98.848	 74.923	 0.138	 0.099	 1.168	 0.812	 0.670	 
m13c52r1.htb	 32.673	 254.443	 204.533	 0.002	 0.000	 0.438	 4.633	 0.652	 
m13c52r3.htb	 37.030	 177.699	 224.209	 0.499	 0.000	 0.589	 2.650	 0.495	 
m13c50r1.htb	 34.983	 185.817	 177.137	 0.080	 0.001	 -0.226	 7.244	 0.526	 
m13c51r1.htb	 25.248	 240.782	 189.936	 0.011	 0.005	 1.029	 2.799	 0.576	 
m13c30r1.htb	 23.960	 34.925	 172.946	 0.003	 0.000	 -1.242	 4.296	 -0.171	 
m13c30r1.htb	 24.752	 11.248	 186.305	 0.000	 0.000	 -3.264	 6.199	 -0.412	 
m13c30r1.htb	 14.059	 2.776	 195.582	 0.008	 0.000	 -2.083	 4.623	 -0.268	 
m13c30r1.htb	 20.594	 9.159	 185.500	 0.000	 0.000	 -4.280	 7.201	 -0.436	 
m13c30r1.htb	 15.248	 13.002	 186.233	 0.000	 0.000	 -3.781	 6.533	 -0.482	 
m13c30r1.htb	 15.248	 13.002	 186.233	 0.000	 0.000	 -3.781	 6.533	 -0.482	 
m13c30r1.htb	 0.198	 16.439	 320.796	 0.000	 0.000	 -6.055	 0.707	 0.253	 
m13c30r1.htb	 37.822	 12.358	 186.181	 0.000	 0.000	 -2.642	 7.340	 -0.336	 
m13c30r1.htb	 47.921	 14.149	 186.427	 0.000	 0.000	 -2.471	 8.736	 -0.258	 
m13c56r1.htb	 43.564	 254.095	 330.398	 0.000	 0.001	 1.183	 -0.510	 0.474	 
m13c56r2.htb	 44.950	 25.344	 233.346	 0.807	 0.000	 -0.071	 -0.115	 -0.035	 
m13c30r1.htb	 10.891	 50.801	 179.005	 0.123	 0.000	 -1.452	 3.536	 -0.363	 
m13c30r1.htb	 0.000	 17.663	 346.220	 0.000	 0.001	 -5.170	 0.707	 0.186	 
m13c30r1.htb	 7.723	 247.408	 194.124	 0.057	 0.000	 0.409	 2.370	 0.553	 
m13c30r1.htb	 4.554	 247.790	 187.013	 0.012	 0.000	 0.683	 5.779	 0.289	 
m13c30r1.htb	 18.218	 159.467	 184.024	 0.060	 0.000	 -0.691	 3.913	 0.082	 
m13c30r1.htb	 13.663	 208.675	 184.669	 0.000	 0.000	 2.146	 4.216	 0.783	 
m13c30r1.htb	 0.000	 17.653	 315.976	 0.000	 0.001	 -5.170	 0.707	 0.162	 
m13c30r1.htb	 0.000	 360.000	 315.000	 0.487	 0.005	 NaN	 NaN	 0.032	 
m6c223r1.htb	 34.901	 315.754	 164.028	 0.071	 0.000	 -0.115	 1.961	 -0.229	 
m6c223r2.htb	 21.188	 24.692	 139.840	 0.049	 0.000	 -2.335	 10.227	 -0.421	 
m6c223r2.htb	 21.782	 23.723	 138.662	 0.171	 0.000	 -1.851	 11.179	 -0.427	 
m6c223r2.htb	 19.005	 17.918	 137.849	 0.660	 0.000	 -0.772	 7.379	 -0.525	 
m6c223r2.htb	 20.594	 22.709	 139.814	 0.071	 0.000	 -2.397	 10.354	 -0.440	 
m6c223r2.htb	 20.943	 15.551	 137.842	 0.124	 0.000	 -1.822	 7.033	 -0.513	 
m13c30r1.htb	 4.158	 22.458	 183.399	 0.002	 0.000	 -2.763	 3.930	 -0.334	 
m13c30r1.htb	 14.059	 193.671	 184.851	 0.042	 0.000	 0.738	 2.353	 0.481	 
m13c30r1.htb	 13.663	 208.675	 184.669	 0.000	 0.000	 2.146	 4.216	 0.783	 
m13c30r1.htb	 0.000	 17.381	 315.976	 0.000	 0.001	 -5.828	 0.707	 0.183	 
m13c30r1.htb	 13.663	 208.675	 184.669	 0.000	 0.000	 2.146	 4.216	 0.783	 
m13c30r1.htb	 2.178	 30.651	 186.850	 0.000	 0.005	 -3.705	 2.727	 -0.427	 
m13c30r1.htb	 7.921	 183.738	 173.926	 0.078	 0.004	 0.611	 2.341	 0.273	 
m13c30r1.htb	 8.119	 214.210	 188.342	 0.225	 0.000	 0.826	 2.062	 0.687	 
m13c30r1.htb	 13.663	 208.675	 184.669	 0.000	 0.000	 2.146	 4.216	 0.783	 
m13c30r1.htb	 13.861	 191.285	 185.640	 0.037	 0.000	 0.871	 2.708	 0.532	 
m13c30r1.htb	 4.356	 19.778	 182.748	 0.003	 0.000	 -2.804	 4.490	 -0.376	 
m13c30r1.htb	 23.960	 34.925	 172.946	 0.003	 0.000	 -1.242	 4.296	 -0.171	 
m13c59r1.htb	 41.980	 349.590	 355.032	 0.032	 0.000	 -1.921	 -4.715	 0.272	 
m13c59r2.htb	 35.050	 348.085	 9.139	 0.119	 0.000	 -3.946	 -5.167	 0.735	 
m13c63r1.htb	 89.109	 143.139	 17.029	 0.039	 0.000	 0.601	 -4.320	 -0.079	 
m13c63r2.htb	 89.901	 6.367	 11.717	 0.214	 0.088	 -1.842	 -0.720	 0.814	 
m5c753r1.htb	 51.683	 233.285	 184.969	 0.004	 0.000	 0.141	 8.267	 0.398	 
m5c163r1.htb	 17.822	 324.359	 168.370	 0.001	 0.000	 -2.739	 5.005	 -0.578	 
m11c101r1.htb	 40.133	 234.307	 0.212	 0.603	 
m11c101r1.htb	 40.133	 256.166	 0.172	 0.958	 
m11c101r1.htb	 40.133	 227.332	 0.430	 0.902	 
m11c101r1.htb	 40.133	 226.664	 0.335	 0.585	 
m11c101r1.htb	 40.133	 227.211	 0.845	 0.509	 
m11c101r1.htb	 40.133	 227.211	 0.845	 0.509	 
m11c101r1.htb	 40.133	 210.496	 0.081	 1.222	 
m11c101r1.htb	 40.133	 227.426	 0.141	 1.417	 
m11c101r1.htb	 40.133	 227.426	 0.141	 1.417	 
m11c101r1.htb	 40.133	 235.780	 0.167	 0.902	 
m11c101r1.htb	 40.133	 246.223	 0.361	 0.958	 
m11c101r1.htb	 40.133	 246.223	 0.361	 0.958	 
m11c101r1.htb	 40.133	 254.846	 NaN	 1.340	 
m11c101r1.htb	 40.133	 227.426	 0.141	 1.417	 
m11c101r1.htb	 40.133	 210.496	 0.081	 1.222	 
m11c101r1.htb	 40.133	 226.664	 0.335	 0.585	 
m11c101r1.htb	 36.964	 240.365	 0.038	 0.840	 
m11c103r1.htb	 11.244	 339.435	 0.436	 -0.379	 
m11c103r1.htb	 11.485	 341.947	 0.002	 -0.990	 
m11c201r1.htb	 19.204	 44.937	 0.686	 0.061	 
m11c201r1.htb	 20.198	 86.265	 0.031	 0.255	 
m13c91r1.htb	 130.099	 315.409	 188.947	 0.030	 0.000	 -0.287	 6.779	 -0.203	 
m13c91r2.htb	 145.149	 194.065	 281.996	 0.000	 0.000	 2.699	 0.990	 0.251	 
m13c94r1.htb	 60.198	 142.662	 344.037	 0.263	 0.001	 0.279	 -0.792	 -0.259	 
m13c94r2.htb	 44.950	 330.360	 339.945	 0.003	 0.409	 0.186	 0.032	 0.657	 
m13c99r1.htb	 100.198	 229.972	 354.935	 0.255	 0.000	 0.764	 -6.205	 -0.323	 
m13c99r2.htb	 111.089	 356.756	 354.629	 0.000	 0.000	 -3.320	 -0.713	 0.743	 
m13c102r1.htb	 45.149	 249.342	 131.799	 0.985	 0.037	 0.118	 0.650	 0.207	 
m13c102r2.htb	 50.693	 18.249	 178.199	 0.015	 0.265	 -1.946	 0.822	 -0.364	 
m13c105r1.htb	 80.990	 209.039	 1.556	 0.001	 0.000	 0.638	 -5.821	 -0.486	 
m13c105r2.htb	 73.861	 3.870	 307.454	 0.000	 0.000	 -4.971	 -0.433	 0.644	 
m13c108r1.htb	 72.079	 233.882	 340.676	 0.196	 0.000	 0.759	 -4.756	 -0.157	 
m13c108r2.htb	 65.347	 337.154	 264.503	 0.002	 0.032	 -0.674	 -0.682	 0.626	 
m13c108r4.htb	 63.168	 249.325	 0.087	 1.842	 
m13c111r1.htb	 91.287	 221.124	 191.499	 0.000	 0.000	 3.292	 4.289	 0.752	 
m13c111r2.htb	 84.653	 190.102	 207.671	 0.000	 0.000	 0.420	 6.081	 0.797	 
m11c102r1.htb	 27.079	 162.182	 0.083	 0.000	 
m11c102r1.htb	 27.327	 142.275	 0.008	 -0.285	 
m11c102r1.htb	 27.327	 142.275	 0.008	 -0.285	 
m11c105r1.htb	 59.208	 314.531	 0.629	 -0.218	 
m11c105r2.htb	 25.495	 255.066	 0.980	 -0.027	 
m11c201r1.htb	 20.198	 86.265	 0.031	 0.255	 
m11c202r1.htb	 29.505	 24.312	 0.178	 -0.601	 
m11c202r1.htb	 29.505	 25.103	 0.273	 -0.585	 
m11c202r1.htb	 29.505	 24.312	 0.178	 -0.601	 
m11c203r1.htb	 26.139	 3.062	 0.003	 -0.615	 
m11c114r1.htb	 24.158	 335.653	 0.003	 -0.055	 
m11c102r1	 27.327	 142.275	 0.008	 -0.285	 
