FILE	         sponSU	 sponMU	 DDIallSUve	 DDIallSUvi	 DDIall_MUve	 DDIallMUvi	 DDI_forSUve	 DDI_forSUvi	 DDI_forMUve	 DDI_forMUvi	 HTISUve	 HTISUvi	 HTIMUve	 HTIMUvi	 PreSUves	 PreSUvis	 PreMUves	 PreMUvis	 PanovSUve	 PanovSUvi	 PanovMUve	 PanovMUvi	 corrSUMUve	 corrSUMUvi	 congruSU	 congruMU	 noiseVe	 noiseVi	 slowdriSU	 slowdriMU	 cross	
m5c391r1.htb	 103.465	 0.749	 0.782	 0.865	 0.890	 6.339	 8.409	 0.331	 0.548	 0.413	 257.178	 173.849	 186.905	 0.063	 0.005	 0.000	 0.113	 
m5c391r1.htb	 103.465	 0.749	 0.782	 0.865	 0.890	 6.339	 8.409	 0.331	 0.548	 0.413	 257.178	 173.849	 186.905	 0.063	 0.005	 0.000	 
m5c391r2.htb	 91.089	 0.905	 10.985	 0.630	 152.674	 0.000	 
m5c398r1.htb	 61.584	 0.611	 0.806	 0.815	 -1.422	 4.274	 3.289	 0.051	 0.609	 0.521	 81.737	 184.419	 169.555	 0.635	 0.000	 0.000	 
m5c398r2.htb	 90.759	 0.876	 6.925	 0.448	 169.947	 0.000	 
m5c405r4.htb	 33.861	 0.800	 0.919	 1.645	 6.733	 0.350	 0.552	 214.609	 209.363	 0.000	 0.000	 
m5c410r1.htb	 57.426	 0.674	 0.584	 0.639	 1.279	 -1.082	 0.285	 0.404	 0.343	 0.193	 208.126	 22.735	 237.170	 0.188	 0.767	 0.077	 
m5c410r2.htb	 64.356	 0.831	 0.424	 0.308	 70.285	 0.050	 
m5c414r1.htb	 36.634	 0.692	 0.695	 0.727	 1.081	 1.307	 0.422	 0.104	 0.402	 0.526	 339.132	 224.954	 159.074	 0.064	 0.018	 0.057	 
m5c414r2.htb	 38.218	 0.745	 0.988	 0.315	 175.129	 0.000	 
m5c419r1.htb	 94.455	 0.566	 0.597	 0.665	 -0.090	 -1.172	 -0.238	 0.184	 0.185	 0.379	 233.368	 333.829	 226.018	 0.923	 0.128	 0.096	 
m5c419r2.htb	 93.069	 0.725	 2.337	 0.169	 59.810	 0.005	 
m5c426r1.htb	 72.673	 0.728	 0.783	 0.851	 0.364	 1.054	 0.764	 0.510	 0.420	 0.409	 211.680	 219.529	 227.019	 0.090	 0.003	 0.000	 
m5c426r2.htb	 58.746	 0.923	 4.825	 0.499	 205.540	 0.000	 
m5c431r1.htb	 51.650	 0.692	 0.731	 0.724	 0.548	 0.020	 0.000	 0.446	 0.142	 0.404	 185.785	 75.102	 108.204	 0.054	 0.003	 0.010	 
m5c431r2.htb	 93.317	 0.925	 -5.065	 0.566	 66.488	 0.000	 
m5c445r2.htb	 50.743	 0.649	 0.728	 0.702	 -0.424	 2.187	 0.157	 0.393	 0.563	 0.534	 84.372	 157.476	 149.464	 0.618	 0.077	 0.220	 
m5c445r1.htb	 70.099	 0.745	 0.375	 0.325	 146.469	 0.026	 
m5c453r2.htb	 23.102	 0.642	 0.638	 0.676	 0.735	 0.985	 1.322	 0.175	 0.133	 0.288	 226.076	 164.889	 128.770	 0.892	 0.549	 0.310	 
m5c453r1.htb	 50.825	 0.843	 2.774	 0.547	 167.054	 0.000	 
m5c457r2.htb	 50.000	 0.551	 0.747	 0.663	 -0.055	 0.666	 0.116	 0.150	 0.521	 0.365	 280.664	 132.689	 122.061	 0.806	 0.048	 0.661	 
m5c457r1.htb	 80.528	 0.840	 3.329	 0.597	 163.074	 0.004	 
m5c463r1.htb	 54.851	 0.569	 0.753	 0.720	 0.215	 4.932	 3.257	 0.216	 0.397	 0.361	 4.178	 218.348	 239.924	 0.244	 0.005	 0.009	 
m5c463r2.htb	 45.297	 0.782	 3.278	 0.384	 194.745	 0.000	 
m5c467r2.htb	 57.921	 0.750	 0.583	 0.694	 0.635	 0.961	 -0.970	 0.515	 0.328	 0.309	 175.735	 218.710	 177.696	 0.485	 0.751	 0.035	 
m5c467r1.htb	 84.488	 0.863	 -2.877	 0.433	 76.152	 0.020	 
m5c471r2.htb	 87.871	 0.591	 0.663	 0.553	 -0.650	 0.517	 -0.913	 0.405	 0.204	 0.188	 188.776	 54.816	 337.983	 0.943	 0.086	 0.633	 
m5c471r1.htb	 66.733	 0.787	 -0.015	 0.401	 86.229	 0.013	 
m5c475r2.htb	 12.079	 0.619	 0.776	 0.730	 -0.443	 3.166	 1.407	 0.421	 0.231	 0.139	 182.012	 178.095	 107.501	 0.590	 0.002	 0.031	 
m5c475r1.htb	 37.624	 0.861	 3.571	 0.511	 111.349	 0.000	 
m5c479r2.htb	 45.545	 0.705	 0.708	 0.749	 -0.369	 1.332	 1.007	 0.196	 0.200	 0.279	 237.584	 301.796	 260.301	 0.020	 0.002	 0.071	 
m5c482r2.htb	 45.792	 0.699	 0.681	 0.804	 0.298	 1.392	 -0.163	 0.123	 0.264	 0.385	 312.255	 136.871	 188.021	 0.000	 0.712	 0.025	 
m5c482r1.htb	 60.891	 0.888	 4.015	 0.524	 191.466	 0.000	 
m5c486r1.htb	 31.023	 0.832	 0.894	 0.810	 -0.950	 7.228	 2.770	 0.428	 0.366	 0.387	 352.163	 208.103	 207.448	 0.007	 0.004	 0.012	 
m5c486r2.htb	 52.805	 0.886	 13.913	 0.541	 198.446	 0.000	 
m5c490r2.htb	 34.229	 0.736	 0.792	 0.866	 0.069	 4.720	 5.083	 0.292	 0.515	 0.324	 282.703	 198.584	 210.544	 0.001	 0.000	 0.000	 
m5c490r1.htb	 72.937	 0.858	 8.301	 0.631	 190.145	 0.005	 
m5c494r2.htb	 27.129	 0.509	 0.744	 0.615	 -0.000	 2.273	 0.276	 0.155	 0.261	 0.241	 269.105	 183.577	 223.319	 0.452	 0.007	 0.113	 
m5c494r1.htb	 56.436	 0.609	 0.866	 -0.302	 4.885	 0.123	 0.320	 324.426	 206.398	 0.823	 0.000	 
m5c498r4.htb	 45.050	 0.542	 0.833	 0.829	 1.238	 1.358	 4.296	 0.390	 0.507	 0.228	 172.752	 276.250	 252.711	 0.856	 0.000	 0.001	 
m5c498r1.htb	 42.574	 0.716	 0.900	 1.293	 -2.433	 0.453	 0.611	 134.365	 346.682	 0.929	 0.000	 
m5c504r2.htb	 27.228	 0.682	 0.840	 0.796	 0.448	 1.986	 2.076	 0.259	 0.316	 0.272	 224.398	 76.383	 135.559	 0.101	 0.000	 0.001	 
m5c504r1.htb	 27.970	 0.830	 0.882	 0.638	 106.959	 0.000	 
m5c508r2.htb	 36.040	 0.659	 0.826	 0.799	 -1.275	 3.516	 1.343	 0.175	 0.356	 0.347	 322.338	 203.577	 207.567	 0.012	 0.000	 0.000	 
m5c508r1.htb	 66.584	 0.926	 6.567	 0.572	 200.984	 0.000	 
m5c513r2.htb	 41.386	 0.564	 0.611	 0.640	 -0.387	 0.996	 -0.045	 0.334	 0.055	 0.157	 206.779	 213.706	 221.716	 0.960	 0.459	 0.261	 
m5c513r1.htb	 130.693	 0.837	 -1.921	 0.407	 37.971	 0.000	 
m5c518r2.htb	 11.287	 0.593	 0.833	 0.844	 0.235	 -0.696	 0.419	 0.227	 0.576	 0.573	 258.415	 294.719	 305.794	 0.470	 0.000	 0.000	 
m5c518r1.htb	 52.475	 0.918	 -4.294	 0.607	 327.666	 0.000	 
m5c522r2.htb	 42.970	 0.615	 0.750	 0.742	 -0.237	 3.072	 1.485	 0.554	 0.386	 0.416	 352.718	 188.523	 215.785	 0.102	 0.020	 0.003	 
m5c522r1.htb	 72.030	 0.860	 4.933	 0.527	 183.761	 0.000	 
m5c526r1.htb	 69.109	 0.902	 2.203	 0.493	 111.206	 0.000	 
m5c526r2.htb	 64.158	 0.630	 0.733	 0.698	 1.214	 2.014	 1.533	 0.042	 0.459	 0.434	 197.373	 121.517	 134.717	 0.093	 0.001	 0.042	 
m5c531r1.htb	 59.158	 0.923	 7.818	 0.561	 94.042	 0.000	 
m5c531r2.htb	 72.079	 0.742	 0.712	 0.689	 1.369	 1.897	 1.863	 0.226	 0.427	 0.463	 123.764	 90.481	 129.917	 0.003	 0.015	 0.002	 
m5c536r2.htb	 61.386	 0.712	 0.807	 0.774	 0.373	 -2.167	 -1.271	 0.420	 0.446	 0.231	 170.877	 349.874	 26.879	 0.006	 0.000	 0.009	 
m5c536r1.htb	 43.960	 0.825	 -5.001	 0.547	 3.969	 0.000	 
m5c540r1.htb	 40.594	 0.878	 5.065	 0.621	 177.615	 0.000	 
m5c540r2.htb	 48.713	 0.712	 0.828	 0.829	 0.648	 3.174	 3.409	 0.291	 0.504	 0.501	 282.409	 177.927	 167.603	 0.030	 0.000	 0.000	 
m5c544r2.htb	 30.297	 0.709	 0.680	 0.621	 -1.211	 -1.068	 0.493	 0.213	 0.085	 0.116	 346.182	 305.301	 78.941	 0.410	 0.632	 0.011	 
m5c544r4.htb	 87.129	 0.705	 0.361	 0.526	 76.916	 0.029	 
m5c548r2.htb	 69.109	 0.754	 0.763	 0.653	 -1.501	 1.260	 1.945	 0.276	 0.353	 0.482	 215.292	 176.689	 169.058	 0.004	 0.013	 0.191	 
m5c548r1.htb	 92.079	 0.903	 5.238	 0.598	 152.545	 0.000	 
m5c552r1.htb	 97.277	 0.910	 -6.059	 0.580	 18.470	 0.000	 
m5c552r2.htb	 81.782	 0.529	 0.764	 0.681	 0.380	 -2.737	 -2.453	 0.420	 0.367	 0.398	 127.765	 34.434	 12.253	 0.899	 0.010	 0.044	 
m5c556r2.htb	 78.416	 0.614	 0.584	 0.640	 1.099	 1.567	 1.069	 0.077	 0.258	 0.015	 72.782	 129.987	 251.265	 0.692	 0.315	 0.796	 
m5c556r1.htb	 80.396	 0.802	 1.619	 0.529	 121.519	 0.000	 
m5c561r2.htb	 81.980	 0.713	 0.766	 0.732	 0.816	 1.956	 1.785	 0.340	 0.379	 0.498	 306.157	 114.630	 99.227	 0.001	 0.003	 0.002	 
m5c561r1.htb	 49.752	 0.861	 5.450	 0.451	 135.173	 0.000	 
m5c565r1.htb	 66.584	 0.786	 6.578	 0.382	 125.493	 0.005	 
m5c565r2.htb	 53.267	 0.464	 0.781	 0.708	 0.470	 5.656	 1.368	 0.448	 0.240	 0.086	 132.635	 126.895	 171.065	 0.539	 0.000	 0.008	 
m5c568r1.htb	 66.337	 0.688	 0.725	 0.378	 1.396	 0.482	 0.177	 226.519	 331.757	 0.380	 0.736	 
m5c574r2.htb	 105.941	 0.724	 0.568	 0.766	 -0.179	 -1.563	 -0.106	 0.272	 0.423	 0.170	 240.689	 344.350	 350.020	 0.441	 0.051	 0.000	 
m5c574r1.htb	 118.564	 0.896	 -3.014	 0.499	 11.700	 0.000	 
m5c578r1.htb	 29.455	 0.803	 -1.473	 0.305	 17.196	 0.014	 
m5c578r2.htb	 23.366	 0.662	 0.727	 0.616	 0.994	 -0.945	 0.101	 0.270	 0.240	 0.054	 275.293	 315.031	 239.099	 0.212	 0.013	 0.354	 
m5c583r2.htb	 43.564	 0.754	 0.688	 0.771	 -0.128	 0.570	 1.953	 0.414	 0.150	 0.349	 211.515	 356.099	 232.984	 0.010	 0.299	 0.004	 
m5c583r1.htb	 61.584	 0.611	 0.801	 0.103	 21.968	 0.459	 
m5c588r2.htb	 33.267	 0.781	 0.845	 0.864	 1.285	 2.897	 2.837	 0.316	 0.444	 0.519	 242.177	 212.119	 216.977	 0.000	 0.000	 0.000	 
m5c588r1.htb	 60.149	 0.850	 3.987	 0.635	 197.096	 0.000	 
m5c593r1.htb	 29.109	 0.893	 2.587	 0.487	 204.117	 0.000	 
m5c593r2.htb	 41.584	 0.719	 0.687	 0.709	 -0.460	 -0.195	 -1.025	 0.285	 0.257	 0.246	 9.131	 246.541	 334.462	 0.092	 0.457	 0.089	 
m5c598r2.htb	 26.535	 0.843	 0.624	 0.823	 2.691	 -0.828	 0.000	 0.422	 0.391	 0.264	 207.790	 257.309	 213.338	 0.000	 0.419	 0.001	 
m5c598r1.htb	 26.931	 0.673	 -0.874	 0.354	 316.275	 0.036	 
m5c602r2.htb	 24.158	 0.681	 0.812	 0.710	 0.484	 -2.451	 -1.306	 0.269	 0.485	 0.249	 235.429	 351.716	 53.528	 0.035	 0.000	 0.030	 
m5c602r1.htb	 22.970	 0.814	 -3.352	 0.514	 8.101	 0.000	 
m5c608r2.htb	 42.970	 0.608	 0.745	 0.543	 -0.293	 0.650	 1.515	 0.184	 0.423	 0.353	 209.145	 146.579	 139.482	 0.088	 0.000	 0.658	 
m5c608r1.htb	 52.871	 0.888	 2.333	 0.481	 104.983	 0.000	 
m5c614r2.htb	 46.733	 0.536	 0.683	 0.681	 -0.094	 -0.785	 -1.721	 0.294	 0.468	 0.277	 295.208	 17.271	 16.277	 0.577	 0.207	 0.327	 
m5c614r1.htb	 55.446	 0.910	 -12.087	 0.625	 21.784	 0.000	 
m5c623r2.htb	 26.931	 0.632	 0.632	 0.681	 0.032	 -1.414	 -0.745	 0.190	 0.319	 0.623	 235.492	 28.858	 28.326	 0.043	 0.669	 0.026	 
m5c623r1.htb	 34.158	 0.902	 -5.869	 0.417	 13.036	 0.000	 
m5c627r2.htb	 21.287	 0.605	 0.724	 0.724	 -1.221	 -3.028	 -1.539	 0.213	 0.416	 0.343	 53.865	 15.585	 3.100	 0.638	 0.058	 0.064	 
m5c627r1.htb	 5.693	 0.816	 -3.550	 0.592	 356.559	 0.000	 
m5c631r2.htb	 27.129	 0.510	 0.788	 0.657	 0.941	 -2.782	 -1.315	 0.194	 0.443	 0.340	 350.926	 14.708	 354.641	 0.741	 0.000	 0.177	 
m5c631r1.htb	 42.327	 0.900	 -9.267	 0.555	 9.586	 0.000	 
m5c634r2.htb	 47.327	 0.648	 0.785	 0.703	 0.041	 -3.156	 -3.481	 0.156	 0.468	 0.370	 281.236	 23.397	 324.970	 0.184	 0.000	 0.127	 
m5c634r1.htb	 48.267	 0.597	 0.862	 -0.380	 -2.835	 0.473	 0.519	 208.745	 16.561	 0.946	 0.006	 
m5c638r2.htb	 41.980	 0.623	 0.613	 0.685	 0.188	 -0.060	 -1.156	 0.283	 0.213	 0.178	 35.009	 17.597	 318.847	 0.107	 0.608	 0.506	 
m5c638r1.htb	 37.822	 0.845	 5.194	 0.534	 170.847	 0.000	 
m5c642r2.htb	 25.941	 0.591	 0.823	 0.622	 -0.480	 4.124	 0.569	 0.318	 0.271	 0.107	 264.779	 174.077	 51.472	 0.812	 0.000	 0.375	 
m5c642r1.htb	 31.436	 0.929	 4.116	 0.630	 120.646	 0.000	 
m5c646r1.htb	 42.178	 0.746	 0.909	 -0.379	 8.061	 0.289	 0.653	 297.620	 162.046	 0.039	 0.000	 
m5c654r1.htb	 54.257	 0.632	 0.949	 -1.300	 -35.105	 0.185	 0.596	 356.843	 357.656	 0.379	 0.000	 
m5c656r1.htb	 11.287	 0.709	 0.839	 -0.822	 -2.852	 0.350	 0.621	 31.362	 32.191	 0.054	 0.000	 
m5c665r1.htb	 55.941	 0.615	 0.777	 0.942	 1.573	 0.446	 0.586	 228.223	 104.329	 0.619	 0.010	 
m5c667r1.htb	 95.248	 0.698	 0.925	 -0.571	 1.723	 0.339	 0.575	 282.161	 238.492	 0.122	 0.000	 
m5c671r1.htb	 56.238	 0.722	 0.911	 0.117	 -4.524	 0.491	 0.597	 307.917	 314.979	 0.112	 0.000	 
m5c676r1.htb	 72.525	 0.676	 0.784	 -0.247	 -0.171	 0.328	 0.310	 281.266	 39.783	 0.116	 0.003	 
m5c682r1.htb	 78.812	 0.639	 0.857	 -1.154	 5.756	 0.419	 0.464	 285.050	 148.475	 0.314	 0.000	 
m5c685r1.htb	 40.990	 0.687	 0.858	 0.816	 2.856	 0.343	 0.683	 242.875	 144.031	 0.103	 0.000	 
m5c745r1.htb	 32.921	 0.676	 0.946	 0.208	 12.361	 0.219	 0.669	 204.112	 163.423	 0.606	 0.000	 
m5c755r1.htb	 53.861	 0.736	 0.891	 -0.173	 8.775	 0.258	 0.594	 176.475	 181.703	 0.004	 0.000	 
m5c759r1.htb	 40.000	 0.730	 0.867	 2.040	 -0.403	 0.550	 0.538	 18.196	 207.121	 0.020	 0.000	 
m5c762r1.htb	 27.921	 0.639	 0.896	 -0.656	 4.358	 0.218	 0.417	 359.080	 155.232	 0.348	 0.000	 
m5c771r1.htb	 35.149	 0.643	 0.887	 -0.246	 6.011	 0.169	 0.596	 10.973	 166.935	 0.509	 0.000	 
m5c777r1.htb	 60.792	 0.707	 0.885	 0.420	 -7.209	 0.244	 0.556	 214.644	 24.246	 0.038	 0.000	 
m5c780r1.htb	 40.000	 0.676	 0.863	 -0.649	 -3.038	 0.234	 0.609	 300.906	 28.402	 0.118	 0.000	 
m5c785r1.htb	 38.812	 0.641	 0.931	 1.226	 -14.208	 0.154	 0.622	 252.175	 351.529	 0.100	 0.000	 
m5c795r1.htb	 79.802	 0.629	 0.888	 -0.145	 -5.014	 0.334	 0.363	 289.588	 78.025	 0.951	 0.000	 
m5c799r1.htb	 55.842	 0.686	 0.896	 0.902	 -3.944	 0.279	 0.587	 27.005	 347.669	 0.510	 0.000	 
m5c802r1.htb	 47.129	 0.660	 0.846	 -0.457	 1.320	 0.227	 0.076	 302.504	 13.210	 0.347	 0.000	 
m5c807r1.htb	 54.455	 0.738	 0.827	 0.402	 -1.635	 0.174	 0.456	 282.540	 31.453	 0.045	 0.001	 
m5c814r1.htb	 34.455	 0.714	 0.889	 1.410	 1.424	 0.218	 0.487	 242.536	 292.629	 0.083	 0.000	 
m5c818r1.htb	 35.842	 0.720	 0.742	 1.451	 2.836	 0.199	 0.582	 264.769	 206.256	 0.236	 0.000	 
m5c821r1.htb	 39.802	 0.701	 0.629	 -0.758	 1.706	 0.265	 0.470	 262.100	 188.304	 0.000	 0.455	 
m5c828r1.htb	 25.347	 0.707	 0.909	 0.197	 5.410	 0.452	 0.415	 330.070	 166.173	 0.099	 0.000	 
m5c832r1.htb	 62.178	 0.816	 0.834	 -1.483	 1.915	 0.597	 0.479	 346.286	 98.672	 0.000	 0.000	 
m5c835r1.htb	 88.515	 0.638	 0.872	 0.999	 2.113	 0.186	 0.442	 326.329	 186.752	 0.067	 0.000	 
m5c838r1.htb	 40.198	 0.536	 0.829	 0.194	 -4.555	 0.034	 0.518	 88.244	 64.733	 0.655	 0.000	 
m5c862r1.htb	 47.723	 0.630	 0.914	 0.460	 5.466	 0.323	 0.529	 257.021	 158.553	 0.571	 0.000	 
m13c4r1.htb	 43.168	 0.631	 0.861	 0.081	 4.143	 0.436	 0.515	 341.377	 181.258	 0.675	 0.000	 
m13c7r1.htb	 88.614	 0.727	 0.900	 -1.846	 7.423	 0.289	 0.643	 9.430	 180.988	 0.196	 0.000	 
m13c11r1.htb	 52.970	 0.623	 0.765	 -0.097	 -1.485	 0.201	 0.271	 128.634	 59.411	 0.133	 0.003	 
m13c15r1.htb	 54.851	 0.595	 0.869	 -0.369	 3.234	 0.356	 0.662	 1.910	 134.524	 0.928	 0.000	 
m13c17r1.htb	 62.376	 0.705	 0.804	 -1.008	 2.353	 0.481	 0.379	 323.708	 187.000	 0.097	 0.000	 
m13c21r1.htb	 58.663	 0.754	 0.861	 0.094	 1.774	 0.268	 0.583	 245.180	 211.804	 0.010	 0.000	 
m13c27r1.htb	 39.604	 0.439	 0.771	 -0.828	 1.022	 0.156	 0.415	 256.714	 198.890	 0.941	 0.006	 
m13c30r1.htb	 23.960	 0.800	 0.892	 -1.242	 4.296	 0.113	 0.489	 34.925	 172.946	 0.003	 0.000	 
m13c36r1.htb	 57.624	 0.802	 0.922	 0.944	 -7.416	 0.258	 0.675	 170.554	 351.645	 0.001	 0.000	 
m13c40r1.htb	 37.624	 0.664	 0.847	 0.815	 -1.279	 0.221	 0.652	 347.609	 96.406	 0.778	 0.000	 
m13c44r1.htb	 62.772	 0.775	 0.688	 0.109	 1.478	 0.100	 0.409	 250.859	 121.160	 0.018	 0.041	 
m13c44r1.htb	 62.772	 0.775	 0.688	 0.109	 1.478	 0.100	 0.409	 250.859	 121.160	 0.018	 0.041	 
m13c49r1.htb	 53.069	 0.570	 0.712	 1.168	 0.812	 0.283	 0.057	 98.848	 74.923	 0.138	 0.099	 
m13c52r1.htb	 32.673	 0.831	 0.894	 0.438	 4.633	 0.262	 0.498	 254.443	 204.533	 0.002	 0.000	 
m13c56r1.htb	 43.564	 0.784	 0.772	 1.183	 -0.510	 0.276	 0.367	 254.095	 330.398	 0.000	 0.001	 
m13c59r1.htb	 41.980	 0.708	 0.824	 -1.921	 -4.715	 0.269	 0.306	 349.590	 355.032	 0.032	 0.000	 
m13c63r1.htb	 89.109	 0.676	 0.904	 0.601	 -4.320	 0.140	 0.530	 143.139	 17.029	 0.039	 0.000	 
m13c63r1.htb	 89.109	 0.676	 0.904	 0.601	 -4.320	 0.140	 0.530	 143.139	 17.029	 0.039	 0.000	 
m13c75r1.htb	 46.287	 0.743	 0.903	 -3.843	 11.616	 0.170	 0.551	 303.127	 171.510	 0.039	 0.000	 
m13c78r1.htb	 41.980	 0.615	 0.884	 -0.240	 5.456	 0.333	 0.518	 18.973	 175.002	 0.672	 0.000	 
m13c81r1.htb	 91.683	 0.641	 0.864	 -0.143	 3.125	 0.462	 0.614	 297.960	 163.974	 0.124	 0.000	 
m13c86r1.htb	 51.287	 0.612	 0.901	 -0.255	 0.215	 0.071	 0.412	 81.150	 297.210	 0.765	 0.000	 
m13c89r1.htb	 101.485	 0.780	 0.878	 -0.882	 3.167	 0.392	 0.465	 298.346	 137.637	 0.003	 0.000	 
m13c91r1.htb	 130.099	 0.751	 0.884	 -0.287	 6.779	 0.271	 0.559	 315.409	 188.947	 0.030	 0.000	 
m13c94r1.htb	 60.198	 0.588	 0.747	 0.279	 -0.792	 0.319	 0.505	 142.662	 344.037	 0.263	 0.001	 
m13c99r1.htb	 100.198	 0.706	 0.890	 0.764	 -6.205	 0.297	 0.436	 229.972	 354.935	 0.255	 0.000	 
m13c102r1.htb	 45.149	 0.434	 0.780	 0.118	 0.650	 0.143	 0.231	 249.342	 131.799	 0.985	 0.037	 
m13c105r1.htb	 80.990	 0.821	 0.915	 0.638	 -5.821	 0.316	 0.666	 209.039	 1.556	 0.001	 0.000	 
m13c108r1.htb	 72.079	 0.662	 0.892	 0.759	 -4.756	 0.221	 0.605	 233.882	 340.676	 0.196	 0.000	 
m13c111r1.htb	 91.287	 0.890	 0.914	 3.292	 4.289	 0.257	 0.619	 221.124	 191.499	 0.000	 0.000	 
m13c123r1.htb	 90.297	 0.761	 0.894	 1.725	 -6.223	 0.214	 0.634	 175.853	 12.371	 0.000	 0.000	 
m13c126r1.htb	 82.574	 0.533	 0.764	 -0.129	 3.099	 0.461	 0.534	 347.800	 181.161	 0.557	 0.003	 
m13c133r1.htb	 76.040	 0.857	 0.860	 3.739	 1.412	 0.302	 0.433	 190.650	 192.468	 0.000	 0.000	 
m13c137r1.htb	 80.594	 0.728	 0.871	 0.275	 2.351	 0.293	 0.481	 49.601	 194.621	 0.000	 0.000	 
m13c146r1.htb	 67.723	 0.621	 0.845	 1.609	 -6.095	 0.307	 0.453	 254.156	 358.773	 0.495	 0.000	 
m13c150r1.htb	 24.554	 0.673	 0.881	 -0.334	 0.958	 0.305	 0.657	 336.239	 256.924	 0.076	 0.000	 
m13c154r1.htb	 41.584	 0.744	 0.919	 0.162	 -5.583	 0.096	 0.567	 87.998	 65.391	 0.148	 0.000	 
m13c157r1.htb	 108.713	 0.427	 0.838	 0.059	 1.287	 0.233	 0.534	 59.480	 206.980	 0.928	 0.000	 
m13c160r1.htb	 85.347	 0.590	 0.805	 0.313	 1.371	 0.384	 0.433	 296.784	 157.017	 0.149	 0.000	 
m13c163r1.htb	 59.604	 0.803	 0.910	 -1.003	 4.639	 0.270	 0.645	 357.390	 183.487	 0.000	 0.000	 
m13c171r1.htb	 43.812	 0.445	 0.796	 0.120	 1.891	 0.146	 0.446	 131.707	 241.247	 0.824	 0.001	 
m13c174r1.htb	 25.545	 0.810	 0.856	 -0.473	 0.099	 0.263	 0.610	 229.478	 212.463	 0.000	 0.000	 
m13c177r1.htb	 46.733	 0.842	 0.909	 3.022	 6.457	 0.232	 0.560	 195.170	 189.640	 0.000	 0.000	 
m13c180r1.htb	 68.317	 0.751	 0.934	 -0.902	 1.510	 0.302	 0.460	 351.780	 213.713	 0.003	 0.000	 
m13c189r1.htb	 93.069	 0.766	 0.838	 -0.808	 0.403	 0.241	 0.573	 271.350	 258.550	 0.017	 0.000	 
m13c192r1.htb	 21.188	 0.599	 0.872	 0.290	 -1.538	 0.280	 0.586	 7.639	 227.124	 0.395	 0.000	 
m13c202r1.htb	 34.653	 0.553	 0.834	 -0.265	 -2.787	 0.084	 0.457	 280.739	 345.742	 0.565	 0.000	 
m13c207r1.htb	 25.941	 0.631	 0.836	 0.160	 -1.026	 0.157	 0.587	 348.298	 314.170	 0.584	 0.000	 
m13c211r1.htb	 83.168	 0.689	 0.849	 0.200	 1.163	 0.199	 0.396	 30.233	 231.436	 0.202	 0.000	 
m13c217r1.htb	 38.020	 0.710	 0.788	 -1.161	 -0.407	 0.388	 0.446	 45.562	 216.498	 0.001	 0.001	 
m13c220r1.htb	 76.238	 0.772	 0.663	 -0.746	 0.043	 0.349	 0.487	 319.178	 190.128	 0.001	 0.283	 
m13c228r1.htb	 49.703	 0.586	 0.725	 0.284	 0.271	 0.174	 0.132	 298.462	 142.798	 0.563	 0.009	 
m13c232r1.htb	 89.109	 0.740	 0.796	 0.724	 -2.891	 0.161	 0.251	 325.393	 271.597	 0.139	 0.021	 
m13c235r1.htb	 54.455	 0.551	 0.821	 0.129	 -1.246	 0.181	 0.287	 84.707	 74.376	 0.960	 0.000	 
m13c240r1.htb	 55.644	 0.738	 0.842	 -0.696	 0.323	 0.427	 0.523	 301.580	 349.706	 0.003	 0.000	 
m13c249r1.htb	 38.020	 0.512	 0.789	 -0.523	 1.813	 0.368	 0.551	 10.543	 150.299	 0.252	 0.000	 
m13c254r1.htb	 56.040	 0.590	 0.858	 0.060	 5.255	 0.245	 0.555	 158.961	 156.830	 0.520	 0.000	 
m13c259r1.htb	 74.851	 0.664	 0.757	 -0.367	 3.231	 0.610	 0.510	 22.928	 136.649	 0.596	 0.001	 
m13c270r1.htb	 48.713	 0.670	 0.803	 0.487	 -1.571	 0.298	 0.218	 212.386	 338.464	 0.441	 0.000	 
m13c275r1.htb	 66.931	 0.674	 0.888	 -0.432	 2.041	 0.444	 0.427	 46.655	 232.666	 0.097	 0.000	 
m13c279r1.htb	 83.366	 0.757	 0.777	 0.215	 1.571	 0.277	 0.519	 323.770	 177.787	 0.000	 0.000	 
m13c283r1.htb	 73.020	 0.683	 0.786	 0.052	 1.918	 0.633	 0.477	 242.005	 174.350	 0.153	 0.000	 
m13c287r1.htb	 41.782	 0.727	 0.882	 1.011	 1.892	 0.738	 0.369	 241.692	 241.791	 0.034	 0.000	 
m13c291r1.htb	 108.317	 0.616	 0.774	 -0.268	 -2.618	 0.300	 0.424	 254.287	 1.704	 0.385	 0.000	 
m13c295r1.htb	 30.693	 0.682	 0.873	 -0.383	 3.317	 0.408	 0.611	 55.851	 184.176	 0.032	 0.000	 
m13c298r1.htb	 19.010	 0.807	 0.834	 1.294	 -3.514	 0.545	 0.633	 185.523	 14.047	 0.000	 0.000	 
m13c301r1.htb	 84.950	 0.825	 0.921	 1.021	 -0.725	 0.293	 0.457	 257.229	 259.149	 0.000	 0.000	 
m5c479r1.htb	 56.577	 0.767	 1.477	 0.535	 165.021	 0.068	 
