 FILE	        neuro1 	 neuro2 	 stim 	 pref1 	 p1 	 pref2 	 p2 	 DiffPref 	 noisecorrelation
m17c2r1.htb	 1.0000	 2.0000	 2.0000	 129.0729	 0.0000	 129.0729	 0.0000	 35.4950	 -0.0270	 
m17c2r2.htb	 1.0000	 2.0000	 1.0000	 19.1163	 0.1885	 19.1163	 0.1885	 129.6397	 0.0239	 
m17c2r2.htb	 1.0000	 2.0000	 2.0000	 118.9071	 0.0000	 118.9071	 0.0000	 50.5911	 0.1024	 
m17c3r1.htb	 1.0000	 2.0000	 2.0000	 281.0244	 0.0232	 281.0244	 0.0232	 20.8703	 0.2283	 
m17c4r1.htb	 1.0000	 2.0000	 1.0000	 83.6024	 0.1224	 83.6024	 0.1224	 90.9540	 -0.0837	 
m17c4r1.htb	 1.0000	 2.0000	 2.0000	 123.5295	 0.0080	 123.5295	 0.0080	 125.8782	 0.2727	 
m17c6r1.htb	 1.0000	 2.0000	 1.0000	 358.4206	 0.0113	 358.4206	 0.0113	 297.6662	 0.1184	 
m17c6r1.htb	 1.0000	 2.0000	 2.0000	 159.4802	 0.0000	 159.4802	 0.0000	 85.6861	 0.1814	 
m17c7r1.htb	 1.0000	 2.0000	 1.0000	 288.9196	 0.9273	 288.9196	 0.9273	 160.1351	 -0.0233	 
m17c7r1.htb	 1.0000	 2.0000	 2.0000	 105.7924	 0.0000	 105.7924	 0.0000	 60.9162	 -0.0309	 
m17c8r1.htb	 1.0000	 2.0000	 1.0000	 37.1388	 0.2353	 37.1388	 0.2353	 1.7203	 -0.2306	 
m17c8r1.htb	 1.0000	 2.0000	 2.0000	 42.8039	 0.0008	 42.8039	 0.0008	 92.4338	 -0.0067	 
m17c8r1.htb	 1.0000	 3.0000	 1.0000	 37.1388	 0.1099	 37.1388	 0.1099	 277.4275	 0.2737	 
m17c8r1.htb	 1.0000	 3.0000	 2.0000	 42.8039	 0.0000	 42.8039	 0.0000	 143.3223	 -0.0795	 
m17c8r1.htb	 2.0000	 3.0000	 1.0000	 38.8591	 0.1099	 38.8591	 0.1099	 275.7072	 0.1392	 
m17c8r1.htb	 2.0000	 3.0000	 2.0000	 135.2377	 0.0000	 135.2377	 0.0000	 50.8885	 -0.0748	 
m17c9r2.htb	 1.0000	 2.0000	 2.0000	 331.6817	 0.0209	 331.6817	 0.0209	 64.4656	 -0.0036	 
m17c10r1.htb	 1.0000	 2.0000	 2.0000	 247.4745	 0.0333	 247.4745	 0.0333	 85.9846	 -0.0359	 
m17c11r2.htb	 1.0000	 2.0000	 1.0000	 57.7169	 0.4539	 57.7169	 0.4539	 199.2000	 0.0104	 
m17c11r2.htb	 1.0000	 2.0000	 2.0000	 156.0556	 0.0000	 156.0556	 0.0000	 76.4602	 0.0765	 
m17c11r2.htb	 1.0000	 3.0000	 1.0000	 57.7169	 0.0735	 57.7169	 0.0735	 297.7558	 0.0826	 
m17c11r2.htb	 1.0000	 3.0000	 2.0000	 156.0556	 0.0000	 156.0556	 0.0000	 14.7295	 0.0807	 
m17c11r2.htb	 2.0000	 3.0000	 1.0000	 256.9170	 0.0735	 256.9170	 0.0735	 98.5557	 0.0162	 
m17c11r2.htb	 2.0000	 3.0000	 2.0000	 79.5954	 0.0000	 79.5954	 0.0000	 61.7307	 -0.0496	 
m17c12r1.htb	 1.0000	 2.0000	 2.0000	 79.4262	 0.0000	 79.4262	 0.0000	 40.0743	 -0.0219	 
m17c12r1.htb	 1.0000	 3.0000	 2.0000	 79.4262	 0.0000	 79.4262	 0.0000	 69.0927	 0.1469	 
m17c12r1.htb	 2.0000	 3.0000	 2.0000	 119.5005	 0.0000	 119.5005	 0.0000	 29.0184	 -0.0974	 
m17c12r2.htb	 1.0000	 2.0000	 1.0000	 305.1783	 0.0004	 305.1783	 0.0004	 204.4293	 -0.3853	 
m17c12r2.htb	 1.0000	 2.0000	 2.0000	 107.5818	 0.0003	 107.5818	 0.0003	 1.7234	 -0.1710	 
m17c12r2.htb	 1.0000	 3.0000	 1.0000	 305.1783	 0.4518	 305.1783	 0.4518	 6.3282	 -0.0768	 
m17c12r2.htb	 1.0000	 3.0000	 2.0000	 107.5818	 0.0000	 107.5818	 0.0000	 49.4584	 0.0375	 
m17c12r2.htb	 2.0000	 3.0000	 1.0000	 100.7490	 0.4518	 100.7490	 0.4518	 198.1011	 -0.0258	 
m17c12r2.htb	 2.0000	 3.0000	 2.0000	 105.8584	 0.0000	 105.8584	 0.0000	 51.1818	 0.0805	 
m17c13r1.htb	 1.0000	 2.0000	 1.0000	 333.7398	 0.0000	 333.7398	 0.0000	 182.5708	 0.0149	 
m17c13r1.htb	 1.0000	 2.0000	 2.0000	 151.9268	 0.0000	 151.9268	 0.0000	 115.6482	 0.0532	 
m17c15r1.htb	 1.0000	 2.0000	 1.0000	 7.3317	 0.1239	 7.3317	 0.1239	 218.9348	 0.2904	 
m17c15r1.htb	 1.0000	 2.0000	 2.0000	 169.9392	 0.0012	 169.9392	 0.0012	 85.3072	 0.0159	 
m17c16r1.htb	 1.0000	 2.0000	 1.0000	 291.3774	 0.0000	 291.3774	 0.0000	 26.3927	 0.0732	 
m17c16r1.htb	 1.0000	 2.0000	 2.0000	 53.4733	 0.0000	 53.4733	 0.0000	 232.8028	 0.3261	 
m17c18r1.htb	 1.0000	 2.0000	 1.0000	 189.5622	 0.5929	 189.5622	 0.5929	 114.4960	 0.0128	 
m17c18r1.htb	 1.0000	 2.0000	 2.0000	 239.9536	 0.0000	 239.9536	 0.0000	 120.6207	 0.0106	 
m17c20r1.htb	 1.0000	 2.0000	 1.0000	 347.4554	 0.6810	 347.4554	 0.6810	 29.0431	 0.0309	 
m17c20r1.htb	 1.0000	 2.0000	 2.0000	 327.9230	 0.0000	 327.9230	 0.0000	 127.2578	 -0.0871	 
m17c21r1.htb	 1.0000	 2.0000	 1.0000	 6.9386	 0.1410	 6.9386	 0.1410	 4.2702	 0.0885	 
m17c21r1.htb	 1.0000	 2.0000	 2.0000	 258.0177	 0.0000	 258.0177	 0.0000	 52.8500	 0.0866	 
m17c23r1.htb	 1.0000	 2.0000	 1.0000	 332.9657	 0.2595	 332.9657	 0.2595	 186.4437	 -0.0176	 
m17c23r1.htb	 1.0000	 2.0000	 2.0000	 162.7062	 0.0000	 162.7062	 0.0000	 43.4674	 -0.1083	 
m17c23r1.htb	 1.0000	 3.0000	 1.0000	 332.9657	 0.1998	 332.9657	 0.1998	 42.1440	 0.1040	 
m17c23r1.htb	 1.0000	 3.0000	 2.0000	 162.7062	 0.0136	 162.7062	 0.0136	 40.0785	 0.0626	 
m17c23r1.htb	 2.0000	 3.0000	 1.0000	 146.5221	 0.1998	 146.5221	 0.1998	 144.2997	 0.0532	 
m17c23r1.htb	 2.0000	 3.0000	 2.0000	 206.1736	 0.0136	 206.1736	 0.0136	 3.3889	 -0.0584	 
m17c25r1.htb	 1.0000	 2.0000	 1.0000	 77.7153	 0.3547	 77.7153	 0.3547	 32.1898	 -0.0476	 
m17c25r1.htb	 1.0000	 2.0000	 2.0000	 187.6224	 0.0000	 187.6224	 0.0000	 138.6724	 -0.0121	 
m17c26r1.htb	 1.0000	 2.0000	 1.0000	 55.4422	 0.5386	 55.4422	 0.5386	 0.3336	 -0.0010	 
m17c26r1.htb	 1.0000	 2.0000	 2.0000	 64.6972	 0.1732	 64.6972	 0.1732	 45.3630	 0.1062	 
m17c26r1.htb	 1.0000	 3.0000	 1.0000	 55.4422	 0.8860	 55.4422	 0.8860	 34.3689	 0.1950	 
m17c26r1.htb	 1.0000	 3.0000	 2.0000	 64.6972	 0.1394	 64.6972	 0.1394	 21.7044	 0.1679	 
m17c26r1.htb	 1.0000	 4.0000	 1.0000	 55.4422	 0.0125	 55.4422	 0.0125	 38.3093	 -0.3301	 
m17c26r1.htb	 1.0000	 4.0000	 2.0000	 64.6972	 0.0000	 64.6972	 0.0000	 152.1566	 0.0138	 
m17c26r1.htb	 2.0000	 3.0000	 1.0000	 55.1086	 0.8860	 55.1086	 0.8860	 34.0353	 -0.1261	 
m17c26r1.htb	 2.0000	 3.0000	 2.0000	 19.3342	 0.1394	 19.3342	 0.1394	 67.0674	 -0.0987	 
m17c26r1.htb	 2.0000	 4.0000	 1.0000	 55.1086	 0.0125	 55.1086	 0.0125	 37.9756	 0.2117	 
m17c26r1.htb	 2.0000	 4.0000	 2.0000	 19.3342	 0.0000	 19.3342	 0.0000	 197.5196	 0.0035	 
m17c26r1.htb	 3.0000	 4.0000	 1.0000	 21.0733	 0.0125	 21.0733	 0.0125	 3.9404	 0.0503	 
m17c26r1.htb	 3.0000	 4.0000	 2.0000	 86.4016	 0.0000	 86.4016	 0.0000	 130.4522	 0.2239	 
m17c27r1.htb	 1.0000	 2.0000	 1.0000	 10.7991	 0.2563	 10.7991	 0.2563	 15.9674	 -0.0769	 
m17c27r1.htb	 1.0000	 2.0000	 2.0000	 193.6387	 0.0006	 193.6387	 0.0006	 60.6827	 0.2709	 
m17c27r1.htb	 1.0000	 3.0000	 1.0000	 10.7991	 0.8965	 10.7991	 0.8965	 228.1238	 -0.0290	 
m17c27r1.htb	 1.0000	 3.0000	 2.0000	 193.6387	 0.3064	 193.6387	 0.3064	 95.2797	 0.0883	 
m17c27r1.htb	 2.0000	 3.0000	 1.0000	 26.7665	 0.8965	 26.7665	 0.8965	 212.1564	 -0.0113	 
m17c27r1.htb	 2.0000	 3.0000	 2.0000	 132.9560	 0.3064	 132.9560	 0.3064	 155.9624	 -0.2514	 
m17c28r1.htb	 1.0000	 2.0000	 1.0000	 342.7846	 0.0754	 342.7846	 0.0754	 282.1514	 -0.1401	 
m17c28r1.htb	 1.0000	 2.0000	 2.0000	 248.5391	 0.6634	 248.5391	 0.6634	 194.9169	 -0.0377	 
m17c28r1.htb	 1.0000	 3.0000	 1.0000	 342.7846	 0.0017	 342.7846	 0.0017	 4.8293	 0.0601	 
m17c28r1.htb	 1.0000	 3.0000	 2.0000	 248.5391	 0.0469	 248.5391	 0.0469	 82.8194	 0.2596	 
m17c28r1.htb	 1.0000	 4.0000	 1.0000	 342.7846	 0.0000	 342.7846	 0.0000	 242.8620	 -0.1077	 
m17c28r1.htb	 1.0000	 4.0000	 2.0000	 248.5391	 0.0018	 248.5391	 0.0018	 28.8407	 0.1467	 
m17c28r1.htb	 2.0000	 3.0000	 1.0000	 60.6332	 0.0017	 60.6332	 0.0017	 286.9807	 0.0195	 
m17c28r1.htb	 2.0000	 3.0000	 2.0000	 53.6223	 0.0469	 53.6223	 0.0469	 277.7363	 0.2252	 
m17c28r1.htb	 2.0000	 4.0000	 1.0000	 60.6332	 0.0000	 60.6332	 0.0000	 39.2894	 -0.2364	 
m17c28r1.htb	 2.0000	 4.0000	 2.0000	 53.6223	 0.0018	 53.6223	 0.0018	 223.7575	 -0.3253	 
m17c28r1.htb	 3.0000	 4.0000	 1.0000	 347.6139	 0.0000	 347.6139	 0.0000	 247.6913	 -0.0433	 
m17c28r1.htb	 3.0000	 4.0000	 2.0000	 331.3586	 0.0018	 331.3586	 0.0018	 53.9788	 -0.1791	 
m17c29r1.htb	 1.0000	 2.0000	 1.0000	 356.9547	 0.0000	 356.9547	 0.0000	 353.1430	 -0.1054	 
m17c29r1.htb	 1.0000	 2.0000	 2.0000	 350.3848	 0.0022	 350.3848	 0.0022	 112.6724	 -0.0507	 
m17c30r1.htb	 1.0000	 2.0000	 1.0000	 7.6710	 0.0022	 7.6710	 0.0022	 7.8273	 0.0127	 
m17c30r1.htb	 1.0000	 2.0000	 2.0000	 283.0526	 0.0000	 283.0526	 0.0000	 244.8130	 -0.1906	 
m17c31r1.htb	 1.0000	 2.0000	 1.0000	 7.2419	 0.0000	 7.2419	 0.0000	 136.1076	 -0.0305	 
m17c31r1.htb	 1.0000	 2.0000	 2.0000	 355.5136	 0.0000	 355.5136	 0.0000	 229.1225	 -0.2252	 
m17c31r2.htb	 1.0000	 2.0000	 1.0000	 80.2831	 0.0000	 80.2831	 0.0000	 73.7430	 0.0523	 
m17c31r2.htb	 1.0000	 2.0000	 2.0000	 354.6122	 0.0000	 354.6122	 0.0000	 215.2830	 -0.1105	 
m17c31r3.htb	 1.0000	 2.0000	 1.0000	 162.5921	 0.0116	 162.5921	 0.0116	 23.4356	 -0.1753	 
m17c31r3.htb	 1.0000	 2.0000	 2.0000	 32.6970	 0.0078	 32.6970	 0.0078	 126.7361	 0.0886	 
m17c2r1.htb	 1.0000	 2.0000	 2.0000	 129.0729	 0.0000	 129.0729	 0.0000	 35.4950	 -0.0270	 
m17c2r2.htb	 1.0000	 2.0000	 1.0000	 19.1163	 0.0030	 19.1163	 0.1885	 129.6397	 0.0239	 
m17c2r2.htb	 1.0000	 2.0000	 2.0000	 118.9071	 0.0000	 118.9071	 0.0000	 50.5911	 0.1024	 
m17c3r1.htb	 1.0000	 2.0000	 2.0000	 281.0244	 0.0000	 281.0244	 0.0232	 20.8703	 0.2283	 
m17c4r1.htb	 1.0000	 2.0000	 1.0000	 83.6024	 0.0083	 83.6024	 0.1224	 90.9540	 -0.0837	 
m17c4r1.htb	 1.0000	 2.0000	 2.0000	 123.5295	 0.0006	 123.5295	 0.0080	 125.8782	 0.2727	 
m17c6r1.htb	 1.0000	 2.0000	 1.0000	 358.4206	 0.0615	 358.4206	 0.0113	 297.6662	 0.1184	 
m17c6r1.htb	 1.0000	 2.0000	 2.0000	 159.4802	 0.0000	 159.4802	 0.0000	 85.6861	 0.1814	 
m17c7r1.htb	 1.0000	 2.0000	 1.0000	 288.9196	 0.6494	 288.9196	 0.9273	 160.1351	 -0.0233	 
m17c7r1.htb	 1.0000	 2.0000	 2.0000	 105.7924	 0.0350	 105.7924	 0.0000	 60.9162	 -0.0309	 
m17c8r1.htb	 1.0000	 2.0000	 1.0000	 37.1388	 0.9502	 37.1388	 0.2353	 1.7203	 -0.2306	 
m17c8r1.htb	 1.0000	 2.0000	 2.0000	 42.8039	 0.0343	 42.8039	 0.0008	 92.4338	 -0.0067	 
m17c8r1.htb	 1.0000	 3.0000	 1.0000	 37.1388	 0.9502	 37.1388	 0.1099	 277.4275	 0.2737	 
m17c8r1.htb	 1.0000	 3.0000	 2.0000	 42.8039	 0.0343	 42.8039	 0.0000	 143.3223	 -0.0795	 
m17c8r1.htb	 2.0000	 3.0000	 1.0000	 38.8591	 0.2353	 38.8591	 0.1099	 275.7072	 0.1392	 
m17c8r1.htb	 2.0000	 3.0000	 2.0000	 135.2377	 0.0008	 135.2377	 0.0000	 50.8885	 -0.0748	 
m17c9r2.htb	 1.0000	 2.0000	 2.0000	 331.6817	 0.0003	 331.6817	 0.0209	 64.4656	 -0.0036	 
m17c10r1.htb	 1.0000	 2.0000	 2.0000	 247.4745	 0.0030	 247.4745	 0.0333	 85.9846	 -0.0359	 
m17c11r2.htb	 1.0000	 2.0000	 1.0000	 57.7169	 0.2782	 57.7169	 0.4539	 199.2000	 0.0104	 
m17c11r2.htb	 1.0000	 2.0000	 2.0000	 156.0556	 0.0000	 156.0556	 0.0000	 76.4602	 0.0765	 
m17c11r2.htb	 1.0000	 3.0000	 1.0000	 57.7169	 0.2782	 57.7169	 0.0735	 297.7558	 0.0826	 
m17c11r2.htb	 1.0000	 3.0000	 2.0000	 156.0556	 0.0000	 156.0556	 0.0000	 14.7295	 0.0807	 
m17c11r2.htb	 2.0000	 3.0000	 1.0000	 256.9170	 0.4539	 256.9170	 0.0735	 98.5557	 0.0162	 
m17c11r2.htb	 2.0000	 3.0000	 2.0000	 79.5954	 0.0000	 79.5954	 0.0000	 61.7307	 -0.0496	 
m17c12r1.htb	 1.0000	 2.0000	 2.0000	 79.4262	 0.0037	 79.4262	 0.0000	 40.0743	 -0.0219	 
m17c12r1.htb	 1.0000	 3.0000	 2.0000	 79.4262	 0.0037	 79.4262	 0.0000	 69.0927	 0.1469	 
m17c12r1.htb	 2.0000	 3.0000	 2.0000	 119.5005	 0.0000	 119.5005	 0.0000	 29.0184	 -0.0974	 
m17c12r2.htb	 1.0000	 2.0000	 1.0000	 305.1783	 0.6337	 305.1783	 0.0004	 204.4293	 -0.3853	 
m17c12r2.htb	 1.0000	 2.0000	 2.0000	 107.5818	 0.0045	 107.5818	 0.0003	 1.7234	 -0.1710	 
m17c12r2.htb	 1.0000	 3.0000	 1.0000	 305.1783	 0.6337	 305.1783	 0.4518	 6.3282	 -0.0768	 
m17c12r2.htb	 1.0000	 3.0000	 2.0000	 107.5818	 0.0045	 107.5818	 0.0000	 49.4584	 0.0375	 
m17c12r2.htb	 2.0000	 3.0000	 1.0000	 100.7490	 0.0004	 100.7490	 0.4518	 198.1011	 -0.0258	 
m17c12r2.htb	 2.0000	 3.0000	 2.0000	 105.8584	 0.0003	 105.8584	 0.0000	 51.1818	 0.0805	 
m17c13r1.htb	 1.0000	 2.0000	 1.0000	 333.7398	 0.0000	 333.7398	 0.0000	 182.5708	 0.0149	 
m17c13r1.htb	 1.0000	 2.0000	 2.0000	 151.9268	 0.0000	 151.9268	 0.0000	 115.6482	 0.0532	 
m17c15r1.htb	 1.0000	 2.0000	 1.0000	 7.3317	 0.0000	 7.3317	 0.1239	 218.9348	 0.2904	 
m17c15r1.htb	 1.0000	 2.0000	 2.0000	 169.9392	 0.0000	 169.9392	 0.0012	 85.3072	 0.0159	 
m17c16r1.htb	 1.0000	 2.0000	 1.0000	 291.3774	 0.0329	 291.3774	 0.0000	 26.3927	 0.0732	 
m17c16r1.htb	 1.0000	 2.0000	 2.0000	 53.4733	 0.0004	 53.4733	 0.0000	 232.8028	 0.3261	 
m17c18r1.htb	 1.0000	 2.0000	 1.0000	 189.5622	 0.5953	 189.5622	 0.5929	 114.4960	 0.0128	 
m17c18r1.htb	 1.0000	 2.0000	 2.0000	 239.9536	 0.0000	 239.9536	 0.0000	 120.6207	 0.0106	 
m17c20r1.htb	 1.0000	 2.0000	 1.0000	 347.4554	 0.6598	 347.4554	 0.6810	 29.0431	 0.0309	 
m17c20r1.htb	 1.0000	 2.0000	 2.0000	 327.9230	 0.0000	 327.9230	 0.0000	 127.2578	 -0.0871	 
m17c21r1.htb	 1.0000	 2.0000	 1.0000	 6.9386	 0.0002	 6.9386	 0.1410	 4.2702	 0.0885	 
m17c21r1.htb	 1.0000	 2.0000	 2.0000	 258.0177	 0.0042	 258.0177	 0.0000	 52.8500	 0.0866	 
m17c23r1.htb	 1.0000	 2.0000	 1.0000	 332.9657	 0.4940	 332.9657	 0.2595	 186.4437	 -0.0176	 
m17c23r1.htb	 1.0000	 2.0000	 2.0000	 162.7062	 0.0000	 162.7062	 0.0000	 43.4674	 -0.1083	 
m17c23r1.htb	 1.0000	 3.0000	 1.0000	 332.9657	 0.4940	 332.9657	 0.1998	 42.1440	 0.1040	 
m17c23r1.htb	 1.0000	 3.0000	 2.0000	 162.7062	 0.0000	 162.7062	 0.0136	 40.0785	 0.0626	 
m17c23r1.htb	 2.0000	 3.0000	 1.0000	 146.5221	 0.2595	 146.5221	 0.1998	 144.2997	 0.0532	 
m17c23r1.htb	 2.0000	 3.0000	 2.0000	 206.1736	 0.0000	 206.1736	 0.0136	 3.3889	 -0.0584	 
m17c25r1.htb	 1.0000	 2.0000	 1.0000	 77.7153	 0.0425	 77.7153	 0.3547	 32.1898	 -0.0476	 
m17c25r1.htb	 1.0000	 2.0000	 2.0000	 187.6224	 0.0699	 187.6224	 0.0000	 138.6724	 -0.0121	 
m17c26r1.htb	 1.0000	 2.0000	 1.0000	 55.4422	 0.0678	 55.4422	 0.5386	 0.3336	 -0.0010	 
m17c26r1.htb	 1.0000	 2.0000	 2.0000	 64.6972	 0.1976	 64.6972	 0.1732	 45.3630	 0.1062	 
m17c26r1.htb	 1.0000	 3.0000	 1.0000	 55.4422	 0.0678	 55.4422	 0.8860	 34.3689	 0.1950	 
m17c26r1.htb	 1.0000	 3.0000	 2.0000	 64.6972	 0.1976	 64.6972	 0.1394	 21.7044	 0.1679	 
m17c26r1.htb	 1.0000	 4.0000	 1.0000	 55.4422	 0.0678	 55.4422	 0.0125	 38.3093	 -0.3301	 
m17c26r1.htb	 1.0000	 4.0000	 2.0000	 64.6972	 0.1976	 64.6972	 0.0000	 152.1566	 0.0138	 
m17c26r1.htb	 2.0000	 3.0000	 1.0000	 55.1086	 0.5386	 55.1086	 0.8860	 34.0353	 -0.1261	 
m17c26r1.htb	 2.0000	 3.0000	 2.0000	 19.3342	 0.1732	 19.3342	 0.1394	 67.0674	 -0.0987	 
m17c26r1.htb	 2.0000	 4.0000	 1.0000	 55.1086	 0.5386	 55.1086	 0.0125	 37.9756	 0.2117	 
m17c26r1.htb	 2.0000	 4.0000	 2.0000	 19.3342	 0.1732	 19.3342	 0.0000	 197.5196	 0.0035	 
m17c26r1.htb	 3.0000	 4.0000	 1.0000	 21.0733	 0.8860	 21.0733	 0.0125	 3.9404	 0.0503	 
m17c26r1.htb	 3.0000	 4.0000	 2.0000	 86.4016	 0.1394	 86.4016	 0.0000	 130.4522	 0.2239	 
m17c27r1.htb	 1.0000	 2.0000	 1.0000	 10.7991	 0.6553	 10.7991	 0.2563	 15.9674	 -0.0769	 
m17c27r1.htb	 1.0000	 2.0000	 2.0000	 193.6387	 0.7988	 193.6387	 0.0006	 60.6827	 0.2709	 
m17c27r1.htb	 1.0000	 3.0000	 1.0000	 10.7991	 0.6553	 10.7991	 0.8965	 228.1238	 -0.0290	 
m17c27r1.htb	 1.0000	 3.0000	 2.0000	 193.6387	 0.7988	 193.6387	 0.3064	 95.2797	 0.0883	 
m17c27r1.htb	 2.0000	 3.0000	 1.0000	 26.7665	 0.2563	 26.7665	 0.8965	 212.1564	 -0.0113	 
m17c27r1.htb	 2.0000	 3.0000	 2.0000	 132.9560	 0.0006	 132.9560	 0.3064	 155.9624	 -0.2514	 
m17c28r1.htb	 1.0000	 2.0000	 1.0000	 342.7846	 0.1193	 342.7846	 0.0754	 282.1514	 -0.1401	 
m17c28r1.htb	 1.0000	 2.0000	 2.0000	 248.5391	 0.0336	 248.5391	 0.6634	 194.9169	 -0.0377	 
m17c28r1.htb	 1.0000	 3.0000	 1.0000	 342.7846	 0.1193	 342.7846	 0.0017	 4.8293	 0.0601	 
m17c28r1.htb	 1.0000	 3.0000	 2.0000	 248.5391	 0.0336	 248.5391	 0.0469	 82.8194	 0.2596	 
m17c28r1.htb	 1.0000	 4.0000	 1.0000	 342.7846	 0.1193	 342.7846	 0.0000	 242.8620	 -0.1077	 
m17c28r1.htb	 1.0000	 4.0000	 2.0000	 248.5391	 0.0336	 248.5391	 0.0018	 28.8407	 0.1467	 
m17c28r1.htb	 2.0000	 3.0000	 1.0000	 60.6332	 0.0754	 60.6332	 0.0017	 286.9807	 0.0195	 
m17c28r1.htb	 2.0000	 3.0000	 2.0000	 53.6223	 0.6634	 53.6223	 0.0469	 277.7363	 0.2252	 
m17c28r1.htb	 2.0000	 4.0000	 1.0000	 60.6332	 0.0754	 60.6332	 0.0000	 39.2894	 -0.2364	 
m17c28r1.htb	 2.0000	 4.0000	 2.0000	 53.6223	 0.6634	 53.6223	 0.0018	 223.7575	 -0.3253	 
m17c28r1.htb	 3.0000	 4.0000	 1.0000	 347.6139	 0.0017	 347.6139	 0.0000	 247.6913	 -0.0433	 
m17c28r1.htb	 3.0000	 4.0000	 2.0000	 331.3586	 0.0469	 331.3586	 0.0018	 53.9788	 -0.1791	 
m17c29r1.htb	 1.0000	 2.0000	 1.0000	 356.9547	 0.0006	 356.9547	 0.0000	 353.1430	 -0.1054	 
m17c29r1.htb	 1.0000	 2.0000	 2.0000	 350.3848	 0.1299	 350.3848	 0.0022	 112.6724	 -0.0507	 
m17c30r1.htb	 1.0000	 2.0000	 1.0000	 7.6710	 0.0000	 7.6710	 0.0022	 7.8273	 0.0127	 
m17c30r1.htb	 1.0000	 2.0000	 2.0000	 283.0526	 0.0018	 283.0526	 0.0000	 244.8130	 -0.1906	 
m17c31r1.htb	 1.0000	 2.0000	 1.0000	 7.2419	 0.0522	 7.2419	 0.0000	 136.1076	 -0.0305	 
m17c31r1.htb	 1.0000	 2.0000	 2.0000	 355.5136	 0.0002	 355.5136	 0.0000	 229.1225	 -0.2252	 
m17c31r2.htb	 1.0000	 2.0000	 1.0000	 80.2831	 0.2490	 80.2831	 0.0000	 73.7430	 0.0523	 
m17c31r2.htb	 1.0000	 2.0000	 2.0000	 354.6122	 0.0000	 354.6122	 0.0000	 215.2830	 -0.1105	 
m17c31r3.htb	 1.0000	 2.0000	 1.0000	 162.5921	 0.0273	 162.5921	 0.0116	 23.4356	 -0.1753	 
m17c31r3.htb	 1.0000	 2.0000	 2.0000	 32.6970	 0.0010	 32.6970	 0.0078	 126.7361	 0.0886	 
m17c32r1.htb	 1.0000	 2.0000	 2.0000	 195.4703	 0.6712	 195.4703	 0.5070	 29.5231	 -0.1133	 
m17c13r1.htb	 1.0000	 2.0000	 1.0000	 333.7398	 0.0000	 333.7398	 0.0000	 182.5708	 0.0149	 
m17c13r1.htb	 1.0000	 2.0000	 2.0000	 151.9268	 0.0000	 151.9268	 0.0000	 115.6482	 0.0532	 
m17c33r1.htb	 1.0000	 2.0000	 1.0000	 38.1872	 NaN	 38.1872	 NaN	 2.7842	 0.7500	 
m17c33r1.htb	 1.0000	 2.0000	 2.0000	 339.3931	 NaN	 339.3931	 NaN	 167.5129	 0.7143	 
m17c33r1.htb	 1.0000	 2.0000	 1.0000	 38.1872	 NaN	 38.1872	 NaN	 2.7842	 0.7500	 
m17c33r1.htb	 1.0000	 2.0000	 2.0000	 339.3931	 NaN	 339.3931	 NaN	 167.5129	 0.7143	 
m17c34r1.htb	 1.0000	 2.0000	 1.0000	 243.8051	 0.5652	 243.8051	 0.0202	 9.9600	 -0.0060	 
m17c34r1.htb	 1.0000	 2.0000	 2.0000	 59.8996	 0.0088	 59.8996	 0.0085	 21.8787	 -0.4088	 
m17c34r1.htb	 1.0000	 2.0000	 1.0000	 180.0000	 0.4553	 180.0000	 0.4290	 135.0000	 0.0947	 
m17c34r1.htb	 1.0000	 2.0000	 2.0000	 208.6751	 0.1144	 208.6751	 0.1581	 160.6119	 -0.1422	 
m17c34r1.htb	 1.0000	 3.0000	 1.0000	 180.0000	 0.4553	 180.0000	 0.1311	 39.2415	 0.2757	 
m17c34r1.htb	 1.0000	 3.0000	 2.0000	 208.6751	 0.1144	 208.6751	 0.0031	 151.9821	 -0.2527	 
m17c34r1.htb	 2.0000	 3.0000	 1.0000	 315.0000	 0.4290	 315.0000	 0.1311	 95.7585	 0.2170	 
m17c34r1.htb	 2.0000	 3.0000	 2.0000	 48.0631	 0.1581	 48.0631	 0.0031	 8.6298	 -0.4067	 
m17c34r1.htb	 1.0000	 2.0000	 1.0000	 180.0000	 0.4553	 180.0000	 0.4290	 135.0000	 0.0947	 
m17c34r1.htb	 1.0000	 2.0000	 2.0000	 208.6751	 0.1144	 208.6751	 0.1581	 160.6119	 -0.1422	 
m17c34r1.htb	 1.0000	 3.0000	 1.0000	 180.0000	 0.4553	 180.0000	 0.1311	 39.2415	 0.2757	 
m17c34r1.htb	 1.0000	 3.0000	 2.0000	 208.6751	 0.1144	 208.6751	 0.0031	 151.9821	 -0.2527	 
m17c34r1.htb	 2.0000	 3.0000	 1.0000	 315.0000	 0.4290	 315.0000	 0.1311	 95.7585	 0.2170	 
m17c34r1.htb	 2.0000	 3.0000	 2.0000	 48.0631	 0.1581	 48.0631	 0.0031	 8.6298	 -0.4067	 
m17c34r1.htb	 1.0000	 2.0000	 1.0000	 180.0000	 0.4553	 180.0000	 0.4290	 135.0000	 0.0947	 
m17c34r1.htb	 1.0000	 2.0000	 2.0000	 208.6751	 0.1144	 208.6751	 0.1581	 160.6119	 -0.1422	 
m17c34r1.htb	 1.0000	 3.0000	 1.0000	 180.0000	 0.4553	 180.0000	 0.1311	 39.2415	 0.2757	 
m17c34r1.htb	 1.0000	 3.0000	 2.0000	 208.6751	 0.1144	 208.6751	 0.0031	 151.9821	 -0.2527	 
m17c34r1.htb	 2.0000	 3.0000	 1.0000	 315.0000	 0.4290	 315.0000	 0.1311	 95.7585	 0.2170	 
m17c34r1.htb	 2.0000	 3.0000	 2.0000	 48.0631	 0.1581	 48.0631	 0.0031	 8.6298	 -0.4067	 
m17c34r1.htb	 1.0000	 2.0000	 1.0000	 180.0000	 0.4553	 180.0000	 0.4290	 135.0000	 0.0947	 
m17c34r1.htb	 1.0000	 2.0000	 2.0000	 208.6751	 0.1144	 208.6751	 0.1581	 160.6119	 -0.1422	 
m17c34r1.htb	 1.0000	 3.0000	 1.0000	 180.0000	 0.4553	 180.0000	 0.1311	 39.2415	 0.2757	 
m17c34r1.htb	 1.0000	 3.0000	 2.0000	 208.6751	 0.1144	 208.6751	 0.0031	 151.9821	 -0.2527	 
m17c34r1.htb	 2.0000	 3.0000	 1.0000	 315.0000	 0.4290	 315.0000	 0.1311	 95.7585	 0.2170	 
m17c34r1.htb	 2.0000	 3.0000	 2.0000	 48.0631	 0.1581	 48.0631	 0.0031	 8.6298	 -0.4067	 
m17c34r1.htb	 1.0000	 2.0000	 1.0000	 180.0000	 0.4553	 180.0000	 0.4290	 135.0000	 0.0947	 
m17c34r1.htb	 1.0000	 2.0000	 2.0000	 208.6751	 0.1144	 208.6751	 0.1581	 160.6119	 -0.1422	 
m17c34r1.htb	 1.0000	 3.0000	 1.0000	 180.0000	 0.4553	 180.0000	 0.1311	 39.2415	 0.2757	 
m17c34r1.htb	 1.0000	 3.0000	 2.0000	 208.6751	 0.1144	 208.6751	 0.0031	 151.9821	 -0.2527	 
m17c34r1.htb	 2.0000	 3.0000	 1.0000	 315.0000	 0.4290	 315.0000	 0.1311	 95.7585	 0.2170	 
m17c34r1.htb	 2.0000	 3.0000	 2.0000	 48.0631	 0.1581	 48.0631	 0.0031	 8.6298	 -0.4067	 
m17c33r1.htb	 1.0000	 2.0000	 1.0000	 38.1872	 NaN	 38.1872	 NaN	 2.7842	 0.7500	 
m17c33r1.htb	 1.0000	 2.0000	 2.0000	 339.3931	 NaN	 339.3931	 NaN	 167.5129	 0.7143	 
m17c34r1.htb	 1.0000	 2.0000	 1.0000	 354.1904	 0.9569	 354.1904	 0.0868	 130.6431	 0.0469	 
m17c34r1.htb	 1.0000	 2.0000	 2.0000	 50.3607	 0.0000	 50.3607	 0.0000	 12.9701	 -0.3280	 
m17c35r1.htb	 1.0000	 2.0000	 1.0000	 242.4520	 0.2034	 242.4520	 0.0019	 47.3767	 0.1047	 
m17c35r1.htb	 1.0000	 2.0000	 2.0000	 111.1881	 0.0000	 111.1881	 0.0000	 9.9001	 0.2212	 
m17c34r1.htb	 1.0000	 2.0000	 1.0000	 354.1904	 0.9569	 354.1904	 0.0868	 130.6431	 0.0469	 
m17c34r1.htb	 1.0000	 2.0000	 2.0000	 50.3607	 0.0000	 50.3607	 0.0000	 12.9701	 -0.3280	 
m17c33r1.htb	 1.0000	 2.0000	 1.0000	 341.0006	 NaN	 341.0006	 NaN	 329.3101	 0.5000	 
m17c33r1.htb	 1.0000	 2.0000	 2.0000	 20.4225	 NaN	 20.4225	 NaN	 75.5814	 0.1429	 
m18c101r1.htb	 1.0000	 2.0000	 1.0000	 124.6522	 0.0034	 124.6522	 0.0001	 208.1075	 0.1096	 
m18c101r1.htb	 1.0000	 2.0000	 2.0000	 100.2917	 0.0000	 100.2917	 0.0000	 93.3642	 -0.1432	 
m18c101r1.htb	 1.0000	 2.0000	 1.0000	 124.6522	 0.0034	 124.6522	 0.0001	 208.1075	 0.1096	 
m18c101r1.htb	 1.0000	 2.0000	 2.0000	 100.2917	 0.0000	 100.2917	 0.0000	 93.3642	 -0.1432	 
m18c101r3.htb	 1.0000	 2.0000	 1.0000	 74.0061	 0.9618	 74.0061	 0.5753	 276.2232	 0.0073	 
m18c101r3.htb	 1.0000	 2.0000	 2.0000	 120.6877	 0.0000	 120.6877	 0.0000	 99.1293	 -0.1825	 
m18c104r1.htb	 1.0000	 2.0000	 1.0000	 173.3607	 0.6120	 173.3607	 0.0356	 116.5978	 -0.0748	 
m18c104r1.htb	 1.0000	 2.0000	 2.0000	 18.3129	 0.0000	 18.3129	 0.0000	 217.3002	 0.1624	 
m18c101r3.htb	 1.0000	 2.0000	 1.0000	 74.0061	 0.9618	 74.0061	 0.5753	 276.2232	 0.0073	 
m18c101r3.htb	 1.0000	 2.0000	 2.0000	 120.6877	 0.0000	 120.6877	 0.0000	 99.1293	 -0.1825	 
m18c107r1.htb	 1.0000	 2.0000	 1.0000	 49.9496	 0.8942	 49.9496	 0.5114	 12.9157	 0.3039	 
m18c107r1.htb	 1.0000	 2.0000	 2.0000	 153.5517	 0.0000	 153.5517	 0.0095	 57.9788	 0.3039	 
m17c32r1.htb	 1.0000	 2.0000	 2.0000	 195.4703	 0.6712	 195.4703	 0.5070	 29.5231	 -0.1133	 
m17c33r1.htb	 1.0000	 2.0000	 1.0000	 38.1872	 NaN	 38.1872	 NaN	 2.7842	 0.7500	 
m17c33r1.htb	 1.0000	 2.0000	 2.0000	 339.3931	 NaN	 339.3931	 NaN	 167.5129	 0.7143	 
m17c34r1.htb	 1.0000	 2.0000	 1.0000	 354.1904	 0.9569	 354.1904	 0.0868	 130.6431	 0.0469	 
m17c34r1.htb	 1.0000	 2.0000	 2.0000	 50.3607	 0.0000	 50.3607	 0.0000	 12.9701	 -0.3280	 
m17c35r1.htb	 1.0000	 2.0000	 1.0000	 242.4520	 0.2034	 242.4520	 0.0019	 47.3767	 0.1047	 
m17c35r1.htb	 1.0000	 2.0000	 2.0000	 111.1881	 0.0000	 111.1881	 0.0000	 9.9001	 0.2212	 
m17c32r1.htb	 1.0000	 2.0000	 2.0000	 195.4703	 0.6712	 195.4703	 0.5070	 29.5231	 -0.1133	 
m17c33r1.htb	 1.0000	 2.0000	 1.0000	 38.1872	 NaN	 38.1872	 NaN	 2.7842	 0.7500	 
m17c33r1.htb	 1.0000	 2.0000	 2.0000	 339.3931	 NaN	 339.3931	 NaN	 167.5129	 0.7143	 
m17c34r1.htb	 1.0000	 2.0000	 1.0000	 354.1904	 0.9569	 354.1904	 0.0868	 130.6431	 0.0469	 
m17c34r1.htb	 1.0000	 2.0000	 2.0000	 50.3607	 0.0000	 50.3607	 0.0000	 12.9701	 -0.3280	 
m17c35r1.htb	 1.0000	 2.0000	 1.0000	 242.4520	 0.2034	 242.4520	 0.0019	 47.3767	 0.1047	 
m17c35r1.htb	 1.0000	 2.0000	 2.0000	 111.1881	 0.0000	 111.1881	 0.0000	 9.9001	 0.2212	 
m18c101r1.htb	 1.0000	 2.0000	 1.0000	 134.9466	 0.0002	 134.9466	 0.0000	 130.0688	 0.1810	 
m18c101r1.htb	 1.0000	 2.0000	 2.0000	 88.9995	 0.0000	 88.9995	 0.0000	 78.7435	 -0.0380	 
m18c101r3.htb	 1.0000	 2.0000	 1.0000	 116.7744	 0.6293	 116.7744	 0.4144	 89.9827	 0.0070	 
m18c101r3.htb	 1.0000	 2.0000	 2.0000	 114.8771	 0.0000	 114.8771	 0.0000	 92.9882	 -0.1799	 
m17c32r1.htb	 1.0000	 2.0000	 2.0000	 195.4703	 0.6712	 195.4703	 0.5070	 29.5231	 -0.1133	 
m17c33r1.htb	 1.0000	 2.0000	 1.0000	 38.1872	 NaN	 38.1872	 NaN	 2.7842	 0.7500	 
m17c33r1.htb	 1.0000	 2.0000	 2.0000	 339.3931	 NaN	 339.3931	 NaN	 167.5129	 0.7143	 
m17c32r1.htb	 1.0000	 2.0000	 2.0000	 195.4703	 0.6712	 195.4703	 0.5070	 29.5231	 -0.1133	 
m17c33r1.htb	 1.0000	 2.0000	 1.0000	 38.1872	 NaN	 38.1872	 NaN	 2.7842	 0.7500	 
m17c33r1.htb	 1.0000	 2.0000	 2.0000	 339.3931	 NaN	 339.3931	 NaN	 167.5129	 0.7143	 
m17c34r1.htb	 1.0000	 2.0000	 1.0000	 354.1904	 0.9569	 354.1904	 0.0868	 130.6431	 0.0469	 
m17c34r1.htb	 1.0000	 2.0000	 2.0000	 50.3607	 0.0000	 50.3607	 0.0000	 12.9701	 -0.3280	 
m17c35r1.htb	 1.0000	 2.0000	 1.0000	 242.4520	 0.2034	 242.4520	 0.0019	 47.3767	 0.1047	 
m17c35r1.htb	 1.0000	 2.0000	 2.0000	 111.1881	 0.0000	 111.1881	 0.0000	 9.9001	 0.2212	 
m18c101r1.htb	 1.0000	 2.0000	 1.0000	 134.9466	 0.0002	 134.9466	 0.0000	 130.0688	 0.1810	 
m18c101r1.htb	 1.0000	 2.0000	 2.0000	 88.9995	 0.0000	 88.9995	 0.0000	 78.7435	 -0.0380	 
m18c101r3.htb	 1.0000	 2.0000	 1.0000	 116.7744	 0.6293	 116.7744	 0.4144	 89.9827	 0.0070	 
m18c101r3.htb	 1.0000	 2.0000	 2.0000	 114.8771	 0.0000	 114.8771	 0.0000	 92.9882	 -0.1799	 
m18c103r1.htb	 1.0000	 2.0000	 1.0000	 334.2268	 0.8350	 334.2268	 0.4497	 40.1132	 -0.2882	 
m18c103r1.htb	 1.0000	 2.0000	 2.0000	 0.0000	 1.0000	 0.0000	 0.0325	 224.5042	 0.0270	 
m18c103r1.htb	 1.0000	 3.0000	 1.0000	 334.2268	 0.8350	 334.2268	 0.0149	 14.6276	 -0.0051	 
m18c103r1.htb	 1.0000	 3.0000	 2.0000	 0.0000	 1.0000	 0.0000	 0.1376	 68.1688	 -0.0733	 
m18c103r1.htb	 2.0000	 3.0000	 1.0000	 294.1136	 0.4497	 294.1136	 0.0149	 54.7408	 0.3712	 
m18c103r1.htb	 2.0000	 3.0000	 2.0000	 224.5042	 0.0325	 224.5042	 0.1376	 156.3355	 0.3221	 
m18c104r1.htb	 1.0000	 2.0000	 1.0000	 176.7875	 0.0001	 176.7875	 0.1224	 121.0746	 -0.1524	 
m18c104r1.htb	 1.0000	 2.0000	 2.0000	 23.8717	 0.0000	 23.8717	 0.0000	 205.8359	 0.0365	 
m18c107r1.htb	 1.0000	 2.0000	 1.0000	 42.2100	 0.5094	 42.2100	 0.4105	 29.3669	 0.3991	 
m18c107r1.htb	 1.0000	 2.0000	 2.0000	 151.9951	 0.0000	 151.9951	 0.0434	 66.5609	 0.1802	 
m18c109r1.htb	 1.0000	 2.0000	 1.0000	 146.4064	 0.0038	 146.4064	 0.7979	 44.4183	 0.0965	 
m18c109r1.htb	 1.0000	 2.0000	 2.0000	 152.7433	 0.0000	 152.7433	 0.0008	 47.5660	 0.1311	 
m18c109r3.htb	 1.0000	 2.0000	 1.0000	 5.9731	 0.1639	 5.9731	 0.7103	 65.0464	 -0.1417	 
m18c109r3.htb	 1.0000	 2.0000	 2.0000	 178.2542	 0.0000	 178.2542	 0.0189	 43.3634	 0.0047	 
m18c110r1.htb	 1.0000	 2.0000	 1.0000	 172.0359	 0.0005	 172.0359	 0.0007	 161.7340	 0.1244	 
m18c110r1.htb	 1.0000	 2.0000	 2.0000	 148.5842	 0.0311	 148.5842	 0.0000	 135.4447	 0.3128	 
m18c108r1.htb	 1.0000	 2.0000	 1.0000	 275.9151	 0.7987	 275.9151	 0.1034	 87.0987	 0.4463	 
m18c108r1.htb	 1.0000	 2.0000	 2.0000	 253.4889	 0.7322	 253.4889	 0.0000	 82.4572	 0.4651	 
m18c108r2.htb	 1.0000	 2.0000	 1.0000	 13.4915	 0.4246	 13.4915	 0.3767	 139.5560	 -0.1662	 
m18c108r2.htb	 1.0000	 2.0000	 2.0000	 313.4294	 0.0020	 313.4294	 0.0079	 99.9449	 -0.0419	 
m18c109r3.htb	 1.0000	 2.0000	 1.0000	 5.9731	 0.1639	 5.9731	 0.7103	 65.0464	 -0.1417	 
m18c109r3.htb	 1.0000	 2.0000	 2.0000	 178.2542	 0.0000	 178.2542	 0.0189	 43.3634	 0.0047	 
m18c101r3.htb	 1.0000	 2.0000	 1.0000	 5.9731	 0.1639	 5.9731	 0.7103	 65.0464	 -0.1417	 
m18c101r3.htb	 1.0000	 2.0000	 2.0000	 178.2542	 0.0000	 178.2542	 0.0189	 43.3634	 0.0047	 
m18c101r1.htb	 1.0000	 2.0000	 1.0000	 124.6522	 0.0034	 124.6522	 0.0001	 208.1075	 0.1096	 
m18c101r1.htb	 1.0000	 2.0000	 2.0000	 100.2917	 0.0000	 100.2917	 0.0000	 93.3642	 -0.1432	 
m18c108r2.htb	 1.0000	 2.0000	 1.0000	 13.4915	 0.4246	 13.4915	 0.3767	 139.5560	 -0.1662	 
m18c108r2.htb	 1.0000	 2.0000	 2.0000	 313.4294	 0.0020	 313.4294	 0.0079	 99.9449	 -0.0419	 
m18c112r1.htb	 1.0000	 2.0000	 1.0000	 244.1011	 0.5205	 244.1011	 0.9653	 30.6231	 0.2684	 
m18c112r1.htb	 1.0000	 2.0000	 2.0000	 196.9895	 0.0000	 196.9895	 0.0000	 45.7292	 0.2441	 
m18c111r1.htb	 1.0000	 2.0000	 1.0000	 52.5946	 0.4780	 52.5946	 0.7973	 80.2082	 0.1711	 
m18c111r1.htb	 1.0000	 2.0000	 2.0000	 0.0000	 NaN	 0.0000	 0.0526	 309.9325	 -0.2792	 
m18c111r1.htb	 1.0000	 3.0000	 1.0000	 52.5946	 0.4780	 52.5946	 0.6128	 37.6691	 0.0898	 
m18c111r1.htb	 1.0000	 3.0000	 2.0000	 0.0000	 NaN	 0.0000	 0.0000	 241.2494	 -0.2834	 
m18c111r1.htb	 2.0000	 3.0000	 1.0000	 132.8028	 0.7973	 132.8028	 0.6128	 42.5391	 0.0562	 
m18c111r1.htb	 2.0000	 3.0000	 2.0000	 309.9325	 0.0526	 309.9325	 0.0000	 68.6831	 0.0587	 
m18c111r1.htb	 1.0000	 2.0000	 1.0000	 52.5946	 0.4780	 52.5946	 0.7973	 80.2082	 0.1711	 
m18c111r1.htb	 1.0000	 2.0000	 2.0000	 0.0000	 NaN	 0.0000	 0.0526	 309.9325	 -0.2792	 
m18c111r1.htb	 1.0000	 3.0000	 1.0000	 52.5946	 0.4780	 52.5946	 0.6128	 37.6691	 0.0898	 
m18c111r1.htb	 1.0000	 3.0000	 2.0000	 0.0000	 NaN	 0.0000	 0.0000	 241.2494	 -0.2834	 
m18c111r1.htb	 2.0000	 3.0000	 1.0000	 132.8028	 0.7973	 132.8028	 0.6128	 42.5391	 0.0562	 
m18c111r1.htb	 2.0000	 3.0000	 2.0000	 309.9325	 0.0526	 309.9325	 0.0000	 68.6831	 0.0587	 
m18c111r11.htb	 1.0000	 2.0000	 1.0000	 314.4455	 0.3599	 314.4455	 0.7261	 172.0570	 0.6884	 
m18c111r11.htb	 1.0000	 2.0000	 2.0000	 178.7177	 0.9313	 178.7177	 0.6215	 66.3526	 0.3702	 
m18c111r11.htb	 1.0000	 3.0000	 1.0000	 314.4455	 0.3599	 314.4455	 0.3568	 213.5986	 -0.2422	 
m18c111r11.htb	 1.0000	 3.0000	 2.0000	 178.7177	 0.9313	 178.7177	 0.0241	 79.2884	 0.0525	 
m18c111r11.htb	 2.0000	 3.0000	 1.0000	 142.3885	 0.7261	 142.3885	 0.3568	 41.5416	 -0.2346	 
m18c111r11.htb	 2.0000	 3.0000	 2.0000	 245.0703	 0.6215	 245.0703	 0.0241	 12.9358	 0.0346	 
m18c111r1.htb	 1.0000	 2.0000	 1.0000	 52.5946	 0.4780	 52.5946	 0.7973	 80.2082	 0.1711	 
m18c111r1.htb	 1.0000	 2.0000	 2.0000	 0.0000	 NaN	 0.0000	 0.0526	 309.9325	 -0.2792	 
m18c111r1.htb	 1.0000	 3.0000	 1.0000	 52.5946	 0.4780	 52.5946	 0.6128	 37.6691	 0.0898	 
m18c111r1.htb	 1.0000	 3.0000	 2.0000	 0.0000	 NaN	 0.0000	 0.0000	 241.2494	 -0.2834	 
m18c111r1.htb	 2.0000	 3.0000	 1.0000	 132.8028	 0.7973	 132.8028	 0.6128	 42.5391	 0.0562	 
m18c111r1.htb	 2.0000	 3.0000	 2.0000	 309.9325	 0.0526	 309.9325	 0.0000	 68.6831	 0.0587	 
m18c113r1.htb	 1.0000	 2.0000	 1.0000	 12.1454	 0.4995	 12.1454	 0.8511	 167.9904	 0.2818	 
m18c113r1.htb	 1.0000	 2.0000	 2.0000	 347.3047	 0.0000	 347.3047	 0.0111	 10.3799	 0.2884	 
m18c114r1.htb	 1.0000	 2.0000	 1.0000	 203.2916	 0.0465	 203.2916	 0.0109	 62.7854	 0.1153	 
m18c114r1.htb	 1.0000	 2.0000	 2.0000	 211.3396	 0.0000	 211.3396	 0.1368	 109.4655	 -0.0591	 
m18c111r1.htb	 1.0000	 2.0000	 1.0000	 52.5946	 0.4780	 52.5946	 0.7973	 80.2082	 0.1711	 
m18c111r1.htb	 1.0000	 2.0000	 2.0000	 0.0000	 NaN	 0.0000	 0.0526	 309.9325	 -0.2792	 
m18c111r1.htb	 1.0000	 3.0000	 1.0000	 52.5946	 0.4780	 52.5946	 0.6128	 37.6691	 0.0898	 
m18c111r1.htb	 1.0000	 3.0000	 2.0000	 0.0000	 NaN	 0.0000	 0.0000	 241.2494	 -0.2834	 
m18c111r1.htb	 2.0000	 3.0000	 1.0000	 132.8028	 0.7973	 132.8028	 0.6128	 42.5391	 0.0562	 
m18c111r1.htb	 2.0000	 3.0000	 2.0000	 309.9325	 0.0526	 309.9325	 0.0000	 68.6831	 0.0587	 
m18c102r22.htb	 1.0000	 2.0000	 1.0000	 52.5946	 0.4780	 52.5946	 0.7973	 80.2082	 0.1711	 
m18c102r22.htb	 1.0000	 2.0000	 2.0000	 0.0000	 NaN	 0.0000	 0.0526	 309.9325	 -0.2792	 
m18c102r22.htb	 1.0000	 3.0000	 1.0000	 52.5946	 0.4780	 52.5946	 0.6128	 37.6691	 0.0898	 
m18c102r22.htb	 1.0000	 3.0000	 2.0000	 0.0000	 NaN	 0.0000	 0.0000	 241.2494	 -0.2834	 
m18c102r22.htb	 2.0000	 3.0000	 1.0000	 132.8028	 0.7973	 132.8028	 0.6128	 42.5391	 0.0562	 
m18c102r22.htb	 2.0000	 3.0000	 2.0000	 309.9325	 0.0526	 309.9325	 0.0000	 68.6831	 0.0587	 
m18c102r22.htb	 1.0000	 2.0000	 1.0000	 52.5946	 0.4780	 52.5946	 0.7973	 80.2082	 0.1711	 
m18c102r22.htb	 1.0000	 2.0000	 2.0000	 0.0000	 NaN	 0.0000	 0.0526	 309.9325	 -0.2792	 
m18c102r22.htb	 1.0000	 3.0000	 1.0000	 52.5946	 0.4780	 52.5946	 0.6128	 37.6691	 0.0898	 
m18c102r22.htb	 1.0000	 3.0000	 2.0000	 0.0000	 NaN	 0.0000	 0.0000	 241.2494	 -0.2834	 
m18c102r22.htb	 2.0000	 3.0000	 1.0000	 132.8028	 0.7973	 132.8028	 0.6128	 42.5391	 0.0562	 
m18c102r22.htb	 2.0000	 3.0000	 2.0000	 309.9325	 0.0526	 309.9325	 0.0000	 68.6831	 0.0587	 
m18c112r1.htb	 1.0000	 2.0000	 1.0000	 244.1011	 0.5205	 244.1011	 0.9653	 30.6231	 0.2684	 
m18c112r1.htb	 1.0000	 2.0000	 2.0000	 196.9895	 0.0000	 196.9895	 0.0000	 45.7292	 0.2441	 
m18c112r1.htb	 1.0000	 2.0000	 1.0000	 244.1011	 0.5205	 244.1011	 0.9653	 30.6231	 0.2684	 
m18c112r1.htb	 1.0000	 2.0000	 2.0000	 196.9895	 0.0000	 196.9895	 0.0000	 45.7292	 0.2441	 
m18c108r22.htb	 1.0000	 2.0000	 1.0000	 13.4012	 0.6523	 13.4012	 0.8296	 191.0809	 -0.1626	 
m18c108r22.htb	 1.0000	 2.0000	 2.0000	 314.6656	 0.0030	 314.6656	 0.0726	 91.4244	 0.0487	 
m18c115r1.htb	 1.0000	 2.0000	 1.0000	 160.9158	 0.0001	 160.9158	 0.0080	 192.5411	 -0.3152	 
m18c115r1.htb	 1.0000	 2.0000	 2.0000	 12.8070	 0.0000	 12.8070	 0.0785	 73.7483	 -0.2238	 
m18c115r1.htb	 1.0000	 2.0000	 1.0000	 159.9604	 0.0099	 159.9604	 0.0347	 149.5302	 -0.3441	 
m18c115r1.htb	 1.0000	 2.0000	 2.0000	 14.1218	 0.0000	 14.1218	 0.1507	 116.8088	 -0.4161	 
m18c115r11.htb	 1.0000	 2.0000	 1.0000	 138.6224	 0.5794	 138.6224	 0.4612	 138.6224	 -0.2679	 
m18c115r11.htb	 1.0000	 2.0000	 2.0000	 1.4351	 0.0000	 1.4351	 NaN	 1.4351	 0.2178	 
m18c115r11.htb	 1.0000	 3.0000	 1.0000	 138.6224	 0.5794	 138.6224	 0.3897	 165.5815	 -0.5435	 
m18c115r11.htb	 1.0000	 3.0000	 2.0000	 1.4351	 0.0000	 1.4351	 0.0050	 92.6030	 -0.1315	 
m18c115r11.htb	 2.0000	 3.0000	 1.0000	 0.0000	 0.4612	 0.0000	 0.3897	 304.2039	 0.3754	 
m18c115r11.htb	 2.0000	 3.0000	 2.0000	 0.0000	 NaN	 0.0000	 0.0050	 94.0381	 -0.0689	 
m18c115r1.htb	 1.0000	 2.0000	 1.0000	 160.9158	 0.0001	 160.9158	 0.0080	 192.5411	 -0.3152	 
m18c115r1.htb	 1.0000	 2.0000	 2.0000	 12.8070	 0.0000	 12.8070	 0.0785	 73.7483	 -0.2238	 
m18c115r1.htb	 1.0000	 2.0000	 1.0000	 160.9158	 0.0001	 160.9158	 0.0080	 192.5411	 -0.3152	 
m18c115r1.htb	 1.0000	 2.0000	 2.0000	 12.8070	 0.0000	 12.8070	 0.0785	 73.7483	 -0.2238	 
m18c115r1.htb	 1.0000	 2.0000	 1.0000	 160.9158	 0.0001	 160.9158	 0.0080	 192.5411	 -0.3152	 
m18c115r1.htb	 1.0000	 2.0000	 2.0000	 12.8070	 0.0000	 12.8070	 0.0785	 73.7483	 -0.2238	 
m18c116r1.htb	 1.0000	 2.0000	 1.0000	 173.2585	 0.0924	 173.2585	 0.1183	 79.6149	 0.0024	 
m18c116r1.htb	 1.0000	 2.0000	 2.0000	 235.7645	 0.2219	 235.7645	 0.0003	 115.6562	 -0.2623	 
m18c117r2.htb	 1.0000	 2.0000	 1.0000	 183.7712	 0.3202	 183.7712	 0.4945	 15.8594	 0.5792	 
m18c117r2.htb	 1.0000	 2.0000	 2.0000	 166.5944	 0.0000	 166.5944	 0.0000	 13.1983	 0.8004	 
m18c117r2.htb	 1.0000	 2.0000	 1.0000	 183.7712	 0.3202	 183.7712	 0.4945	 15.8594	 0.5792	 
m18c117r2.htb	 1.0000	 2.0000	 2.0000	 166.5944	 0.0000	 166.5944	 0.0000	 13.1983	 0.8004	 
m18c117r1.htb	 1.0000	 2.0000	 1.0000	 173.6777	 0.4884	 173.6777	 0.4519	 89.3458	 0.1451	 
m18c117r1.htb	 1.0000	 2.0000	 2.0000	 170.7396	 0.0000	 170.7396	 0.0271	 117.0226	 0.0942	 
m18c119r11.htb	 1.0000	 2.0000	 1.0000	 137.9979	 0.0023	 137.9979	 0.2843	 39.7269	 0.3277	 
m18c119r11.htb	 1.0000	 2.0000	 2.0000	 166.8531	 0.4362	 166.8531	 0.3315	 13.6461	 0.1790	 
m18c118r1.htb	 1.0000	 2.0000	 1.0000	 260.2402	 0.2714	 260.2402	 0.4735	 6.2692	 -0.1107	 
m18c118r1.htb	 1.0000	 2.0000	 2.0000	 332.7966	 0.0115	 332.7966	 0.0490	 19.4492	 0.1062	 
m18c121r11.htb	 1.0000	 2.0000	 1.0000	 101.6859	 0.3769	 101.6859	 0.8141	 99.8783	 -0.0893	 
m18c121r11.htb	 1.0000	 2.0000	 2.0000	 2.7354	 0.0000	 2.7354	 0.0000	 59.9646	 -0.0554	 
m17c38r1.htb	 1.0000	 2.0000	 1.0000	 193.8631	 0.0553	 193.8631	 0.4356	 58.8631	 0.0119	 
m17c38r1.htb	 1.0000	 2.0000	 2.0000	 65.5470	 0.0000	 65.5470	 1.0000	 65.5470	 0.0391	 
m17c38r1.htb	 1.0000	 2.0000	 1.0000	 190.1428	 0.1480	 190.1428	 0.4385	 55.1428	 0.0321	 
m17c38r1.htb	 1.0000	 2.0000	 2.0000	 67.5460	 0.0000	 67.5460	 1.0000	 67.5460	 0.3035	 
m17c36r1.htb	 1.0000	 2.0000	 1.0000	 0.8019	 0.4901	 0.8019	 0.0599	 338.5517	 -0.1162	 
m17c36r1.htb	 1.0000	 2.0000	 2.0000	 79.2009	 0.2224	 79.2009	 0.2205	 17.8923	 0.0490	 
m17c36r1.htb	 1.0000	 2.0000	 1.0000	 0.8019	 0.4901	 0.8019	 0.0599	 338.5517	 -0.1162	 
m17c36r1.htb	 1.0000	 2.0000	 2.0000	 79.2009	 0.2224	 79.2009	 0.2205	 17.8923	 0.0490	 
m17c37r1.htb	 1.0000	 2.0000	 1.0000	 301.5032	 0.9879	 301.5032	 0.7876	 56.5063	 0.1752	 
m17c37r1.htb	 1.0000	 2.0000	 2.0000	 146.0579	 0.2585	 146.0579	 0.0050	 1.1606	 0.2048	 
m17c38r1.htb	 1.0000	 2.0000	 1.0000	 193.8631	 0.0553	 193.8631	 0.4356	 58.8631	 0.0119	 
m17c38r1.htb	 1.0000	 2.0000	 2.0000	 65.5470	 0.0000	 65.5470	 1.0000	 65.5470	 0.0391	 
m17c38r1.htb	 1.0000	 2.0000	 1.0000	 193.8631	 0.0553	 193.8631	 0.4356	 58.8631	 0.0119	 
m17c38r1.htb	 1.0000	 2.0000	 2.0000	 65.5470	 0.0000	 65.5470	 1.0000	 65.5470	 0.0391	 
m17c39r1.htb	 1.0000	 2.0000	 1.0000	 140.1212	 0.9847	 140.1212	 0.7993	 86.5768	 0.2879	 
m17c39r1.htb	 1.0000	 2.0000	 2.0000	 345.6077	 0.0182	 345.6077	 0.0720	 179.0147	 0.0004	 
m17c39r1.htb	 1.0000	 2.0000	 1.0000	 140.1212	 0.9847	 140.1212	 0.7993	 86.5768	 0.2879	 
m17c39r1.htb	 1.0000	 2.0000	 2.0000	 345.6077	 0.0182	 345.6077	 0.0720	 179.0147	 0.0004	 
m17c40r1.htb	 1.0000	 2.0000	 1.0000	 345.8747	 0.9901	 345.8747	 1.0000	 262.2947	 0.6946	 
m17c40r1.htb	 1.0000	 2.0000	 2.0000	 81.7145	 0.0693	 81.7145	 0.0027	 175.0628	 0.2741	 
m17c41r1.htb	 1.0000	 2.0000	 1.0000	 19.6214	 0.0662	 19.6214	 0.6303	 36.6885	 -0.1279	 
m17c41r1.htb	 1.0000	 2.0000	 2.0000	 5.1656	 0.0000	 5.1656	 0.7360	 101.9737	 -0.0147	 
m17c41r1.htb	 1.0000	 3.0000	 1.0000	 19.6214	 0.0662	 19.6214	 0.2922	 275.7314	 0.2625	 
m17c41r1.htb	 1.0000	 3.0000	 2.0000	 5.1656	 0.0000	 5.1656	 0.0000	 125.2655	 0.0906	 
m17c41r1.htb	 2.0000	 3.0000	 1.0000	 56.3099	 0.6303	 56.3099	 0.2922	 239.0429	 -0.2003	 
m17c41r1.htb	 2.0000	 3.0000	 2.0000	 107.1393	 0.7360	 107.1393	 0.0000	 23.2918	 -0.0197	 
m17c41r2.htb	 1.0000	 2.0000	 1.0000	 22.5000	 0.5396	 22.5000	 0.1977	 115.8860	 -0.0575	 
m17c41r2.htb	 1.0000	 2.0000	 2.0000	 125.2176	 0.4484	 125.2176	 0.0107	 66.6321	 -0.0355	 
m17c41r2.htb	 1.0000	 3.0000	 1.0000	 22.5000	 0.5396	 22.5000	 0.1346	 115.1596	 -0.1027	 
m17c41r2.htb	 1.0000	 3.0000	 2.0000	 125.2176	 0.4484	 125.2176	 0.0003	 91.9884	 -0.2141	 
m17c41r2.htb	 2.0000	 3.0000	 1.0000	 138.3860	 0.1977	 138.3860	 0.1346	 0.7264	 0.5550	 
m17c41r2.htb	 2.0000	 3.0000	 2.0000	 58.5855	 0.0107	 58.5855	 0.0003	 158.6205	 0.5227	 
m17c41r1.htb	 1.0000	 2.0000	 1.0000	 19.6214	 0.0662	 19.6214	 0.6303	 36.6885	 -0.1279	 
m17c41r1.htb	 1.0000	 2.0000	 2.0000	 5.1656	 0.0000	 5.1656	 0.7360	 101.9737	 -0.0147	 
m17c41r1.htb	 1.0000	 3.0000	 1.0000	 19.6214	 0.0662	 19.6214	 0.2922	 275.7314	 0.2625	 
m17c41r1.htb	 1.0000	 3.0000	 2.0000	 5.1656	 0.0000	 5.1656	 0.0000	 125.2655	 0.0906	 
m17c41r1.htb	 2.0000	 3.0000	 1.0000	 56.3099	 0.6303	 56.3099	 0.2922	 239.0429	 -0.2003	 
m17c41r1.htb	 2.0000	 3.0000	 2.0000	 107.1393	 0.7360	 107.1393	 0.0000	 23.2918	 -0.0197	 
m17c41r2.htb	 1.0000	 2.0000	 1.0000	 0.0000	 1.0000	 0.0000	 0.0478	 110.2406	 0.0474	 
m17c41r2.htb	 1.0000	 2.0000	 2.0000	 0.0000	 1.0000	 0.0000	 0.0083	 74.4664	 -0.0263	 
m17c41r2.htb	 1.0000	 3.0000	 1.0000	 0.0000	 1.0000	 0.0000	 0.0972	 119.3438	 -0.2480	 
m17c41r2.htb	 1.0000	 3.0000	 2.0000	 0.0000	 1.0000	 0.0000	 0.0026	 213.0495	 -0.2106	 
m17c41r2.htb	 2.0000	 3.0000	 1.0000	 110.2406	 0.0478	 110.2406	 0.0972	 9.1032	 0.4803	 
m17c41r2.htb	 2.0000	 3.0000	 2.0000	 74.4664	 0.0083	 74.4664	 0.0026	 138.5831	 0.5015	 
m17c38r1.htb	 1.0000	 2.0000	 1.0000	 190.1428	 0.1480	 190.1428	 0.4385	 55.1428	 0.0321	 
m17c38r1.htb	 1.0000	 2.0000	 2.0000	 67.5460	 0.0000	 67.5460	 1.0000	 67.5460	 0.3035	 
m17c40r2.htb	 1.0000	 2.0000	 1.0000	 90.0000	 1.0000	 90.0000	 0.3962	 36.3513	 -0.1466	 
m17c40r2.htb	 1.0000	 2.0000	 2.0000	 0.0000	 0.4501	 0.0000	 0.0166	 166.5681	 0.0719	 
m17c40r2.htb	 1.0000	 3.0000	 1.0000	 90.0000	 1.0000	 90.0000	 0.4161	 255.8720	 -0.0853	 
m17c40r2.htb	 1.0000	 3.0000	 2.0000	 0.0000	 0.4501	 0.0000	 0.0001	 203.8706	 -0.1047	 
m17c40r2.htb	 2.0000	 3.0000	 1.0000	 53.6487	 0.3962	 53.6487	 0.4161	 292.2234	 -0.0152	 
m17c40r2.htb	 2.0000	 3.0000	 2.0000	 166.5681	 0.0166	 166.5681	 0.0001	 37.3025	 0.1359	 
m17c38r1.htb	 1.0000	 2.0000	 1.0000	 193.8631	 0.0553	 193.8631	 0.4356	 58.8631	 0.0119	 
m17c38r1.htb	 1.0000	 2.0000	 2.0000	 65.5470	 0.0000	 65.5470	 1.0000	 65.5470	 0.0391	 
m17c38r1.htb	 1.0000	 3.0000	 1.0000	 193.8631	 0.0553	 193.8631	 0.3012	 23.3469	 0.3753	 
m17c38r1.htb	 1.0000	 3.0000	 2.0000	 65.5470	 0.0000	 65.5470	 0.0000	 5.7221	 0.2779	 
m17c38r1.htb	 1.0000	 4.0000	 1.0000	 193.8631	 0.0553	 193.8631	 0.7710	 4.7115	 0.5563	 
m17c38r1.htb	 1.0000	 4.0000	 2.0000	 65.5470	 0.0000	 65.5470	 0.0000	 1.6233	 0.6240	 
m17c38r1.htb	 2.0000	 3.0000	 1.0000	 135.0000	 0.4356	 135.0000	 0.3012	 82.2099	 0.3273	 
m17c38r1.htb	 2.0000	 3.0000	 2.0000	 0.0000	 1.0000	 0.0000	 0.0000	 59.8249	 -0.3647	 
m17c38r1.htb	 2.0000	 4.0000	 1.0000	 135.0000	 0.4356	 135.0000	 0.7710	 63.5746	 -0.0530	 
m17c38r1.htb	 2.0000	 4.0000	 2.0000	 0.0000	 1.0000	 0.0000	 0.0000	 67.1703	 0.1846	 
m17c38r1.htb	 3.0000	 4.0000	 1.0000	 217.2099	 0.3012	 217.2099	 0.7710	 18.6354	 -0.3294	 
m17c38r1.htb	 3.0000	 4.0000	 2.0000	 59.8249	 0.0000	 59.8249	 0.0000	 7.3454	 -0.1759	 
m17c38r1.htb	 1.0000	 2.0000	 1.0000	 188.7239	 0.1246	 188.7239	 0.4396	 53.7239	 0.0455	 
m17c38r1.htb	 1.0000	 2.0000	 2.0000	 67.7772	 0.0000	 67.7772	 1.0000	 67.7772	 0.2816	 
m17c38r1.htb	 1.0000	 3.0000	 1.0000	 188.7239	 0.1246	 188.7239	 0.0015	 45.1501	 0.2549	 
m17c38r1.htb	 1.0000	 3.0000	 2.0000	 67.7772	 0.0000	 67.7772	 0.0000	 12.4130	 0.0313	 
m17c38r1.htb	 1.0000	 4.0000	 1.0000	 188.7239	 0.1246	 188.7239	 0.0589	 4.4185	 0.7838	 
m17c38r1.htb	 1.0000	 4.0000	 2.0000	 67.7772	 0.0000	 67.7772	 0.0000	 0.6507	 0.7163	 
m17c38r1.htb	 2.0000	 3.0000	 1.0000	 135.0000	 0.4396	 135.0000	 0.0015	 98.8740	 -0.2225	 
m17c38r1.htb	 2.0000	 3.0000	 2.0000	 0.0000	 1.0000	 0.0000	 0.0000	 55.3643	 -0.5192	 
m17c38r1.htb	 2.0000	 4.0000	 1.0000	 135.0000	 0.4396	 135.0000	 0.0589	 49.3055	 0.4921	 
m17c38r1.htb	 2.0000	 4.0000	 2.0000	 0.0000	 1.0000	 0.0000	 0.0000	 68.4280	 0.7486	 
m17c38r1.htb	 3.0000	 4.0000	 1.0000	 233.8740	 0.0015	 233.8740	 0.0589	 49.5686	 0.0825	 
m17c38r1.htb	 3.0000	 4.0000	 2.0000	 55.3643	 0.0000	 55.3643	 0.0000	 13.0637	 -0.2557	 
m17c38r1.htb	 1.0000	 2.0000	 1.0000	 174.2151	 0.0406	 174.2151	 0.4411	 39.2151	 0.0184	 
m17c38r1.htb	 1.0000	 2.0000	 2.0000	 69.0364	 0.0000	 69.0364	 1.0000	 69.0364	 0.3226	 
m17c38r1.htb	 1.0000	 3.0000	 1.0000	 174.2151	 0.0406	 174.2151	 0.0001	 58.9874	 0.2684	 
m17c38r1.htb	 1.0000	 3.0000	 2.0000	 69.0364	 0.0000	 69.0364	 0.0000	 14.3439	 0.1845	 
m17c38r1.htb	 1.0000	 4.0000	 1.0000	 174.2151	 0.0406	 174.2151	 0.0253	 0.6934	 0.8861	 
m17c38r1.htb	 1.0000	 4.0000	 2.0000	 69.0364	 0.0000	 69.0364	 0.0000	 1.3067	 0.8820	 
m17c38r1.htb	 2.0000	 3.0000	 1.0000	 135.0000	 0.4411	 135.0000	 0.0001	 98.2025	 -0.0611	 
m17c38r1.htb	 2.0000	 3.0000	 2.0000	 0.0000	 1.0000	 0.0000	 0.0000	 54.6925	 -0.2180	 
m17c38r1.htb	 2.0000	 4.0000	 1.0000	 135.0000	 0.4411	 135.0000	 0.0253	 38.5217	 0.3794	 
m17c38r1.htb	 2.0000	 4.0000	 2.0000	 0.0000	 1.0000	 0.0000	 0.0000	 70.3431	 0.6612	 
m17c38r1.htb	 3.0000	 4.0000	 1.0000	 233.2025	 0.0001	 233.2025	 0.0253	 59.6808	 0.2483	 
m17c38r1.htb	 3.0000	 4.0000	 2.0000	 54.6925	 0.0000	 54.6925	 0.0000	 15.6506	 0.0692	 
m17c38r1.htb	 1.0000	 2.0000	 1.0000	 193.8631	 0.0553	 193.8631	 0.4356	 58.8631	 0.0119	 
m17c38r1.htb	 1.0000	 2.0000	 2.0000	 65.5470	 0.0000	 65.5470	 1.0000	 65.5470	 0.0391	 
m17c38r1.htb	 1.0000	 3.0000	 1.0000	 193.8631	 0.0553	 193.8631	 0.3012	 23.3469	 0.3753	 
m17c38r1.htb	 1.0000	 3.0000	 2.0000	 65.5470	 0.0000	 65.5470	 0.0000	 5.7221	 0.2779	 
m17c38r1.htb	 1.0000	 4.0000	 1.0000	 193.8631	 0.0553	 193.8631	 0.7710	 4.7115	 0.5563	 
m17c38r1.htb	 1.0000	 4.0000	 2.0000	 65.5470	 0.0000	 65.5470	 0.0000	 1.6233	 0.6240	 
m17c38r1.htb	 2.0000	 3.0000	 1.0000	 135.0000	 0.4356	 135.0000	 0.3012	 82.2099	 0.3273	 
m17c38r1.htb	 2.0000	 3.0000	 2.0000	 0.0000	 1.0000	 0.0000	 0.0000	 59.8249	 -0.3647	 
m17c38r1.htb	 2.0000	 4.0000	 1.0000	 135.0000	 0.4356	 135.0000	 0.7710	 63.5746	 -0.0530	 
m17c38r1.htb	 2.0000	 4.0000	 2.0000	 0.0000	 1.0000	 0.0000	 0.0000	 67.1703	 0.1846	 
m17c38r1.htb	 3.0000	 4.0000	 1.0000	 217.2099	 0.3012	 217.2099	 0.7710	 18.6354	 -0.3294	 
m17c38r1.htb	 3.0000	 4.0000	 2.0000	 59.8249	 0.0000	 59.8249	 0.0000	 7.3454	 -0.1759	 
m17c36r1.htb	 1.0000	 2.0000	 1.0000	 0.8019	 0.4901	 0.8019	 0.0599	 338.5517	 -0.1162	 
m17c36r1.htb	 1.0000	 2.0000	 2.0000	 79.2009	 0.2224	 79.2009	 0.2205	 17.8923	 0.0490	 
m17c37r1.htb	 1.0000	 2.0000	 1.0000	 301.5032	 0.9879	 301.5032	 0.7876	 56.5063	 0.1752	 
m17c37r1.htb	 1.0000	 2.0000	 2.0000	 146.0579	 0.2585	 146.0579	 0.0050	 1.1606	 0.2048	 
m17c38r1.htb	 1.0000	 2.0000	 1.0000	 190.1428	 0.1480	 190.1428	 0.4385	 55.1428	 0.0321	 
m17c38r1.htb	 1.0000	 2.0000	 2.0000	 67.5460	 0.0000	 67.5460	 1.0000	 67.5460	 0.3035	 
m17c38r1.htb	 1.0000	 3.0000	 1.0000	 190.1428	 0.1480	 190.1428	 0.0003	 44.6317	 0.2857	 
m17c38r1.htb	 1.0000	 3.0000	 2.0000	 67.5460	 0.0000	 67.5460	 0.0000	 7.4150	 -0.0451	 
m17c38r1.htb	 1.0000	 4.0000	 1.0000	 190.1428	 0.1480	 190.1428	 0.0903	 4.2455	 0.7677	 
m17c38r1.htb	 1.0000	 4.0000	 2.0000	 67.5460	 0.0000	 67.5460	 0.0000	 0.3405	 0.7014	 
m17c38r1.htb	 2.0000	 3.0000	 1.0000	 135.0000	 0.4385	 135.0000	 0.0003	 99.7744	 -0.3136	 
m17c38r1.htb	 2.0000	 3.0000	 2.0000	 0.0000	 1.0000	 0.0000	 0.0000	 60.1310	 -0.6310	 
m17c38r1.htb	 2.0000	 4.0000	 1.0000	 135.0000	 0.4385	 135.0000	 0.0903	 50.8972	 0.5037	 
m17c38r1.htb	 2.0000	 4.0000	 2.0000	 0.0000	 1.0000	 0.0000	 0.0000	 67.2055	 0.7827	 
m17c38r1.htb	 3.0000	 4.0000	 1.0000	 234.7744	 0.0003	 234.7744	 0.0903	 48.8772	 0.0432	 
m17c38r1.htb	 3.0000	 4.0000	 2.0000	 60.1310	 0.0000	 60.1310	 0.0000	 7.0745	 -0.3862	 
m17c39r1.htb	 1.0000	 2.0000	 1.0000	 140.1212	 0.9847	 140.1212	 0.7993	 86.5768	 0.2879	 
m17c39r1.htb	 1.0000	 2.0000	 2.0000	 345.6077	 0.0182	 345.6077	 0.0720	 179.0147	 0.0004	 
m17c40r1.htb	 1.0000	 2.0000	 1.0000	 1.8485	 0.4450	 1.8485	 0.9644	 311.4200	 0.5956	 
m17c40r1.htb	 1.0000	 2.0000	 2.0000	 86.0717	 0.0034	 86.0717	 0.0049	 148.4031	 0.4585	 
m17c40r2.htb	 1.0000	 2.0000	 1.0000	 90.0000	 1.0000	 90.0000	 0.3962	 36.3513	 -0.1466	 
m17c40r2.htb	 1.0000	 2.0000	 2.0000	 0.0000	 0.4501	 0.0000	 0.0166	 166.5681	 0.0719	 
m17c40r2.htb	 1.0000	 3.0000	 1.0000	 90.0000	 1.0000	 90.0000	 0.4161	 255.8720	 -0.0853	 
m17c40r2.htb	 1.0000	 3.0000	 2.0000	 0.0000	 0.4501	 0.0000	 0.0001	 203.8706	 -0.1047	 
m17c40r2.htb	 2.0000	 3.0000	 1.0000	 53.6487	 0.3962	 53.6487	 0.4161	 292.2234	 -0.0152	 
m17c40r2.htb	 2.0000	 3.0000	 2.0000	 166.5681	 0.0166	 166.5681	 0.0001	 37.3025	 0.1359	 
m17c40r2.htb	 1.0000	 2.0000	 1.0000	 0.0000	 1.0000	 0.0000	 0.8005	 39.4904	 -0.5254	 
m17c40r2.htb	 1.0000	 2.0000	 2.0000	 0.0000	 1.0000	 0.0000	 0.1442	 158.5664	 -0.6518	 
m17c40r2.htb	 1.0000	 3.0000	 1.0000	 0.0000	 1.0000	 0.0000	 0.4349	 1.0718	 0.4920	 
m17c40r2.htb	 1.0000	 3.0000	 2.0000	 0.0000	 1.0000	 0.0000	 0.0418	 202.4287	 -0.0948	 
m17c40r2.htb	 2.0000	 3.0000	 1.0000	 39.4904	 0.8005	 39.4904	 0.4349	 38.4186	 -0.0120	 
m17c40r2.htb	 2.0000	 3.0000	 2.0000	 158.5664	 0.1442	 158.5664	 0.0418	 43.8622	 0.1600	 
m17c40r2.htb	 1.0000	 2.0000	 1.0000	 90.0000	 1.0000	 90.0000	 0.5044	 26.0606	 -0.1356	 
m17c40r2.htb	 1.0000	 2.0000	 2.0000	 0.0000	 0.4954	 0.0000	 0.0018	 179.9084	 -0.6208	 
m17c40r2.htb	 1.0000	 3.0000	 1.0000	 90.0000	 1.0000	 90.0000	 0.2558	 211.6167	 -0.1497	 
m17c40r2.htb	 1.0000	 3.0000	 2.0000	 0.0000	 0.4954	 0.0000	 0.1273	 191.5677	 -0.2886	 
m17c40r2.htb	 2.0000	 3.0000	 1.0000	 63.9394	 0.5044	 63.9394	 0.2558	 237.6773	 -0.1809	 
m17c40r2.htb	 2.0000	 3.0000	 2.0000	 179.9084	 0.0018	 179.9084	 0.1273	 11.6593	 -0.1017	 
m17c41r1.htb	 1.0000	 2.0000	 1.0000	 345.9501	 0.0166	 345.9501	 0.5820	 288.6748	 -0.1167	 
m17c41r1.htb	 1.0000	 2.0000	 2.0000	 1.6399	 0.0001	 1.6399	 0.7335	 102.1851	 -0.1049	 
m17c41r1.htb	 1.0000	 3.0000	 1.0000	 345.9501	 0.0166	 345.9501	 0.2633	 53.0488	 0.3190	 
m17c41r1.htb	 1.0000	 3.0000	 2.0000	 1.6399	 0.0001	 1.6399	 0.0000	 123.5551	 0.0886	 
m17c41r1.htb	 2.0000	 3.0000	 1.0000	 57.2753	 0.5820	 57.2753	 0.2633	 235.6260	 -0.2446	 
m17c41r1.htb	 2.0000	 3.0000	 2.0000	 103.8250	 0.7335	 103.8250	 0.0000	 21.3700	 -0.0786	 
m17c41r2.htb	 1.0000	 2.0000	 1.0000	 0.0000	 1.0000	 0.0000	 0.0478	 110.2406	 0.0474	 
m17c41r2.htb	 1.0000	 2.0000	 2.0000	 0.0000	 1.0000	 0.0000	 0.0083	 74.4664	 -0.0263	 
m17c41r2.htb	 1.0000	 3.0000	 1.0000	 0.0000	 1.0000	 0.0000	 0.0972	 119.3438	 -0.2480	 
m17c41r2.htb	 1.0000	 3.0000	 2.0000	 0.0000	 1.0000	 0.0000	 0.0026	 213.0495	 -0.2106	 
m17c41r2.htb	 2.0000	 3.0000	 1.0000	 110.2406	 0.0478	 110.2406	 0.0972	 9.1032	 0.4803	 
m17c41r2.htb	 2.0000	 3.0000	 2.0000	 74.4664	 0.0083	 74.4664	 0.0026	 138.5831	 0.5015	 
m17c42r1.htb	 1.0000	 2.0000	 1.0000	 204.7623	 0.0000	 204.7623	 0.3362	 174.9737	 0.1546	 
m17c42r1.htb	 1.0000	 2.0000	 2.0000	 186.4924	 0.0000	 186.4924	 0.0000	 28.7786	 -0.0752	 
m17c43r1.htb	 1.0000	 2.0000	 1.0000	 65.7027	 0.1508	 65.7027	 0.0000	 266.0486	 0.0457	 
m17c43r1.htb	 1.0000	 2.0000	 2.0000	 237.6421	 0.0000	 237.6421	 0.0000	 11.4223	 0.0389	 
m17c44r1.htb	 1.0000	 2.0000	 1.0000	 148.6663	 0.0269	 148.6663	 0.0152	 116.2755	 0.0325	 
m17c44r1.htb	 1.0000	 2.0000	 2.0000	 45.4954	 0.0000	 45.4954	 0.0000	 112.4183	 0.1144	 
m17c46r1.htb	 1.0000	 2.0000	 1.0000	 0.0000	 1.0000	 0.0000	 0.0000	 106.9906	 -0.1507	 
m17c46r1.htb	 1.0000	 2.0000	 2.0000	 0.0000	 1.0000	 0.0000	 0.0000	 82.1170	 -0.3474	 
m17c46r1.htb	 1.0000	 3.0000	 1.0000	 0.0000	 1.0000	 0.0000	 0.2496	 159.2047	 0.1786	 
m17c46r1.htb	 1.0000	 3.0000	 2.0000	 0.0000	 1.0000	 0.0000	 0.0000	 352.4530	 -0.1271	 
m17c46r1.htb	 2.0000	 3.0000	 1.0000	 106.9906	 0.0000	 106.9906	 0.2496	 52.2141	 -0.1260	 
m17c46r1.htb	 2.0000	 3.0000	 2.0000	 82.1170	 0.0000	 82.1170	 0.0000	 270.3360	 0.0513	 
m17c47r1.htb	 1.0000	 2.0000	 1.0000	 319.6554	 0.4599	 319.6554	 0.0014	 205.8644	 -0.5681	 
m17c47r1.htb	 1.0000	 2.0000	 2.0000	 212.3987	 0.6604	 212.3987	 0.3180	 30.3129	 -0.3693	 
m17c47r1.htb	 1.0000	 3.0000	 1.0000	 319.6554	 0.4599	 319.6554	 0.3763	 235.3694	 -0.2697	 
m17c47r1.htb	 1.0000	 3.0000	 2.0000	 212.3987	 0.6604	 212.3987	 0.6851	 89.7560	 -0.2576	 
m17c47r1.htb	 2.0000	 3.0000	 1.0000	 113.7910	 0.0014	 113.7910	 0.3763	 29.5050	 0.0850	 
m17c47r1.htb	 2.0000	 3.0000	 2.0000	 242.7116	 0.3180	 242.7116	 0.6851	 120.0688	 0.4218	 
m17c47r1.htb	 1.0000	 2.0000	 1.0000	 328.5287	 0.3085	 328.5287	 0.6492	 214.3544	 -0.3065	 
m17c47r1.htb	 1.0000	 2.0000	 2.0000	 197.7643	 0.6601	 197.7643	 0.8568	 62.2451	 0.3112	 
m17c47r1.htb	 1.0000	 3.0000	 1.0000	 328.5287	 0.3085	 328.5287	 0.8907	 223.9814	 -0.3251	 
m17c47r1.htb	 1.0000	 3.0000	 2.0000	 197.7643	 0.6601	 197.7643	 0.0010	 122.4778	 0.1936	 
m17c47r1.htb	 2.0000	 3.0000	 1.0000	 114.1743	 0.6492	 114.1743	 0.8907	 9.6270	 0.0093	 
m17c47r1.htb	 2.0000	 3.0000	 2.0000	 260.0094	 0.8568	 260.0094	 0.0010	 60.2327	 0.3353	 
m17c48r1.htb	 1.0000	 2.0000	 1.0000	 247.7598	 0.0043	 247.7598	 0.1697	 22.2150	 0.2071	 
m17c48r1.htb	 1.0000	 2.0000	 2.0000	 258.6799	 0.1465	 258.6799	 0.0242	 31.0450	 -0.0227	 
m17c48r1.htb	 1.0000	 3.0000	 1.0000	 247.7598	 0.0043	 247.7598	 1.0000	 247.7598	 0.1407	 
m17c48r1.htb	 1.0000	 3.0000	 2.0000	 258.6799	 0.1465	 258.6799	 0.5266	 55.1798	 0.1188	 
m17c48r1.htb	 2.0000	 3.0000	 1.0000	 225.5448	 0.1697	 225.5448	 1.0000	 225.5448	 0.2701	 
m17c48r1.htb	 2.0000	 3.0000	 2.0000	 227.6350	 0.0242	 227.6350	 0.5266	 24.1349	 0.2733	 
m18c117r2.htb	 1.0000	 2.0000	 1.0000	 183.7712	 0.3202	 183.7712	 0.4945	 15.8594	 0.5792	 
m18c117r2.htb	 1.0000	 2.0000	 2.0000	 166.5944	 0.0000	 166.5944	 0.0000	 13.1983	 0.8004	 
m18c120r1.htb	 1.0000	 2.0000	 1.0000	 135.0000	 0.5417	 135.0000	 0.0610	 107.8101	 -0.1750	 
m18c120r1.htb	 1.0000	 2.0000	 2.0000	 0.0000	 NaN	 0.0000	 0.0000	 183.7611	 0.1467	 
m18c101r1.htb	 1.0000	 2.0000	 1.0000	 124.6522	 0.0034	 124.6522	 0.0001	 208.1075	 0.1096	 
m18c101r1.htb	 1.0000	 2.0000	 2.0000	 100.2917	 0.0000	 100.2917	 0.0000	 93.3642	 -0.1432	 
m17c33r1.htb	 1.0000	 2.0000	 1.0000	 38.1872	 NaN	 38.1872	 NaN	 2.7842	 0.7500	 0.5294	 
m17c33r1.htb	 1.0000	 2.0000	 2.0000	 339.3931	 NaN	 339.3931	 NaN	 167.5129	 0.7143	 0.6604	 
m17c34r1.htb	 1.0000	 2.0000	 1.0000	 354.1904	 0.9569	 354.1904	 0.0868	 130.6431	 0.0469	 -0.1180	 
m17c34r1.htb	 1.0000	 2.0000	 2.0000	 50.3607	 0.0000	 50.3607	 0.0000	 12.9701	 -0.3280	 0.7253	 
m17c35r1.htb	 1.0000	 2.0000	 1.0000	 242.4520	 0.2034	 242.4520	 0.0019	 47.3767	 0.1047	 0.1549	 
m17c35r1.htb	 1.0000	 2.0000	 2.0000	 111.1881	 0.0000	 111.1881	 0.0000	 9.9001	 0.2212	 0.8417	 
m17c36r1.htb	 1.0000	 2.0000	 1.0000	 0.8019	 0.4901	 0.8019	 0.0599	 338.5517	 -0.1162	 0.8078	 
m17c36r1.htb	 1.0000	 2.0000	 2.0000	 79.2009	 0.2224	 79.2009	 0.2205	 17.8923	 0.0490	 -0.0013	 
m17c37r1.htb	 1.0000	 2.0000	 1.0000	 301.5032	 0.9879	 301.5032	 0.7876	 56.5063	 0.1752	 0.3792	 
m17c37r1.htb	 1.0000	 2.0000	 2.0000	 146.0579	 0.2585	 146.0579	 0.0050	 1.1606	 0.2048	 0.6139	 
m17c38r1.htb	 1.0000	 2.0000	 1.0000	 193.8631	 0.0553	 193.8631	 0.4356	 58.8631	 0.0119	 0.4164	 
m17c38r1.htb	 1.0000	 2.0000	 2.0000	 65.5470	 0.0000	 65.5470	 1.0000	 65.5470	 0.0391	 NaN	 
m17c38r1.htb	 1.0000	 3.0000	 1.0000	 193.8631	 0.0553	 193.8631	 0.3012	 23.3469	 0.3753	 0.7232	 
m17c38r1.htb	 1.0000	 3.0000	 2.0000	 65.5470	 0.0000	 65.5470	 0.0000	 5.7221	 0.2779	 0.9894	 
m17c38r1.htb	 1.0000	 4.0000	 1.0000	 193.8631	 0.0553	 193.8631	 0.7710	 4.7115	 0.5563	 0.9439	 
m17c38r1.htb	 1.0000	 4.0000	 2.0000	 65.5470	 0.0000	 65.5470	 0.0000	 1.6233	 0.6240	 0.9965	 
m17c38r1.htb	 2.0000	 3.0000	 1.0000	 135.0000	 0.4356	 135.0000	 0.3012	 82.2099	 0.3273	 -0.0061	 
m17c38r1.htb	 2.0000	 3.0000	 2.0000	 0.0000	 1.0000	 0.0000	 0.0000	 59.8249	 -0.3647	 NaN	 
m17c38r1.htb	 2.0000	 4.0000	 1.0000	 135.0000	 0.4356	 135.0000	 0.7710	 63.5746	 -0.0530	 0.3209	 
m17c38r1.htb	 2.0000	 4.0000	 2.0000	 0.0000	 1.0000	 0.0000	 0.0000	 67.1703	 0.1846	 NaN	 
m17c38r1.htb	 3.0000	 4.0000	 1.0000	 217.2099	 0.3012	 217.2099	 0.7710	 18.6354	 -0.3294	 0.5564	 
m17c38r1.htb	 3.0000	 4.0000	 2.0000	 59.8249	 0.0000	 59.8249	 0.0000	 7.3454	 -0.1759	 0.9883	 
m17c39r1.htb	 1.0000	 2.0000	 1.0000	 140.1212	 0.9847	 140.1212	 0.7993	 86.5768	 0.2879	 0.4538	 
m17c39r1.htb	 1.0000	 2.0000	 2.0000	 345.6077	 0.0182	 345.6077	 0.0720	 179.0147	 0.0004	 -0.4162	 
m17c40r1.htb	 1.0000	 2.0000	 1.0000	 345.8747	 0.9901	 345.8747	 1.0000	 262.2947	 0.6946	 0.3395	 
m17c40r1.htb	 1.0000	 2.0000	 2.0000	 81.7145	 0.0693	 81.7145	 0.0027	 175.0628	 0.2741	 0.0037	 
m17c40r2.htb	 1.0000	 2.0000	 1.0000	 90.0000	 1.0000	 90.0000	 0.3962	 36.3513	 -0.1466	 0.2853	 
m17c40r2.htb	 1.0000	 2.0000	 2.0000	 0.0000	 0.4501	 0.0000	 0.0166	 166.5681	 0.0719	 0.7662	 
m17c40r2.htb	 1.0000	 3.0000	 1.0000	 90.0000	 1.0000	 90.0000	 0.4161	 255.8720	 -0.0853	 -0.5320	 
m17c40r2.htb	 1.0000	 3.0000	 2.0000	 0.0000	 0.4501	 0.0000	 0.0001	 203.8706	 -0.1047	 0.3398	 
m17c40r2.htb	 2.0000	 3.0000	 1.0000	 53.6487	 0.3962	 53.6487	 0.4161	 292.2234	 -0.0152	 -0.0452	 
m17c40r2.htb	 2.0000	 3.0000	 2.0000	 166.5681	 0.0166	 166.5681	 0.0001	 37.3025	 0.1359	 0.4577	 
m17c40r1.htb	 1.0000	 2.0000	 1.0000	 345.8747	 0.9901	 345.8747	 1.0000	 262.2947	 0.6946	 0.3395	 
m17c40r1.htb	 1.0000	 2.0000	 2.0000	 81.7145	 0.0693	 81.7145	 0.0027	 175.0628	 0.2741	 0.0037	 
m17c40r2.htb	 1.0000	 2.0000	 1.0000	 90.0000	 1.0000	 90.0000	 0.3962	 36.3513	 -0.1466	 0.2853	 
m17c40r2.htb	 1.0000	 2.0000	 2.0000	 0.0000	 0.4501	 0.0000	 0.0166	 166.5681	 0.0719	 0.7662	 
m17c40r2.htb	 1.0000	 3.0000	 1.0000	 90.0000	 1.0000	 90.0000	 0.4161	 255.8720	 -0.0853	 -0.5320	 
m17c40r2.htb	 1.0000	 3.0000	 2.0000	 0.0000	 0.4501	 0.0000	 0.0001	 203.8706	 -0.1047	 0.3398	 
m17c40r2.htb	 2.0000	 3.0000	 1.0000	 53.6487	 0.3962	 53.6487	 0.4161	 292.2234	 -0.0152	 -0.0452	 
m17c40r2.htb	 2.0000	 3.0000	 2.0000	 166.5681	 0.0166	 166.5681	 0.0001	 37.3025	 0.1359	 0.4577	 
m17c41r1.htb	 1.0000	 2.0000	 1.0000	 19.6214	 0.0662	 19.6214	 0.6303	 36.6885	 -0.1279	 0.1134	 
m17c41r1.htb	 1.0000	 2.0000	 2.0000	 5.1656	 0.0000	 5.1656	 0.7360	 101.9737	 -0.0147	 0.0703	 
m17c41r1.htb	 1.0000	 3.0000	 1.0000	 19.6214	 0.0662	 19.6214	 0.2922	 275.7314	 0.2625	 -0.2436	 
m17c41r1.htb	 1.0000	 3.0000	 2.0000	 5.1656	 0.0000	 5.1656	 0.0000	 125.2655	 0.0906	 -0.4696	 
m17c41r1.htb	 2.0000	 3.0000	 1.0000	 56.3099	 0.6303	 56.3099	 0.2922	 239.0429	 -0.2003	 -0.3756	 
m17c41r1.htb	 2.0000	 3.0000	 2.0000	 107.1393	 0.7360	 107.1393	 0.0000	 23.2918	 -0.0197	 -0.2364	 
m17c41r2.htb	 1.0000	 2.0000	 1.0000	 22.5000	 0.5396	 22.5000	 0.1977	 115.8860	 -0.0575	 -0.1935	 
m17c41r2.htb	 1.0000	 2.0000	 2.0000	 125.2176	 0.4484	 125.2176	 0.0107	 66.6321	 -0.0355	 0.0003	 
m17c41r2.htb	 1.0000	 3.0000	 1.0000	 22.5000	 0.5396	 22.5000	 0.1346	 115.1596	 -0.1027	 -0.2247	 
m17c41r2.htb	 1.0000	 3.0000	 2.0000	 125.2176	 0.4484	 125.2176	 0.0003	 91.9884	 -0.2141	 0.0736	 
m17c41r2.htb	 2.0000	 3.0000	 1.0000	 138.3860	 0.1977	 138.3860	 0.1346	 0.7264	 0.5550	 0.7715	 
m17c41r2.htb	 2.0000	 3.0000	 2.0000	 58.5855	 0.0107	 58.5855	 0.0003	 158.6205	 0.5227	 -0.4386	 
m17c42r1.htb	 1.0000	 2.0000	 1.0000	 206.4730	 0.0000	 206.4730	 0.1056	 182.4869	 0.2155	 -0.6383	 
m17c42r1.htb	 1.0000	 2.0000	 2.0000	 186.8439	 0.0000	 186.8439	 0.0000	 29.8914	 -0.0689	 0.6050	 
m17c43r1.htb	 1.0000	 2.0000	 1.0000	 65.7027	 0.1508	 65.7027	 0.0000	 266.0486	 0.0457	 -0.0583	 
m17c43r1.htb	 1.0000	 2.0000	 2.0000	 237.6421	 0.0000	 237.6421	 0.0000	 11.4223	 0.0389	 0.4956	 
m17c44r1.htb	 1.0000	 2.0000	 1.0000	 138.3180	 0.0088	 138.3180	 0.0609	 124.1240	 0.0697	 -0.2417	 
m17c44r1.htb	 1.0000	 2.0000	 2.0000	 48.0274	 0.0000	 48.0274	 0.0000	 109.6345	 0.1391	 -0.1972	 
m17c46r1.htb	 1.0000	 2.0000	 1.0000	 0.0000	 1.0000	 0.0000	 0.0000	 106.7056	 0.1346	 NaN	 
m17c46r1.htb	 1.0000	 2.0000	 2.0000	 90.0000	 1.0000	 90.0000	 0.0000	 9.5415	 -0.1353	 0.9797	 
m17c46r1.htb	 1.0000	 3.0000	 1.0000	 0.0000	 1.0000	 0.0000	 0.0439	 185.9415	 0.1432	 NaN	 
m17c46r1.htb	 1.0000	 3.0000	 2.0000	 90.0000	 1.0000	 90.0000	 0.0000	 257.1735	 -0.1974	 0.6534	 
m17c46r1.htb	 2.0000	 3.0000	 1.0000	 106.7056	 0.0000	 106.7056	 0.0439	 79.2359	 0.0319	 0.0021	 
m17c46r1.htb	 2.0000	 3.0000	 2.0000	 80.4585	 0.0000	 80.4585	 0.0000	 266.7150	 0.0218	 0.6531	 
m17c47r1.htb	 1.0000	 2.0000	 1.0000	 25.5068	 0.7715	 25.5068	 0.6506	 88.7314	 -0.2499	 0.1598	 
m17c47r1.htb	 1.0000	 2.0000	 2.0000	 141.8141	 0.5829	 141.8141	 0.8760	 126.9910	 0.3066	 -0.3755	 
m17c47r1.htb	 1.0000	 3.0000	 1.0000	 25.5068	 0.7715	 25.5068	 0.7858	 75.2724	 -0.1295	 -0.3611	 
m17c47r1.htb	 1.0000	 3.0000	 2.0000	 141.8141	 0.5829	 141.8141	 0.0000	 203.6334	 0.0322	 -0.4561	 
m17c47r1.htb	 2.0000	 3.0000	 1.0000	 114.2382	 0.6506	 114.2382	 0.7858	 13.4590	 0.0248	 0.6391	 
m17c47r1.htb	 2.0000	 3.0000	 2.0000	 268.8052	 0.8760	 268.8052	 0.0000	 76.6424	 0.2928	 -0.3868	 
m17c48r1.htb	 1.0000	 2.0000	 1.0000	 226.5805	 0.7606	 226.5805	 0.0725	 4.4764	 -0.1047	 -0.3802	 
m17c48r1.htb	 1.0000	 2.0000	 2.0000	 308.1318	 0.6971	 308.1318	 0.0000	 72.6735	 -0.0981	 -0.0507	 
m17c48r1.htb	 1.0000	 3.0000	 1.0000	 226.5805	 0.7606	 226.5805	 1.0000	 226.5805	 0.1090	 NaN	 
m17c48r1.htb	 1.0000	 3.0000	 2.0000	 308.1318	 0.6971	 308.1318	 0.5213	 96.5463	 -0.0218	 0.3611	 
m17c48r1.htb	 2.0000	 3.0000	 1.0000	 231.0569	 0.0725	 231.0569	 1.0000	 231.0569	 -0.1094	 NaN	 
m17c48r1.htb	 2.0000	 3.0000	 2.0000	 235.4583	 0.0000	 235.4583	 0.5213	 23.8727	 0.0428	 0.0712	 
m18c108r1.htb	 1.0000	 2.0000	 1.0000	 275.9151	 0.7987	 275.9151	 0.1034	 87.0987	 0.4463	 0.0182	 
m18c108r1.htb	 1.0000	 2.0000	 2.0000	 253.4889	 0.7322	 253.4889	 0.0000	 82.4572	 0.4651	 -0.4028	 
